703,7,7,7,1,7,1,3,1,2,0,1.6797
703,7,7,7,2,8,1,2,2,2,1,2.1148
703,7,7,7,3,9,1,1,2,2,1,0.85873
703,7,7,7,4,6,2,1,2,2,1,0.81012
703,7,7,7,5,3,2,3,1,1,1,1.0937
703,7,7,7,6,2,3,2,1,1,1,0.97781
703,7,7,7,7,5,3,1,2,2,1,0.72291
703,7,7,7,8,1,3,3,1,1,1,0.76545
703,7,7,7,9,4,2,2,1,1,1,1.021
703,7,7,7,10,2,3,2,1,1,1,1.7513
703,7,7,7,11,2,3,2,1,1,1,1.8018
703,7,7,7,12,4,2,2,1,1,1,1.5014
703,7,7,7,13,8,1,2,2,2,1,0.83052
703,7,7,7,14,4,2,2,1,1,1,1.5201
703,7,7,7,15,1,3,3,1,1,1,0.84629
703,7,7,7,16,6,2,1,2,2,1,0.79833
703,7,7,7,17,1,3,3,1,1,1,0.78994
703,7,7,7,18,9,1,1,2,2,1,0.80907
703,7,7,7,19,4,2,2,1,1,1,1.0493
703,7,7,7,20,6,2,1,2,2,1,0.754
703,7,7,7,21,5,3,1,2,2,1,1.2408
703,7,7,7,22,4,2,2,1,1,1,1.6674
703,7,7,7,23,6,2,1,2,2,1,0.69966
703,7,7,7,24,5,3,1,2,2,1,0.71268
703,7,7,7,25,3,2,3,1,1,1,1.1791
703,7,7,7,26,9,1,1,2,2,1,0.76274
703,7,7,7,27,3,2,3,1,1,1,0.93279
703,7,7,7,28,8,1,2,2,2,1,0.76446
703,7,7,7,29,8,1,2,2,2,1,0.85488
703,7,7,7,30,8,1,2,2,2,1,1.1426
703,7,7,7,31,3,2,3,1,1,1,1.1648
703,7,7,7,32,2,3,2,1,1,1,0.97011
703,7,7,7,33,2,3,2,1,1,1,1.0625
703,7,7,7,34,1,3,3,1,1,1,0.99582
703,7,7,7,35,9,1,1,2,2,1,0.74077
703,7,7,7,36,3,2,3,1,1,1,0.92004
703,7,7,7,37,8,1,2,2,2,1,1.4359
703,7,7,7,38,1,3,3,1,1,1,0.72312
703,7,7,7,39,9,1,1,2,2,1,0.77486
703,7,7,7,40,2,3,2,1,1,1,0.85415
703,7,7,7,41,3,2,3,1,1,1,1.3163
703,7,7,7,42,7,1,3,2,2,1,0.73759
703,7,7,7,43,6,2,1,2,2,1,0.79527
703,7,7,7,44,7,1,3,2,2,1,0.87868
703,7,7,7,45,1,3,3,1,1,1,0.67076
703,7,7,7,46,5,3,1,2,2,1,1.0918
703,7,7,7,47,7,1,3,2,2,1,0.74803
703,7,7,7,48,6,2,1,2,2,1,0.83396
703,7,7,7,49,7,1,3,2,2,1,1.0013
703,7,7,7,50,7,1,3,2,2,1,0.6857
703,7,7,7,51,4,2,2,1,1,1,1.3404
703,7,7,7,52,9,1,1,2,2,1,0.79625
703,7,7,7,53,5,3,1,2,2,1,1.0212
703,7,7,7,54,5,3,1,2,2,1,1.5671
703,7,7,7,1,2,3,2,1,1,1,1.2091
703,7,7,7,2,1,3,3,1,1,1,0.86242
703,7,7,7,3,1,3,3,1,1,1,0.75716
703,7,7,7,4,4,2,2,1,1,1,0.89632
703,7,7,7,5,9,1,1,2,2,1,0.66466
703,7,7,7,6,9,1,1,2,2,1,0.67052
703,7,7,7,7,3,2,3,1,1,1,0.73646
703,7,7,7,8,8,1,2,2,2,1,0.66233
703,7,7,7,9,4,2,2,1,1,1,1.2998
703,7,7,7,10,5,3,1,2,2,1,0.75082
703,7,7,7,11,1,3,3,1,1,1,0.73196
703,7,7,7,12,9,1,1,2,2,1,0.72491
703,7,7,7,13,4,2,2,1,1,1,1.0166
703,7,7,7,14,7,1,3,2,2,1,0.70233
703,7,7,7,15,2,3,2,1,1,1,1.1535
703,7,7,7,16,2,3,2,1,1,1,1.0009
703,7,7,7,17,6,2,1,2,2,1,0.67643
703,7,7,7,18,9,1,1,2,2,1,0.68939
703,7,7,7,19,2,3,2,1,1,1,1.0304
703,7,7,7,20,1,3,3,1,1,1,0.7368
703,7,7,7,21,4,2,2,1,1,1,1.715
703,7,7,7,22,8,1,2,2,2,1,0.81624
703,7,7,7,23,8,1,2,2,2,1,0.82034
703,7,7,7,24,6,2,1,2,2,1,0.70801
703,7,7,7,25,9,1,1,2,2,1,0.82517
703,7,7,7,26,8,1,2,2,2,1,0.63631
703,7,7,7,27,3,2,3,1,1,1,1.6059
703,7,7,7,28,6,2,1,2,2,1,0.73125
703,7,7,7,29,3,2,3,1,1,1,0.80176
703,7,7,7,30,2,3,2,1,1,1,1.2798
703,7,7,7,31,7,1,3,2,2,1,1.0189
703,7,7,7,32,6,2,1,2,2,1,0.8169
703,7,7,7,33,7,1,3,2,2,1,0.92295
703,7,7,7,34,7,1,3,2,2,1,0.86893
703,7,7,7,35,6,2,1,2,2,1,0.85484
703,7,7,7,36,3,2,3,1,1,1,1.5208
703,7,7,7,37,4,2,2,1,1,1,1.0606
703,7,7,7,38,5,3,1,2,2,1,0.79644
703,7,7,7,39,7,1,3,2,2,1,0.73449
703,7,7,7,40,5,3,1,2,2,1,0.70002
703,7,7,7,41,1,3,3,1,1,1,0.81938
703,7,7,7,42,8,1,2,2,2,1,1.0344
703,7,7,7,43,5,3,1,2,2,1,0.92525
703,7,7,7,44,5,3,1,2,2,1,0.6177
703,7,7,7,45,3,2,3,1,1,1,1.1692
703,7,7,7,1,3,2,3,1,1,1,1.0783
703,7,7,7,2,3,2,3,1,1,1,1.6782
703,7,7,7,3,1,3,3,1,1,1,0.88897
703,7,7,7,4,5,3,1,2,2,1,0.81615
703,7,7,7,5,4,2,2,1,1,1,1.3811
703,7,7,7,6,9,1,1,2,2,1,1.1434
703,7,7,7,7,9,1,1,2,2,1,0.90189
703,7,7,7,8,9,1,1,2,2,1,0.86188
703,7,7,7,9,7,1,3,2,2,1,1.0702
703,7,7,7,10,6,2,1,2,2,1,0.95876
703,7,7,7,11,2,3,2,1,1,1,1.3681
703,7,7,7,12,7,1,3,2,2,1,0.83612
703,7,7,7,13,4,2,2,1,1,1,1.2707
703,7,7,7,14,8,1,2,2,2,1,0.87139
703,7,7,7,15,1,3,3,1,1,1,0.97715
703,7,7,7,16,4,2,2,1,1,1,1.5405
703,7,7,7,17,7,1,3,2,2,1,0.73844
703,7,7,7,18,2,3,2,1,1,1,1.048
703,7,7,7,19,1,3,3,1,1,1,0.82708
703,7,7,7,20,2,3,2,1,1,1,1.0478
703,7,7,7,21,6,2,1,2,2,1,0.97995
703,7,7,7,22,3,2,3,1,1,1,0.89041
703,7,7,7,23,8,1,2,2,2,1,0.85844
703,7,7,7,24,4,2,2,1,1,1,1.0707
703,7,7,7,25,2,3,2,1,1,1,0.83078
703,7,7,7,26,3,2,3,1,1,1,1.1828
703,7,7,7,27,7,1,3,2,2,1,0.80038
703,7,7,7,28,1,3,3,1,1,1,0.74305
703,7,7,7,29,6,2,1,2,2,1,0.8888
703,7,7,7,30,7,1,3,2,2,1,0.83201
703,7,7,7,31,2,3,2,1,1,1,1.0219
703,7,7,7,32,8,1,2,2,2,1,0.98739
703,7,7,7,33,5,3,1,2,2,1,0.98471
703,7,7,7,34,6,2,1,2,2,1,0.85052
703,7,7,7,35,8,1,2,2,2,1,1.2082
703,7,7,7,36,9,1,1,2,2,1,0.95891
703,7,7,7,37,4,2,2,1,1,1,1.4199
703,7,7,7,38,3,2,3,1,1,1,1.1931
703,7,7,7,39,5,3,1,2,2,1,0.82417
703,7,7,7,40,5,3,1,2,2,1,1.0787
703,7,7,7,41,6,2,1,2,2,1,0.95449
703,7,7,7,42,8,1,2,2,2,1,1.5068
703,7,7,7,43,1,3,3,1,1,1,0.70534
703,7,7,7,44,5,3,1,2,2,1,1.0095
703,7,7,7,45,9,1,1,2,2,1,1.0307
703,7,7,7,1,4,2,2,1,1,1,1.6931
703,7,7,7,2,6,2,1,2,2,1,0.74881
703,7,7,7,3,6,2,1,2,2,1,0.70157
703,7,7,7,4,7,1,3,2,2,1,1.1637
703,7,7,7,5,4,2,2,1,1,1,1.483
703,7,7,7,6,2,3,2,1,1,1,1.326
703,7,7,7,7,4,2,2,1,1,1,0.93519
703,7,7,7,8,9,1,1,2,2,1,0.77972
703,7,7,7,9,5,3,1,2,2,1,0.95056
703,7,7,7,10,5,3,1,2,2,1,0.85885
703,7,7,7,11,2,3,2,1,1,1,0.94804
703,7,7,7,12,5,3,1,2,2,1,1.2223
703,7,7,7,13,2,3,2,1,1,1,1.2526
703,7,7,7,14,2,3,2,1,1,1,0.923
703,7,7,7,15,8,1,2,2,2,1,0.98121
703,7,7,7,16,2,3,2,1,1,1,1.0778
703,7,7,7,17,1,3,3,1,1,1,0.94854
703,7,7,7,18,3,2,3,1,1,1,0.74251
703,7,7,7,19,6,2,1,2,2,1,0.92058
703,7,7,7,20,3,2,3,1,1,1,1.0559
703,7,7,7,21,4,2,2,1,1,1,2.2126
703,7,7,7,22,7,1,3,2,2,1,0.82212
703,7,7,7,23,6,2,1,2,2,1,0.88924
703,7,7,7,24,7,1,3,2,2,1,0.7121
703,7,7,7,25,5,3,1,2,2,1,0.77099
703,7,7,7,26,9,1,1,2,2,1,0.82781
703,7,7,7,27,5,3,1,2,2,1,1.0915
703,7,7,7,28,9,1,1,2,2,1,0.70667
703,7,7,7,29,9,1,1,2,2,1,0.71501
703,7,7,7,30,1,3,3,1,1,1,0.752
703,7,7,7,31,7,1,3,2,2,1,0.93846
703,7,7,7,32,8,1,2,2,2,1,0.83839
703,7,7,7,33,1,3,3,1,1,1,0.69965
703,7,7,7,34,8,1,2,2,2,1,0.83735
703,7,7,7,35,1,3,3,1,1,1,1.0822
703,7,7,7,36,9,1,1,2,2,1,0.9403
703,7,7,7,37,8,1,2,2,2,1,0.96936
703,7,7,7,38,6,2,1,2,2,1,1.0714
703,7,7,7,39,3,2,3,1,1,1,0.74218
703,7,7,7,40,3,2,3,1,1,1,0.96596
703,7,7,7,41,7,1,3,2,2,1,0.78153
703,7,7,7,42,1,3,3,1,1,1,0.77994
703,7,7,7,43,3,2,3,1,1,1,0.92119
703,7,7,7,44,8,1,2,2,2,1,1.1745
703,7,7,7,45,4,2,2,1,1,1,1.637
703,7,7,7,1,1,3,3,1,1,1,1.1422
703,7,7,7,2,6,2,1,2,2,1,0.86541
703,7,7,7,3,3,2,3,1,1,1,0.82627
703,7,7,7,4,5,3,1,2,2,1,0.88294
703,7,7,7,5,2,3,2,1,1,1,1.2444
703,7,7,7,6,6,2,1,2,2,1,0.8095
703,7,7,7,7,4,2,2,1,1,1,1.0715
703,7,7,7,8,4,2,2,1,1,1,0.92526
703,7,7,7,9,3,2,3,1,1,1,1.0908
703,7,7,7,10,6,2,1,2,2,1,0.80123
703,7,7,7,11,1,3,3,1,1,1,0.82653
703,7,7,7,12,7,1,3,2,2,1,0.82605
703,7,7,7,13,8,1,2,2,2,1,0.77125
703,7,7,7,14,6,2,1,2,2,1,0.82413
703,7,7,7,15,5,3,1,2,2,1,0.7842
703,7,7,7,16,8,1,2,2,2,1,1.1103
703,7,7,7,17,1,3,3,1,1,1,0.77955
703,7,7,7,18,9,1,1,2,2,1,0.65965
703,7,7,7,19,3,2,3,1,1,1,0.81113
703,7,7,7,20,1,3,3,1,1,1,0.73965
703,7,7,7,21,4,2,2,1,1,1,1.0593
703,7,7,7,22,9,1,1,2,2,1,0.75302
703,7,7,7,23,1,3,3,1,1,1,0.85101
703,7,7,7,24,3,2,3,1,1,1,1.0853
703,7,7,7,25,8,1,2,2,2,1,1.432
703,7,7,7,26,2,3,2,1,1,1,1.2878
703,7,7,7,27,8,1,2,2,2,1,0.88831
703,7,7,7,28,4,2,2,1,1,1,0.96865
703,7,7,7,29,7,1,3,2,2,1,0.787
703,7,7,7,30,6,2,1,2,2,1,0.80199
703,7,7,7,31,8,1,2,2,2,1,1.0086
703,7,7,7,32,2,3,2,1,1,1,0.91427
703,7,7,7,33,9,1,1,2,2,1,0.71374
703,7,7,7,34,9,1,1,2,2,1,0.72955
703,7,7,7,35,5,3,1,2,2,1,1.0622
703,7,7,7,36,7,1,3,2,2,1,0.86638
703,7,7,7,37,2,3,2,1,1,1,1.0695
703,7,7,7,38,3,2,3,1,1,1,0.99749
703,7,7,7,39,4,2,2,1,1,1,0.96944
703,7,7,7,40,7,1,3,2,2,1,0.81601
703,7,7,7,41,5,3,1,2,2,1,1.4539
703,7,7,7,42,9,1,1,2,2,1,0.87152
703,7,7,7,43,7,1,3,2,2,1,0.92074
703,7,7,7,44,2,3,2,1,1,1,0.97968
703,7,7,7,45,5,3,1,2,2,1,0.87811
703,7,7,7,1,4,2,2,1,1,1,1.0528
703,7,7,7,2,8,1,2,2,2,1,0.96033
703,7,7,7,3,3,2,3,1,1,1,0.93147
703,7,7,7,4,1,3,3,1,1,1,0.85669
703,7,7,7,5,5,3,1,2,2,1,0.87449
703,7,7,7,6,2,3,2,1,1,1,0.87608
703,7,7,7,7,8,1,2,2,2,1,0.94052
703,7,7,7,8,9,1,1,2,2,1,0.79976
703,7,7,7,9,6,2,1,2,2,1,0.94165
703,7,7,7,10,3,2,3,1,1,1,0.6947
703,7,7,7,11,8,1,2,2,2,1,0.82031
703,7,7,7,12,4,2,2,1,1,1,0.93943
703,7,7,7,13,1,3,3,1,1,1,0.79173
703,7,7,7,14,7,1,3,2,2,1,0.88027
703,7,7,7,15,6,2,1,2,2,1,1.2053
703,7,7,7,16,9,1,1,2,2,1,0.82256
703,7,7,7,17,4,2,2,1,1,1,1.0659
703,7,7,7,18,1,3,3,1,1,1,0.78715
703,7,7,7,19,4,2,2,1,1,1,1.2225
703,7,7,7,20,7,1,3,2,2,1,1.0982
703,7,7,7,21,3,2,3,1,1,1,1.3967
703,7,7,7,22,4,2,2,1,1,1,1.0523
703,7,7,7,23,5,3,1,2,2,1,0.91634
703,7,7,7,24,2,3,2,1,1,1,1.3562
703,7,7,7,25,5,3,1,2,2,1,0.79181
703,7,7,7,26,2,3,2,1,1,1,1.1526
703,7,7,7,27,6,2,1,2,2,1,0.81139
703,7,7,7,28,2,3,2,1,1,1,0.88775
703,7,7,7,29,1,3,3,1,1,1,0.72472
703,7,7,7,30,7,1,3,2,2,1,0.69803
703,7,7,7,31,3,2,3,1,1,1,0.69012
703,7,7,7,32,5,3,1,2,2,1,0.72499
703,7,7,7,33,2,3,2,1,1,1,0.89734
703,7,7,7,34,8,1,2,2,2,1,0.8274
703,7,7,7,35,1,3,3,1,1,1,0.58562
703,7,7,7,36,5,3,1,2,2,1,0.86498
703,7,7,7,37,7,1,3,2,2,1,0.79955
703,7,7,7,38,9,1,1,2,2,1,0.69266
703,7,7,7,39,9,1,1,2,2,1,0.68036
703,7,7,7,40,3,2,3,1,1,1,0.85963
703,7,7,7,41,6,2,1,2,2,1,0.87137
703,7,7,7,42,7,1,3,2,2,1,1.2796
703,7,7,7,43,6,2,1,2,2,1,0.69561
703,7,7,7,44,8,1,2,2,2,1,1.1421
703,7,7,7,45,9,1,1,2,2,1,0.72128
703,7,7,7,1,7,1,3,2,2,1,1.2954
703,7,7,7,2,4,2,2,1,1,1,1.2503
703,7,7,7,3,7,1,3,2,2,1,0.80299
703,7,7,7,4,9,1,1,2,2,1,0.71936
703,7,7,7,5,6,2,1,2,2,1,1.1056
703,7,7,7,6,6,2,1,2,2,1,0.76443
703,7,7,7,7,7,1,3,2,2,1,1.226
703,7,7,7,8,4,2,2,1,1,1,0.90798
703,7,7,7,9,9,1,1,2,2,1,0.73107
703,7,7,7,10,1,3,3,1,1,1,0.67936
703,7,7,7,11,8,1,2,2,2,1,0.83248
703,7,7,7,12,4,2,2,1,1,1,1.0655
703,7,7,7,13,7,1,3,2,2,1,0.73524
703,7,7,7,14,1,3,3,1,1,1,0.76164
703,7,7,7,15,2,3,2,1,1,1,0.82264
703,7,7,7,16,8,1,2,2,2,1,0.70662
703,7,7,7,17,3,2,3,1,1,1,0.8588
703,7,7,7,18,9,1,1,2,2,1,0.77074
703,7,7,7,19,6,2,1,2,2,1,1.0541
703,7,7,7,20,3,2,3,1,1,1,0.69352
703,7,7,7,21,8,1,2,2,2,1,1.0956
703,7,7,7,22,5,3,1,2,2,1,1.5229
703,7,7,7,23,6,2,1,2,2,1,0.92939
703,7,7,7,24,1,3,3,1,1,1,0.71566
703,7,7,7,25,2,3,2,1,1,1,1.0414
703,7,7,7,26,2,3,2,1,1,1,0.83703
703,7,7,7,27,7,1,3,2,2,1,0.72176
703,7,7,7,28,1,3,3,1,1,1,0.86303
703,7,7,7,29,2,3,2,1,1,1,1.2712
703,7,7,7,30,3,2,3,1,1,1,0.63531
703,7,7,7,31,4,2,2,1,1,1,1.0322
703,7,7,7,32,9,1,1,2,2,1,0.72411
703,7,7,7,33,9,1,1,2,2,1,0.88056
703,7,7,7,34,8,1,2,2,2,1,0.74653
703,7,7,7,35,4,2,2,1,1,1,0.71876
703,7,7,7,36,5,3,1,2,2,1,0.81941
703,7,7,7,37,5,3,1,2,2,1,0.74
703,7,7,7,38,1,3,3,1,1,1,0.666
703,7,7,7,39,3,2,3,1,1,1,0.99523
703,7,7,7,40,2,3,2,1,1,1,1.0554
703,7,7,7,41,3,2,3,1,1,1,1.1927
703,7,7,7,42,5,3,1,2,2,1,0.85654
703,7,7,7,43,6,2,1,2,2,1,0.73179
703,7,7,7,44,8,1,2,2,2,1,0.65433
703,7,7,7,45,5,3,1,2,2,1,0.80412
703,7,7,7,1,4,2,2,1,1,1,1.3565
703,7,7,7,2,1,3,3,1,1,1,1.0003
703,7,7,7,3,8,1,2,2,2,1,0.75815
703,7,7,7,4,6,2,1,2,2,1,0.75997
703,7,7,7,5,2,3,2,1,1,1,0.82926
703,7,7,7,6,6,2,1,1,2,0,1.4123
703,7,7,7,7,3,2,3,1,1,1,0.94262
703,7,7,7,8,9,1,1,2,2,1,0.72658
703,7,7,7,9,4,2,2,1,1,1,1.2122
703,7,7,7,10,4,2,2,1,1,1,0.86153
703,7,7,7,11,6,2,1,2,2,1,0.68988
703,7,7,7,12,2,3,2,1,1,1,0.81167
703,7,7,7,13,1,3,3,1,1,1,0.71467
703,7,7,7,14,9,1,1,2,2,1,0.7728
703,7,7,7,15,1,3,3,1,1,1,0.61269
703,7,7,7,16,8,1,2,2,2,1,0.77766
703,7,7,7,17,3,2,3,1,1,1,0.96883
703,7,7,7,18,2,3,2,1,1,1,1.0189
703,7,7,7,19,2,3,2,1,1,1,0.91303
703,7,7,7,20,8,1,2,2,2,1,0.79823
703,7,7,7,21,8,1,2,2,2,1,1.1903
703,7,7,7,22,9,1,1,2,2,1,0.6718
703,7,7,7,23,5,3,1,2,2,1,0.89895
703,7,7,7,24,7,1,3,2,2,1,0.91503
703,7,7,7,25,9,1,1,2,2,1,0.7194
703,7,7,7,26,1,3,3,1,1,1,0.79202
703,7,7,7,27,8,1,2,2,2,1,0.67879
703,7,7,7,28,7,1,3,2,2,1,0.96834
703,7,7,7,29,6,2,1,2,2,1,0.9832
703,7,7,7,30,4,2,2,1,1,1,0.97179
703,7,7,7,31,1,3,3,1,1,1,0.71111
703,7,7,7,32,5,3,1,2,2,1,0.78122
703,7,7,7,33,7,1,3,2,2,1,0.87826
703,7,7,7,34,7,1,3,2,2,1,0.69453
703,7,7,7,35,5,3,1,2,2,1,0.8949
703,7,7,7,36,2,3,2,1,1,1,0.79823
703,7,7,7,37,5,3,1,2,2,1,0.68149
703,7,7,7,38,3,2,3,1,1,1,1.3775
703,7,7,7,39,7,1,3,2,2,1,1.0912
703,7,7,7,40,5,3,1,2,2,1,0.74048
703,7,7,7,41,6,2,1,2,2,1,0.81783
703,7,7,7,42,3,2,3,1,1,1,0.90144
703,7,7,7,43,3,2,3,1,1,1,0.89211
703,7,7,7,44,4,2,2,1,1,1,1.1432
703,7,7,7,45,9,1,1,2,2,1,0.71068
703,7,7,7,1,1,3,3,1,1,1,0.93637
703,7,7,7,2,3,2,3,1,1,1,0.75514
703,7,7,7,3,2,3,2,1,1,1,1.17
703,7,7,7,4,5,3,1,2,2,1,0.88039
703,7,7,7,5,7,1,3,2,2,1,1.2556
703,7,7,7,6,9,1,1,2,2,1,0.79019
703,7,7,7,7,2,3,2,1,1,1,1.0894
703,7,7,7,8,2,3,2,1,1,1,0.99603
703,7,7,7,9,1,3,3,1,1,1,0.76407
703,7,7,7,10,5,3,1,2,2,1,0.73896
703,7,7,7,11,8,1,2,2,2,1,0.85396
703,7,7,7,12,8,1,2,2,2,1,0.94108
703,7,7,7,13,9,1,1,2,2,1,0.81404
703,7,7,7,14,2,3,2,1,1,1,1.1384
703,7,7,7,15,6,2,1,2,2,1,0.80275
703,7,7,7,16,6,2,1,2,2,1,0.89625
703,7,7,7,17,5,3,1,2,2,1,0.90796
703,7,7,7,18,9,1,1,2,2,1,0.86623
703,7,7,7,19,9,1,1,2,2,1,0.68992
703,7,7,7,20,6,2,1,2,2,1,0.89181
703,7,7,7,21,8,1,2,2,2,1,0.70636
703,7,7,7,22,3,2,3,1,1,1,1.1229
703,7,7,7,23,3,2,3,1,1,1,0.70376
703,7,7,7,24,7,1,3,2,2,1,0.97547
703,7,7,7,25,6,2,1,2,2,1,0.80995
703,7,7,7,26,5,3,1,2,2,1,0.88549
703,7,7,7,27,1,3,3,1,1,1,0.91981
703,7,7,7,28,5,3,1,2,2,1,0.76949
703,7,7,7,29,1,3,3,1,1,1,0.73629
703,7,7,7,30,4,2,2,1,1,1,0.9967
703,7,7,7,31,4,2,2,1,1,1,1.0145
703,7,7,7,32,7,1,3,2,2,1,0.79927
703,7,7,7,33,2,3,2,1,1,1,0.9854
703,7,7,7,34,8,1,2,2,2,1,0.8149
703,7,7,7,35,7,1,3,2,2,1,0.8354
703,7,7,7,36,4,2,2,1,1,1,1.0149
703,7,7,7,37,7,1,3,2,2,1,0.93083
703,7,7,7,38,6,2,1,2,2,1,0.90563
703,7,7,7,39,9,1,1,2,2,1,0.83259
703,7,7,7,40,8,1,2,2,2,1,1.1498
703,7,7,7,41,4,2,2,1,1,1,1.3622
703,7,7,7,42,4,2,2,1,1,1,1.0576
703,7,7,7,43,3,2,3,1,1,1,1.1937
703,7,7,7,44,1,3,3,1,1,1,0.83614
703,7,7,7,45,3,2,3,1,1,1,1.0338
703,7,7,7,1,7,1,3,2,2,1,1.25
703,7,7,7,2,5,3,1,2,2,1,0.92039
703,7,7,7,3,6,2,1,2,2,1,0.84375
703,7,7,7,4,3,2,3,1,1,1,0.90217
703,7,7,7,5,7,1,3,2,2,1,1.2636
703,7,7,7,6,6,2,1,2,2,1,0.57092
703,7,7,7,7,4,2,2,1,1,1,0.83333
703,7,7,7,8,1,3,3,1,1,1,0.67657
703,7,7,7,9,3,2,3,1,1,1,0.68023
703,7,7,7,10,1,3,3,1,1,1,0.66127
703,7,7,7,11,6,2,1,2,2,1,0.76344
703,7,7,7,12,5,3,1,2,2,1,0.9226
703,7,7,7,13,4,2,2,1,1,1,0.8756
703,7,7,7,14,4,2,2,1,1,1,0.74689
703,7,7,7,15,5,3,1,2,2,1,0.71654
703,7,7,7,16,8,1,2,2,2,1,0.75832
703,7,7,7,17,5,3,1,2,2,1,1.5349
703,7,7,7,18,8,1,2,2,2,1,0.86644
703,7,7,7,19,8,1,2,2,2,1,1.5045
703,7,7,7,20,7,1,3,2,2,1,0.9011
703,7,7,7,21,2,3,2,1,1,1,1.0131
703,7,7,7,22,2,3,2,1,1,1,1.6647
703,7,7,7,23,7,1,3,2,2,1,1.3619
703,7,7,7,24,1,3,3,1,1,1,0.94255
703,7,7,7,25,2,3,2,1,1,1,1.0085
703,7,7,7,26,9,1,1,2,2,1,0.94449
703,7,7,7,27,4,2,2,1,1,1,1.4699
703,7,7,7,28,7,1,3,2,2,1,0.81743
703,7,7,7,29,4,2,2,1,1,1,0.96035
703,7,7,7,30,3,2,3,1,1,1,0.86005
703,7,7,7,31,8,1,2,2,2,1,0.76804
703,7,7,7,32,2,3,2,1,1,1,1.1087
703,7,7,7,33,2,3,2,1,1,1,0.87452
703,7,7,7,34,6,2,1,2,2,1,0.81797
703,7,7,7,35,3,2,3,1,1,1,0.98914
703,7,7,7,36,9,1,1,2,2,1,0.66069
703,7,7,7,37,9,1,1,2,2,1,0.90823
703,7,7,7,38,1,3,3,1,1,1,0.77603
703,7,7,7,39,5,3,1,2,2,1,0.75319
703,7,7,7,40,8,1,2,2,2,1,1.2218
703,7,7,7,41,9,1,1,2,2,1,0.69413
703,7,7,7,42,6,2,1,2,2,1,0.81174
703,7,7,7,43,3,2,3,1,1,1,0.8646
703,7,7,7,44,9,1,1,2,2,1,1.2446
703,7,7,7,45,1,3,3,1,1,1,0.72256
