702,7,7,1,1,3,2,3,1,1,1,3.2366
702,7,7,1,2,9,1,1,2,2,1,2.3064
702,7,7,1,3,6,2,1,1,2,0,2.0624
702,7,7,1,4,5,3,1,1,2,0,4.4796
702,7,7,1,5,8,1,2,1,2,0,3.3002
702,7,7,1,6,1,3,3,2,1,0,2.3013
702,7,7,1,7,7,1,3,NaN,2,9,NaN
702,7,7,1,8,2,3,2,1,1,1,2.8852
702,7,7,1,9,4,2,2,2,1,0,3.0778
702,7,7,1,10,3,2,3,1,1,1,1.4505
702,7,7,1,11,6,2,1,2,2,1,3.6697
702,7,7,1,12,5,3,1,2,2,1,1.6915
702,7,7,1,13,4,2,2,2,1,0,0.9384
702,7,7,1,14,9,1,1,NaN,2,9,NaN
702,7,7,1,15,5,3,1,1,2,0,0.67416
702,7,7,1,16,7,1,3,2,2,1,1.5522
702,7,7,1,17,4,2,2,1,1,1,1.571
702,7,7,1,18,6,2,1,1,2,0,1.9958
702,7,7,1,19,3,2,3,1,1,1,1.2167
702,7,7,1,20,9,1,1,2,2,1,0.8622
702,7,7,1,21,7,1,3,1,2,0,0.83858
702,7,7,1,22,6,2,1,2,2,1,1.5219
702,7,7,1,23,7,1,3,1,2,0,1.6384
702,7,7,1,24,9,1,1,2,2,1,0.84113
702,7,7,1,25,3,2,3,1,1,1,1.6743
702,7,7,1,26,2,3,2,2,1,0,1.2267
702,7,7,1,27,6,2,1,1,2,0,1.6044
702,7,7,1,28,6,2,1,2,2,1,1.9012
702,7,7,1,29,2,3,2,1,1,1,1.5314
702,7,7,1,30,9,1,1,2,2,1,0.91013
702,7,7,1,31,2,3,2,2,1,0,1.7567
702,7,7,1,32,1,3,3,1,1,1,1.2818
702,7,7,1,33,8,1,2,2,2,1,1.4923
702,7,7,1,34,8,1,2,1,2,0,1.2618
702,7,7,1,35,7,1,3,2,2,1,0.72259
702,7,7,1,36,8,1,2,2,2,1,1.0423
702,7,7,1,37,5,3,1,1,2,0,0.80035
702,7,7,1,38,9,1,1,1,2,0,2.6439
702,7,7,1,39,8,1,2,2,2,1,0.67138
702,7,7,1,40,5,3,1,1,2,0,1.272
702,7,7,1,41,2,3,2,1,1,1,1.5957
702,7,7,1,42,4,2,2,1,1,1,1.1496
702,7,7,1,43,5,3,1,2,2,1,0.91802
702,7,7,1,44,3,2,3,1,1,1,0.98303
702,7,7,1,45,8,1,2,2,2,1,0.57454
702,7,7,1,46,4,2,2,1,1,1,0.87148
702,7,7,1,47,1,3,3,2,1,0,1.1949
702,7,7,1,48,3,2,3,2,1,0,0.97218
702,7,7,1,49,7,1,3,1,2,0,1.1232
702,7,7,1,50,2,3,2,1,1,1,2.9832
702,7,7,1,51,1,3,3,2,1,0,1.504
702,7,7,1,52,4,2,2,1,1,1,2.5859
702,7,7,1,53,1,3,3,2,1,0,2.5673
702,7,7,1,54,1,3,3,2,1,0,1.6191
702,7,7,1,1,9,1,1,2,2,1,1.2717
702,7,7,1,2,4,2,2,2,1,0,0.8773
702,7,7,1,3,1,3,3,1,1,1,1.086
702,7,7,1,4,8,1,2,2,2,1,1.3197
702,7,7,1,5,2,3,2,2,1,0,1.8955
702,7,7,1,6,3,2,3,1,1,1,1.3994
702,7,7,1,7,9,1,1,1,2,0,1.9164
702,7,7,1,8,5,3,1,2,2,1,2.2395
702,7,7,1,9,6,2,1,2,2,1,1.2225
702,7,7,1,10,8,1,2,1,2,0,1.5019
702,7,7,1,11,8,1,2,1,2,0,2.2017
702,7,7,1,12,5,3,1,2,2,1,0.80587
702,7,7,1,13,2,3,2,2,1,0,1.9187
702,7,7,1,14,2,3,2,2,1,0,2.2356
702,7,7,1,15,5,3,1,1,2,0,2.2946
702,7,7,1,16,2,3,2,2,1,0,0.60566
702,7,7,1,17,9,1,1,2,2,1,1.7532
702,7,7,1,18,2,3,2,1,1,1,0.93602
702,7,7,1,19,4,2,2,2,1,0,0.57027
702,7,7,1,20,7,1,3,2,2,1,1.1885
702,7,7,1,21,6,2,1,1,2,0,0.87861
702,7,7,1,22,6,2,1,2,2,1,1.3063
702,7,7,1,23,8,1,2,1,2,0,1.9679
702,7,7,1,24,1,3,3,1,1,1,0.7837
702,7,7,1,25,6,2,1,2,2,1,0.81407
702,7,7,1,26,7,1,3,1,2,0,0.84826
702,7,7,1,27,9,1,1,1,2,0,0.82651
702,7,7,1,28,7,1,3,1,2,0,1.7513
702,7,7,1,29,7,1,3,2,2,1,0.80597
702,7,7,1,30,6,2,1,2,2,1,0.7467
702,7,7,1,31,7,1,3,2,2,1,1.3572
702,7,7,1,32,9,1,1,2,2,1,0.97185
702,7,7,1,33,5,3,1,2,2,1,0.70253
702,7,7,1,34,4,2,2,2,1,0,0.64691
702,7,7,1,35,1,3,3,2,1,0,1.8298
702,7,7,1,36,4,2,2,2,1,0,1.7907
702,7,7,1,37,3,2,3,1,1,1,0.71376
702,7,7,1,38,3,2,3,1,1,1,0.98996
702,7,7,1,39,5,3,1,1,2,0,0.91056
702,7,7,1,40,4,2,2,2,1,0,0.61849
702,7,7,1,41,3,2,3,1,1,1,1.1764
702,7,7,1,42,8,1,2,2,2,1,1.1906
702,7,7,1,43,3,2,3,1,1,1,0.77235
702,7,7,1,44,1,3,3,1,1,1,1.0708
702,7,7,1,45,1,3,3,1,1,1,0.66187
702,7,7,1,1,1,3,3,2,1,0,1.8166
702,7,7,1,2,6,2,1,2,2,1,0.62851
702,7,7,1,3,4,2,2,1,1,1,1.5301
702,7,7,1,4,1,3,3,1,1,1,0.88198
702,7,7,1,5,7,1,3,2,2,1,1.9977
702,7,7,1,6,4,2,2,1,1,1,1.2397
702,7,7,1,7,6,2,1,1,2,0,1.3463
702,7,7,1,8,9,1,1,2,2,1,1.2549
702,7,7,1,9,5,3,1,1,2,0,0.91634
702,7,7,1,10,5,3,1,2,2,1,1.6033
702,7,7,1,11,3,2,3,1,1,1,1.1406
702,7,7,1,12,9,1,1,2,2,1,0.84864
702,7,7,1,13,1,3,3,1,1,1,1.2402
702,7,7,1,14,5,3,1,2,2,1,1.0313
702,7,7,1,15,8,1,2,1,2,0,0.98988
702,7,7,1,16,4,2,2,1,1,1,1.3997
702,7,7,1,17,8,1,2,2,2,1,1.1273
702,7,7,1,18,2,3,2,1,1,1,0.99614
702,7,7,1,19,4,2,2,1,1,1,1.9378
702,7,7,1,20,7,1,3,2,2,1,1.0724
702,7,7,1,21,2,3,2,1,1,1,1.0898
702,7,7,1,22,9,1,1,2,2,1,0.88047
702,7,7,1,23,5,3,1,1,2,0,0.88536
702,7,7,1,24,5,3,1,2,2,1,1.1196
702,7,7,1,25,7,1,3,2,2,1,1.2926
702,7,7,1,26,7,1,3,2,2,1,1.6268
702,7,7,1,27,3,2,3,2,1,0,2.2464
702,7,7,1,28,9,1,1,2,2,1,1.4237
702,7,7,1,29,3,2,3,2,1,0,0.65345
702,7,7,1,30,6,2,1,2,2,1,0.83906
702,7,7,1,31,7,1,3,2,2,1,0.7946
702,7,7,1,32,6,2,1,2,2,1,0.83783
702,7,7,1,33,8,1,2,2,2,1,0.81319
702,7,7,1,34,1,3,3,1,1,1,0.56867
702,7,7,1,35,8,1,2,2,2,1,0.74868
702,7,7,1,36,3,2,3,1,1,1,0.60008
702,7,7,1,37,2,3,2,2,1,0,0.61544
702,7,7,1,38,2,3,2,2,1,0,0.47746
702,7,7,1,39,6,2,1,2,2,1,0.65509
702,7,7,1,40,2,3,2,2,1,0,0.6254
702,7,7,1,41,8,1,2,2,2,1,0.70052
702,7,7,1,42,1,3,3,1,1,1,0.78132
702,7,7,1,43,4,2,2,2,1,0,0.71068
702,7,7,1,44,9,1,1,2,2,1,1.0206
702,7,7,1,45,3,2,3,1,1,1,0.98174
702,7,7,1,1,3,2,3,2,1,0,1.529
702,7,7,1,2,2,3,2,2,1,0,0.81491
702,7,7,1,3,6,2,1,2,2,1,0.57984
702,7,7,1,4,8,1,2,2,2,1,0.78637
702,7,7,1,5,3,2,3,1,1,1,0.94772
702,7,7,1,6,7,1,3,2,2,1,0.93636
702,7,7,1,7,7,1,3,2,2,1,0.91229
702,7,7,1,8,6,2,1,2,2,1,0.99258
702,7,7,1,9,6,2,1,2,2,1,0.67148
702,7,7,1,10,5,3,1,1,2,0,1.0809
702,7,7,1,11,3,2,3,2,1,0,0.61783
702,7,7,1,12,1,3,3,1,1,1,1.1988
702,7,7,1,13,5,3,1,2,2,1,1.2242
702,7,7,1,14,7,1,3,1,2,0,0.81135
702,7,7,1,15,8,1,2,2,2,1,0.84399
702,7,7,1,16,7,1,3,1,2,0,0.89805
702,7,7,1,17,8,1,2,2,2,1,0.67924
702,7,7,1,18,9,1,1,2,2,1,0.67425
702,7,7,1,19,9,1,1,2,2,1,0.74115
702,7,7,1,20,4,2,2,2,1,0,0.64434
702,7,7,1,21,9,1,1,1,2,0,0.61908
702,7,7,1,22,1,3,3,1,1,1,0.8596
702,7,7,1,23,1,3,3,1,1,1,0.82756
702,7,7,1,24,3,2,3,1,1,1,0.93257
702,7,7,1,25,5,3,1,2,2,1,2.0152
702,7,7,1,26,9,1,1,2,2,1,1.0178
702,7,7,1,27,1,3,3,1,1,1,0.98057
702,7,7,1,28,6,2,1,2,2,1,0.71199
702,7,7,1,29,2,3,2,1,1,1,0.95998
702,7,7,1,30,9,1,1,2,2,1,0.57482
702,7,7,1,31,7,1,3,1,2,0,0.77369
702,7,7,1,32,2,3,2,1,1,1,1.9924
702,7,7,1,33,8,1,2,2,2,1,0.58208
702,7,7,1,34,4,2,2,2,1,0,0.84368
702,7,7,1,35,6,2,1,2,2,1,0.54063
702,7,7,1,36,4,2,2,1,1,1,0.79706
702,7,7,1,37,5,3,1,2,2,1,0.97879
702,7,7,1,38,3,2,3,1,1,1,0.6301
702,7,7,1,39,4,2,2,2,1,0,0.4244
702,7,7,1,40,5,3,1,2,2,1,0.6567
702,7,7,1,41,8,1,2,1,2,0,1.0331
702,7,7,1,42,2,3,2,1,1,1,1.3391
702,7,7,1,43,2,3,2,1,1,1,1.2726
702,7,7,1,44,1,3,3,1,1,1,0.97042
702,7,7,1,45,4,2,2,1,1,1,1.0012
702,7,7,1,1,4,2,2,1,1,1,1.5009
702,7,7,1,2,6,2,1,1,2,0,0.78175
702,7,7,1,3,4,2,2,1,1,1,0.859
702,7,7,1,4,6,2,1,2,2,1,0.8081
702,7,7,1,5,7,1,3,1,2,0,1.0318
702,7,7,1,6,1,3,3,1,1,1,0.73416
702,7,7,1,7,5,3,1,2,2,1,2.2834
702,7,7,1,8,2,3,2,1,1,1,0.89418
702,7,7,1,9,6,2,1,2,2,1,1.2548
702,7,7,1,10,2,3,2,2,1,0,0.77459
702,7,7,1,11,8,1,2,2,2,1,1.1712
702,7,7,1,12,9,1,1,2,2,1,0.91751
702,7,7,1,13,8,1,2,1,2,0,0.80034
702,7,7,1,14,8,1,2,2,2,1,1.0731
702,7,7,1,15,8,1,2,2,2,1,1.1237
702,7,7,1,16,4,2,2,2,1,0,1.1974
702,7,7,1,17,5,3,1,2,2,1,0.7854
702,7,7,1,18,9,1,1,2,2,1,0.65847
702,7,7,1,19,4,2,2,2,1,0,1.5976
702,7,7,1,20,5,3,1,1,2,0,1.0799
702,7,7,1,21,8,1,2,2,2,1,1.3733
702,7,7,1,22,4,2,2,2,1,0,1.6523
702,7,7,1,23,7,1,3,2,2,1,0.66701
702,7,7,1,24,9,1,1,2,2,1,1.1459
702,7,7,1,25,5,3,1,1,2,0,1.5736
702,7,7,1,26,1,3,3,1,1,1,0.67123
702,7,7,1,27,5,3,1,2,2,1,1.0808
702,7,7,1,28,3,2,3,1,1,1,0.70345
702,7,7,1,29,6,2,1,2,2,1,0.82409
702,7,7,1,30,7,1,3,1,2,0,1.6901
702,7,7,1,31,2,3,2,2,1,0,1.21
702,7,7,1,32,7,1,3,2,2,1,2.247
702,7,7,1,33,9,1,1,2,2,1,1.6844
702,7,7,1,34,2,3,2,2,1,0,1.5365
702,7,7,1,35,3,2,3,1,1,1,1.181
702,7,7,1,36,3,2,3,1,1,1,1.0947
702,7,7,1,37,1,3,3,1,1,1,0.75037
702,7,7,1,38,2,3,2,1,1,1,0.94833
702,7,7,1,39,9,1,1,2,2,1,1.0119
702,7,7,1,40,3,2,3,1,1,1,0.73502
702,7,7,1,41,6,2,1,2,2,1,0.73035
702,7,7,1,42,1,3,3,1,1,1,0.59316
702,7,7,1,43,7,1,3,1,2,0,0.79354
702,7,7,1,44,1,3,3,1,1,1,0.68646
702,7,7,1,45,3,2,3,1,1,1,1.6846
702,7,7,1,1,1,3,3,1,1,1,1.2259
702,7,7,1,2,7,1,3,2,2,1,2.1733
702,7,7,1,3,1,3,3,1,1,1,1.2476
702,7,7,1,4,6,2,1,2,2,1,1.0008
702,7,7,1,5,2,3,2,2,1,0,1.5644
702,7,7,1,6,1,3,3,1,1,1,0.87191
702,7,7,1,7,5,3,1,2,2,1,2.3177
702,7,7,1,8,8,1,2,1,2,0,0.8845
702,7,7,1,9,8,1,2,2,2,1,1.019
702,7,7,1,10,7,1,3,2,2,1,1.237
702,7,7,1,11,4,2,2,1,1,1,0.95783
702,7,7,1,12,5,3,1,1,2,0,0.90454
702,7,7,1,13,9,1,1,2,2,1,0.60886
702,7,7,1,14,1,3,3,1,1,1,2.3706
702,7,7,1,15,8,1,2,2,2,1,0.65487
702,7,7,1,16,4,2,2,2,1,0,0.95021
702,7,7,1,17,5,3,1,1,2,0,0.96094
702,7,7,1,18,5,3,1,2,2,1,1.0154
702,7,7,1,19,2,3,2,2,1,0,0.62426
702,7,7,1,20,6,2,1,2,2,1,0.74648
702,7,7,1,21,8,1,2,1,2,0,0.87748
702,7,7,1,22,8,1,2,2,2,1,1.4006
702,7,7,1,23,7,1,3,2,2,1,1.5307
702,7,7,1,24,2,3,2,2,1,0,1.1265
702,7,7,1,25,4,2,2,1,1,1,1.5958
702,7,7,1,26,3,2,3,1,1,1,1.1448
702,7,7,1,27,9,1,1,2,2,1,0.69932
702,7,7,1,28,7,1,3,1,2,0,0.89421
702,7,7,1,29,2,3,2,2,1,0,1.4467
702,7,7,1,30,3,2,3,1,1,1,1.0465
702,7,7,1,31,6,2,1,2,2,1,0.62886
702,7,7,1,32,4,2,2,1,1,1,1.0232
702,7,7,1,33,3,2,3,1,1,1,0.81838
702,7,7,1,34,3,2,3,1,1,1,0.71967
702,7,7,1,35,9,1,1,2,2,1,0.89991
702,7,7,1,36,1,3,3,1,1,1,0.5534
702,7,7,1,37,9,1,1,2,2,1,1.4554
702,7,7,1,38,5,3,1,2,2,1,1.1026
702,7,7,1,39,4,2,2,1,1,1,0.854
702,7,7,1,40,7,1,3,1,2,0,0.72245
702,7,7,1,41,6,2,1,2,2,1,0.53577
702,7,7,1,42,9,1,1,2,2,1,1.3491
702,7,7,1,43,3,2,3,1,1,1,0.7436
702,7,7,1,44,2,3,2,1,1,1,0.78133
702,7,7,1,45,6,2,1,2,2,1,0.61571
702,7,7,1,1,2,3,2,1,1,1,1.2795
702,7,7,1,2,6,2,1,2,2,1,0.55617
702,7,7,1,3,3,2,3,1,1,1,0.58957
702,7,7,1,4,2,3,2,1,1,1,0.71119
702,7,7,1,5,7,1,3,1,2,0,0.60438
702,7,7,1,6,8,1,2,2,2,1,1.0427
702,7,7,1,7,6,2,1,2,2,1,1.3892
702,7,7,1,8,8,1,2,2,2,1,0.63787
702,7,7,1,9,4,2,2,1,1,1,1.8905
702,7,7,1,10,7,1,3,1,2,0,0.74387
702,7,7,1,11,9,1,1,2,2,1,0.73847
702,7,7,1,12,5,3,1,2,2,1,0.73666
702,7,7,1,13,1,3,3,1,1,1,0.5168
702,7,7,1,14,3,2,3,1,1,1,0.80948
702,7,7,1,15,4,2,2,2,1,0,1.7901
702,7,7,1,16,7,1,3,2,2,1,0.48311
702,7,7,1,17,7,1,3,1,2,0,0.53159
702,7,7,1,18,8,1,2,2,2,1,1.1553
702,7,7,1,19,3,2,3,1,1,1,0.9555
702,7,7,1,20,5,3,1,2,2,1,0.85727
702,7,7,1,21,1,3,3,1,1,1,0.51694
702,7,7,1,22,5,3,1,2,2,1,0.60197
702,7,7,1,23,8,1,2,2,2,1,0.73509
702,7,7,1,24,6,2,1,2,2,1,1.1557
702,7,7,1,25,7,1,3,2,2,1,1.0303
702,7,7,1,26,8,1,2,2,2,1,1.0713
702,7,7,1,27,1,3,3,1,1,1,0.69083
702,7,7,1,28,1,3,3,1,1,1,0.56093
702,7,7,1,29,9,1,1,2,2,1,0.8317
702,7,7,1,30,9,1,1,2,2,1,0.702
702,7,7,1,31,2,3,2,1,1,1,0.59424
702,7,7,1,32,4,2,2,1,1,1,1.0322
702,7,7,1,33,9,1,1,2,2,1,0.61112
702,7,7,1,34,1,3,3,1,1,1,0.58169
702,7,7,1,35,9,1,1,2,2,1,0.61492
702,7,7,1,36,6,2,1,1,2,0,0.44458
702,7,7,1,37,6,2,1,2,2,1,0.58451
702,7,7,1,38,4,2,2,1,1,1,0.77589
702,7,7,1,39,4,2,2,1,1,1,0.65228
702,7,7,1,40,3,2,3,1,1,1,0.61918
702,7,7,1,41,3,2,3,2,1,0,1.2208
702,7,7,1,42,5,3,1,2,2,1,0.76911
702,7,7,1,43,2,3,2,1,1,1,0.75187
702,7,7,1,44,5,3,1,1,2,0,1.0466
702,7,7,1,45,2,3,2,1,1,1,0.82215
702,7,7,1,1,1,3,3,2,1,0,1.729
702,7,7,1,2,4,2,2,2,1,0,0.66935
702,7,7,1,3,8,1,2,2,2,1,0.74422
702,7,7,1,4,1,3,3,1,1,1,0.63399
702,7,7,1,5,1,3,3,1,1,1,0.5818
702,7,7,1,6,5,3,1,1,2,0,0.50149
702,7,7,1,7,2,3,2,1,1,1,0.66466
702,7,7,1,8,5,3,1,1,2,0,0.77361
702,7,7,1,9,7,1,3,2,2,1,0.80223
702,7,7,1,10,9,1,1,2,2,1,0.82971
702,7,7,1,11,6,2,1,2,2,1,0.84221
702,7,7,1,12,8,1,2,2,2,1,1.0883
702,7,7,1,13,1,3,3,1,1,1,0.63367
702,7,7,1,14,8,1,2,2,2,1,0.61547
702,7,7,1,15,7,1,3,2,2,1,0.56826
702,7,7,1,16,6,2,1,2,2,1,0.6558
702,7,7,1,17,1,3,3,1,1,1,0.92859
702,7,7,1,18,4,2,2,2,1,0,0.57572
702,7,7,1,19,5,3,1,1,2,0,0.9005
702,7,7,1,20,4,2,2,1,1,1,1.38
702,7,7,1,21,2,3,2,2,1,0,1.349
702,7,7,1,22,6,2,1,2,2,1,0.59123
702,7,7,1,23,2,3,2,2,1,0,0.71321
702,7,7,1,24,7,1,3,2,2,1,1.0498
702,7,7,1,25,7,1,3,1,2,0,1.0795
702,7,7,1,26,4,2,2,2,1,0,1.4178
702,7,7,1,27,3,2,3,2,1,0,0.64665
702,7,7,1,28,3,2,3,1,1,1,0.94432
702,7,7,1,29,2,3,2,2,1,0,1.6605
702,7,7,1,30,3,2,3,1,1,1,0.73725
702,7,7,1,31,2,3,2,1,1,1,0.79266
702,7,7,1,32,9,1,1,2,2,1,0.78704
702,7,7,1,33,3,2,3,1,1,1,0.8659
702,7,7,1,34,9,1,1,2,2,1,0.74247
702,7,7,1,35,4,2,2,2,1,0,1.1792
702,7,7,1,36,7,1,3,2,2,1,1.0919
702,7,7,1,37,9,1,1,2,2,1,1.1975
702,7,7,1,38,8,1,2,1,2,0,0.94002
702,7,7,1,39,3,2,3,2,1,0,0.9841
702,7,7,1,40,5,3,1,2,2,1,0.84533
702,7,7,1,41,8,1,2,2,2,1,0.865
702,7,7,1,42,5,3,1,2,2,1,0.8241
702,7,7,1,43,6,2,1,2,2,1,0.62281
702,7,7,1,44,9,1,1,2,2,1,0.44483
702,7,7,1,45,6,2,1,2,2,1,0.42816
702,7,7,1,1,7,1,3,2,2,1,0.96904
702,7,7,1,2,3,2,3,2,1,0,1.8486
702,7,7,1,3,2,3,2,1,1,1,1.1852
702,7,7,1,4,5,3,1,2,2,1,1.446
702,7,7,1,5,6,2,1,2,2,1,0.75516
702,7,7,1,6,5,3,1,2,2,1,0.74735
702,7,7,1,7,9,1,1,2,2,1,0.73854
702,7,7,1,8,4,2,2,2,1,0,0.8711
702,7,7,1,9,2,3,2,2,1,0,0.5544
702,7,7,1,10,9,1,1,2,2,1,0.58908
702,7,7,1,11,2,3,2,1,1,1,0.76925
702,7,7,1,12,7,1,3,2,2,1,1.3571
702,7,7,1,13,8,1,2,2,2,1,0.67935
702,7,7,1,14,1,3,3,1,1,1,0.97117
702,7,7,1,15,1,3,3,1,1,1,1.4052
702,7,7,1,16,3,2,3,2,1,0,0.94625
702,7,7,1,17,6,2,1,1,2,0,0.97892
702,7,7,1,18,4,2,2,1,1,1,1.6254
702,7,7,1,19,3,2,3,1,1,1,1.082
702,7,7,1,20,7,1,3,2,2,1,0.94443
702,7,7,1,21,4,2,2,1,1,1,0.71211
702,7,7,1,22,6,2,1,2,2,1,1.3939
702,7,7,1,23,3,2,3,1,1,1,1.2926
702,7,7,1,24,7,1,3,2,2,1,2.011
702,7,7,1,25,2,3,2,1,1,1,2.0862
702,7,7,1,26,2,3,2,1,1,1,1.9128
702,7,7,1,27,1,3,3,1,1,1,1.1407
702,7,7,1,28,9,1,1,2,2,1,1.2239
702,7,7,1,29,9,1,1,2,2,1,0.78381
702,7,7,1,30,6,2,1,2,2,1,1.791
702,7,7,1,31,4,2,2,2,1,0,1.1586
702,7,7,1,32,9,1,1,2,2,1,0.65723
702,7,7,1,33,5,3,1,1,2,0,0.85875
702,7,7,1,34,1,3,3,1,1,1,1.3076
702,7,7,1,35,8,1,2,2,2,1,0.95855
702,7,7,1,36,6,2,1,2,2,1,1.2482
702,7,7,1,37,5,3,1,2,2,1,1.3325
702,7,7,1,38,8,1,2,2,2,1,0.68049
702,7,7,1,39,7,1,3,2,2,1,0.8508
702,7,7,1,40,8,1,2,2,2,1,0.65946
702,7,7,1,41,5,3,1,2,2,1,1.0995
702,7,7,1,42,4,2,2,2,1,0,0.85187
702,7,7,1,43,3,2,3,1,1,1,1.3854
702,7,7,1,44,1,3,3,1,1,1,0.92948
702,7,7,1,45,8,1,2,2,2,1,0.61017
702,7,7,1,1,9,1,1,2,2,1,0.94673
702,7,7,1,2,7,1,3,2,2,1,1.3823
702,7,7,1,3,4,2,2,2,1,0,1.3738
702,7,7,1,4,8,1,2,2,2,1,0.56729
702,7,7,1,5,5,3,1,1,2,0,0.70657
702,7,7,1,6,3,2,3,1,1,1,0.93831
702,7,7,1,7,2,3,2,2,1,0,1.9418
702,7,7,1,8,6,2,1,2,2,1,0.85143
702,7,7,1,9,6,2,1,2,2,1,0.80344
702,7,7,1,10,9,1,1,2,2,1,0.66912
702,7,7,1,11,6,2,1,2,2,1,0.94195
702,7,7,1,12,5,3,1,1,2,0,0.65442
702,7,7,1,13,2,3,2,1,1,1,0.93226
702,7,7,1,14,8,1,2,2,2,1,0.9375
702,7,7,1,15,6,2,1,2,2,1,1.2436
702,7,7,1,16,4,2,2,2,1,0,0.76483
702,7,7,1,17,5,3,1,2,2,1,1.4387
702,7,7,1,18,5,3,1,1,2,0,0.93293
702,7,7,1,19,9,1,1,2,2,1,1.1823
702,7,7,1,20,1,3,3,1,1,1,0.86277
702,7,7,1,21,3,2,3,1,1,1,0.60361
702,7,7,1,22,2,3,2,1,1,1,0.74913
702,7,7,1,23,9,1,1,2,2,1,0.88987
702,7,7,1,24,8,1,2,2,2,1,0.73369
702,7,7,1,25,8,1,2,2,2,1,0.95852
702,7,7,1,26,6,2,1,2,2,1,0.85971
702,7,7,1,27,4,2,2,1,1,1,0.89784
702,7,7,1,28,9,1,1,2,2,1,0.77689
702,7,7,1,29,2,3,2,1,1,1,1.1062
702,7,7,1,30,4,2,2,1,1,1,0.81925
702,7,7,1,31,1,3,3,1,1,1,0.59244
702,7,7,1,32,2,3,2,1,1,1,1.059
702,7,7,1,33,3,2,3,1,1,1,0.95147
702,7,7,1,34,3,2,3,1,1,1,0.65756
702,7,7,1,35,1,3,3,1,1,1,0.71959
702,7,7,1,36,1,3,3,1,1,1,0.63578
702,7,7,1,37,7,1,3,2,2,1,0.66299
702,7,7,1,38,7,1,3,2,2,1,0.81709
702,7,7,1,39,3,2,3,1,1,1,1.0916
702,7,7,1,40,7,1,3,2,2,1,0.78765
702,7,7,1,41,7,1,3,2,2,1,0.83029
702,7,7,1,42,8,1,2,2,2,1,0.64464
702,7,7,1,43,4,2,2,2,1,0,0.74241
702,7,7,1,44,5,3,1,1,2,0,0.82903
702,7,7,1,45,1,3,3,1,1,1,0.78805
