605,6,6,3,1,7,1,3,1,2,0,2.6735
605,6,6,3,2,2,3,2,1,1,1,1.3163
605,6,6,3,3,1,3,3,2,1,0,1.8233
605,6,6,3,4,6,2,1,2,2,1,1.7552
605,6,6,3,5,8,1,2,1,2,0,1.9465
605,6,6,3,6,4,2,2,1,1,1,2.4624
605,6,6,3,7,9,1,1,2,2,1,0.76815
605,6,6,3,8,5,3,1,2,2,1,1.3747
605,6,6,3,9,3,2,3,2,1,0,2.2484
605,6,6,3,10,4,2,2,1,1,1,4.1462
605,6,6,3,11,1,3,3,2,1,0,3.2318
605,6,6,3,12,7,1,3,2,2,1,2.2252
605,6,6,3,13,6,2,1,2,2,1,1.2104
605,6,6,3,14,5,3,1,2,2,1,0.79705
605,6,6,3,15,2,3,2,1,1,1,2.7722
605,6,6,3,16,3,2,3,1,1,1,1.9425
605,6,6,3,17,6,2,1,1,2,0,2.8357
605,6,6,3,18,5,3,1,2,2,1,1.6518
605,6,6,3,19,9,1,1,1,2,0,1.8942
605,6,6,3,20,2,3,2,2,1,0,2.7101
605,6,6,3,21,4,2,2,1,1,1,1.9247
605,6,6,3,22,6,2,1,2,2,1,1.0059
605,6,6,3,23,7,1,3,1,2,0,1.9453
605,6,6,3,24,8,1,2,1,2,0,2.437
605,6,6,3,25,8,1,2,1,2,0,2.1134
605,6,6,3,26,1,3,3,2,1,0,2.1395
605,6,6,3,27,1,3,3,1,1,1,1.5173
605,6,6,3,28,9,1,1,2,2,1,1.9109
605,6,6,3,29,8,1,2,2,2,1,1.5822
605,6,6,3,30,1,3,3,1,1,1,1.1536
605,6,6,3,31,9,1,1,2,2,1,1.2057
605,6,6,3,32,2,3,2,1,1,1,1.1544
605,6,6,3,33,6,2,1,2,2,1,2.1197
605,6,6,3,34,6,2,1,1,2,0,1.4128
605,6,6,3,35,2,3,2,1,1,1,1.801
605,6,6,3,36,3,2,3,1,1,1,1.8953
605,6,6,3,37,3,2,3,2,1,0,1.7594
605,6,6,3,38,7,1,3,2,2,1,1.716
605,6,6,3,39,5,3,1,2,2,1,1.014
605,6,6,3,40,3,2,3,2,1,0,1.9088
605,6,6,3,41,4,2,2,1,1,1,1.4886
605,6,6,3,42,4,2,2,1,1,1,1.7351
605,6,6,3,43,8,1,2,2,2,1,1.3258
605,6,6,3,44,7,1,3,2,2,1,1.1166
605,6,6,3,45,9,1,1,2,2,1,0.57415
605,6,6,3,46,5,3,1,2,2,1,0.80421
605,6,6,3,47,4,2,2,1,1,1,2.2438
605,6,6,3,48,9,1,1,2,2,1,0.84873
605,6,6,3,49,8,1,2,2,2,1,1.2271
605,6,6,3,50,5,3,1,1,2,0,1.1542
605,6,6,3,51,1,3,3,1,1,1,1.5968
605,6,6,3,52,3,2,3,1,1,1,2.0128
605,6,6,3,53,7,1,3,2,2,1,1.5598
605,6,6,3,54,2,3,2,1,1,1,1.4049
605,6,6,3,1,5,3,1,2,2,1,0.67449
605,6,6,3,2,1,3,3,1,1,1,1.6259
605,6,6,3,3,6,2,1,2,2,1,1.1435
605,6,6,3,4,1,3,3,1,1,1,1.1966
605,6,6,3,5,5,3,1,2,2,1,1.4047
605,6,6,3,6,7,1,3,2,2,1,1.8246
605,6,6,3,7,1,3,3,1,1,1,1.5224
605,6,6,3,8,3,2,3,1,1,1,2.0252
605,6,6,3,9,9,1,1,2,2,1,1.1362
605,6,6,3,10,7,1,3,2,2,1,1.6851
605,6,6,3,11,3,2,3,1,1,1,1.8781
605,6,6,3,12,5,3,1,2,2,1,1.3383
605,6,6,3,13,2,3,2,1,1,1,2.3911
605,6,6,3,14,2,3,2,1,1,1,1.419
605,6,6,3,15,6,2,1,2,2,1,0.78548
605,6,6,3,16,3,2,3,1,1,1,2.0938
605,6,6,3,17,8,1,2,2,2,1,1.1771
605,6,6,3,18,2,3,2,2,1,0,1.3405
605,6,6,3,19,5,3,1,2,2,1,1.6096
605,6,6,3,20,2,3,2,1,1,1,1.9156
605,6,6,3,21,4,2,2,1,1,1,2.2752
605,6,6,3,22,8,1,2,2,2,1,1.3903
605,6,6,3,23,3,2,3,1,1,1,2.1678
605,6,6,3,24,5,3,1,2,2,1,1.4802
605,6,6,3,25,1,3,3,1,1,1,1.4066
605,6,6,3,26,4,2,2,1,1,1,1.7464
605,6,6,3,27,1,3,3,1,1,1,1.277
605,6,6,3,28,7,1,3,2,2,1,1.3502
605,6,6,3,29,2,3,2,1,1,1,1.7033
605,6,6,3,30,4,2,2,2,1,0,1.6438
605,6,6,3,31,6,2,1,2,2,1,1.3725
605,6,6,3,32,6,2,1,2,2,1,1.0513
605,6,6,3,33,6,2,1,2,2,1,2.4386
605,6,6,3,34,8,1,2,2,2,1,1.6177
605,6,6,3,35,8,1,2,2,2,1,1.3961
605,6,6,3,36,3,2,3,1,1,1,2.2019
605,6,6,3,37,9,1,1,2,2,1,0.90985
605,6,6,3,38,7,1,3,2,2,1,1.1679
605,6,6,3,39,4,2,2,1,1,1,1.8265
605,6,6,3,40,7,1,3,2,2,1,2.1297
605,6,6,3,41,9,1,1,2,2,1,1.6634
605,6,6,3,42,9,1,1,2,2,1,1.9071
605,6,6,3,43,8,1,2,2,2,1,2.8547
605,6,6,3,44,4,2,2,1,1,1,1.1669
605,6,6,3,45,9,1,1,2,2,1,2.102
605,6,6,3,1,6,2,1,2,2,1,2.609
605,6,6,3,2,2,3,2,1,1,1,1.3928
605,6,6,3,3,9,1,1,2,2,1,1.6154
605,6,6,3,4,3,2,3,1,1,1,2.1013
605,6,6,3,5,9,1,1,2,2,1,1.2856
605,6,6,3,6,3,2,3,1,1,1,1.8741
605,6,6,3,7,8,1,2,2,2,1,1.2473
605,6,6,3,8,9,1,1,2,2,1,0.86139
605,6,6,3,9,4,2,2,1,1,1,1.1125
605,6,6,3,10,2,3,2,1,1,1,1.45
605,6,6,3,11,2,3,2,1,1,1,1.7316
605,6,6,3,12,5,3,1,2,2,1,2.1671
605,6,6,3,13,3,2,3,1,1,1,2.0922
605,6,6,3,14,7,1,3,2,2,1,1.4395
605,6,6,3,15,7,1,3,2,2,1,1.2467
605,6,6,3,16,3,2,3,1,1,1,2.0411
605,6,6,3,17,4,2,2,2,1,0,2.204
605,6,6,3,18,4,2,2,1,1,1,2.2116
605,6,6,3,19,5,3,1,2,2,1,2.3827
605,6,6,3,20,8,1,2,1,2,0,2.3062
605,6,6,3,21,9,1,1,2,2,1,1.8868
605,6,6,3,22,2,3,2,1,1,1,2.6061
605,6,6,3,23,3,2,3,1,1,1,2.9723
605,6,6,3,24,6,2,1,2,2,1,0.92742
605,6,6,3,25,1,3,3,1,1,1,1.1331
605,6,6,3,26,7,1,3,2,2,1,1.3514
605,6,6,3,27,5,3,1,2,2,1,1.3928
605,6,6,3,28,8,1,2,2,2,1,1.4212
605,6,6,3,29,6,2,1,2,2,1,1.4217
605,6,6,3,30,4,2,2,1,1,1,1.645
605,6,6,3,31,1,3,3,1,1,1,1.4685
605,6,6,3,32,1,3,3,1,1,1,1.6142
605,6,6,3,33,5,3,1,2,2,1,1.9161
605,6,6,3,34,8,1,2,2,2,1,1.9764
605,6,6,3,35,9,1,1,2,2,1,0.73793
605,6,6,3,36,2,3,2,1,1,1,1.7752
605,6,6,3,37,7,1,3,2,2,1,1.4719
605,6,6,3,38,6,2,1,2,2,1,0.99533
605,6,6,3,39,7,1,3,2,2,1,2.4845
605,6,6,3,40,1,3,3,1,1,1,1.346
605,6,6,3,41,1,3,3,1,1,1,1.3849
605,6,6,3,42,5,3,1,2,2,1,1.0881
605,6,6,3,43,6,2,1,2,2,1,1.9888
605,6,6,3,44,4,2,2,1,1,1,1.3887
605,6,6,3,45,8,1,2,2,2,1,1.9211
605,6,6,3,1,5,3,1,2,2,1,0.80167
605,6,6,3,2,5,3,1,1,2,0,1.3826
605,6,6,3,3,3,2,3,1,1,1,1.9017
605,6,6,3,4,8,1,2,2,2,1,2.4509
605,6,6,3,5,4,2,2,2,1,0,2.5133
605,6,6,3,6,1,3,3,1,1,1,2.523
605,6,6,3,7,2,3,2,1,1,1,1.4525
605,6,6,3,8,2,3,2,1,1,1,1.8512
605,6,6,3,9,8,1,2,2,2,1,2.2335
605,6,6,3,10,1,3,3,1,1,1,2.5485
605,6,6,3,11,3,2,3,1,1,1,2.9685
605,6,6,3,12,8,1,2,2,2,1,0.92175
605,6,6,3,13,8,1,2,2,2,1,1.3558
605,6,6,3,14,6,2,1,2,2,1,1.1604
605,6,6,3,15,5,3,1,2,2,1,0.88121
605,6,6,3,16,6,2,1,2,2,1,0.94349
605,6,6,3,17,9,1,1,2,2,1,1.0261
605,6,6,3,18,6,2,1,2,2,1,0.74527
605,6,6,3,19,7,1,3,2,2,1,2.0081
605,6,6,3,20,1,3,3,1,1,1,1.9766
605,6,6,3,21,9,1,1,2,2,1,0.67614
605,6,6,3,22,3,2,3,1,1,1,2.2774
605,6,6,3,23,5,3,1,2,2,1,2.1263
605,6,6,3,24,4,2,2,1,1,1,2.8687
605,6,6,3,25,5,3,1,2,2,1,1.757
605,6,6,3,26,9,1,1,2,2,1,1.8963
605,6,6,3,27,3,2,3,1,1,1,1.7025
605,6,6,3,28,8,1,2,2,2,1,2.1046
605,6,6,3,29,2,3,2,1,1,1,1.2016
605,6,6,3,30,4,2,2,1,1,1,2.6434
605,6,6,3,31,2,3,2,1,1,1,2.0014
605,6,6,3,32,7,1,3,2,2,1,1.4627
605,6,6,3,33,1,3,3,1,1,1,1.1208
605,6,6,3,34,9,1,1,2,2,1,1.1103
605,6,6,3,35,6,2,1,2,2,1,1.152
605,6,6,3,36,9,1,1,2,2,1,0.62922
605,6,6,3,37,3,2,3,1,1,1,2.632
605,6,6,3,38,4,2,2,1,1,1,2.6834
605,6,6,3,39,7,1,3,2,2,1,1.9594
605,6,6,3,40,1,3,3,1,1,1,1.2883
605,6,6,3,41,2,3,2,1,1,1,2.3395
605,6,6,3,42,7,1,3,2,2,1,1.3095
605,6,6,3,43,7,1,3,2,2,1,1.7352
605,6,6,3,44,6,2,1,2,2,1,0.95703
605,6,6,3,45,4,2,2,1,1,1,2.7024
605,6,6,3,1,1,3,3,1,1,1,1.5432
605,6,6,3,2,3,2,3,1,1,1,2.9778
605,6,6,3,3,9,1,1,2,2,1,0.83664
605,6,6,3,4,8,1,2,2,2,1,2.217
605,6,6,3,5,3,2,3,1,1,1,2.8115
605,6,6,3,6,9,1,1,2,2,1,1.3444
605,6,6,3,7,3,2,3,1,1,1,1.316
605,6,6,3,8,5,3,1,2,2,1,0.79102
605,6,6,3,9,8,1,2,2,2,1,1.3028
605,6,6,3,10,5,3,1,2,2,1,0.70828
605,6,6,3,11,6,2,1,2,2,1,0.65235
605,6,6,3,12,1,3,3,1,1,1,1.2123
605,6,6,3,13,5,3,1,2,2,1,1.1792
605,6,6,3,14,6,2,1,2,2,1,1.4539
605,6,6,3,15,1,3,3,1,1,1,1.1026
605,6,6,3,16,6,2,1,2,2,1,1.3354
605,6,6,3,17,9,1,1,2,2,1,1.5251
605,6,6,3,18,9,1,1,2,2,1,1.6299
605,6,6,3,19,7,1,3,2,2,1,1.9863
605,6,6,3,20,9,1,1,2,2,1,1.7975
605,6,6,3,21,4,2,2,1,1,1,2.7578
605,6,6,3,22,1,3,3,1,1,1,2.3595
605,6,6,3,23,4,2,2,1,1,1,1.6708
605,6,6,3,24,6,2,1,2,2,1,0.81719
605,6,6,3,25,2,3,2,1,1,1,2.0123
605,6,6,3,26,8,1,2,2,2,1,2.4981
605,6,6,3,27,7,1,3,2,2,1,1.8431
605,6,6,3,28,3,2,3,1,1,1,2.7367
605,6,6,3,29,4,2,2,1,1,1,1.1925
605,6,6,3,30,4,2,2,1,1,1,2.2586
605,6,6,3,31,5,3,1,2,2,1,1.8484
605,6,6,3,32,7,1,3,2,2,1,1.4015
605,6,6,3,33,2,3,2,1,1,1,1.911
605,6,6,3,34,3,2,3,1,1,1,2.2349
605,6,6,3,35,6,2,1,2,2,1,1.0396
605,6,6,3,36,5,3,1,2,2,1,1.6574
605,6,6,3,37,4,2,2,1,1,1,1.8841
605,6,6,3,38,2,3,2,1,1,1,1.6252
605,6,6,3,39,1,3,3,1,1,1,1.4596
605,6,6,3,40,7,1,3,2,2,1,1.7967
605,6,6,3,41,2,3,2,1,1,1,1.2864
605,6,6,3,42,2,3,2,1,1,1,1.4148
605,6,6,3,43,8,1,2,2,2,1,1.2223
605,6,6,3,44,8,1,2,2,2,1,1.5432
605,6,6,3,45,7,1,3,1,2,0,2.9242
605,6,6,3,1,8,1,2,2,2,1,2.4131
605,6,6,3,2,4,2,2,2,1,0,1.0164
605,6,6,3,3,9,1,1,2,2,1,0.66928
605,6,6,3,4,1,3,3,1,1,1,1.7781
605,6,6,3,5,1,3,3,1,1,1,2.6584
605,6,6,3,6,9,1,1,2,2,1,0.87708
605,6,6,3,7,4,2,2,1,1,1,1.5672
605,6,6,3,8,5,3,1,2,2,1,1.1642
605,6,6,3,9,5,3,1,2,2,1,2.2579
605,6,6,3,10,5,3,1,2,2,1,1.3879
605,6,6,3,11,8,1,2,2,2,1,2.245
605,6,6,3,12,9,1,1,2,2,1,1.0257
605,6,6,3,13,2,3,2,1,1,1,1.3251
605,6,6,3,14,6,2,1,2,2,1,1.8085
605,6,6,3,15,7,1,3,2,2,1,1.5235
605,6,6,3,16,4,2,2,1,1,1,2.1773
605,6,6,3,17,3,2,3,1,1,1,1.9784
605,6,6,3,18,4,2,2,1,1,1,2.2299
605,6,6,3,19,1,3,3,1,1,1,1.8058
605,6,6,3,20,6,2,1,2,2,1,1.2714
605,6,6,3,21,2,3,2,1,1,1,1.707
605,6,6,3,22,6,2,1,2,2,1,1.2042
605,6,6,3,23,1,3,3,1,1,1,2.7665
605,6,6,3,24,9,1,1,2,2,1,1.0543
605,6,6,3,25,2,3,2,1,1,1,3.4677
605,6,6,3,26,7,1,3,2,2,1,1.5932
605,6,6,3,27,8,1,2,2,2,1,1.4812
605,6,6,3,28,9,1,1,2,2,1,1.3582
605,6,6,3,29,8,1,2,2,2,1,2.3297
605,6,6,3,30,3,2,3,1,1,1,2.0994
605,6,6,3,31,7,1,3,2,2,1,2.2266
605,6,6,3,32,3,2,3,1,1,1,1.6988
605,6,6,3,33,8,1,2,2,2,1,1.2613
605,6,6,3,34,7,1,3,2,2,1,2.0891
605,6,6,3,35,7,1,3,2,2,1,3.3356
605,6,6,3,36,4,2,2,1,1,1,1.7501
605,6,6,3,37,2,3,2,1,1,1,2.0344
605,6,6,3,38,3,2,3,1,1,1,2.244
605,6,6,3,39,1,3,3,1,1,1,1.3858
605,6,6,3,40,5,3,1,2,2,1,0.81983
605,6,6,3,41,2,3,2,1,1,1,3.3916
605,6,6,3,42,6,2,1,2,2,1,2.8538
605,6,6,3,43,6,2,1,2,2,1,1.8104
605,6,6,3,44,5,3,1,2,2,1,2.0148
605,6,6,3,45,3,2,3,1,1,1,2.9502
605,6,6,3,1,2,3,2,1,1,1,1.5536
605,6,6,3,2,8,1,2,2,2,1,0.94649
605,6,6,3,3,1,3,3,1,1,1,1.4094
605,6,6,3,4,8,1,2,2,2,1,1.4053
605,6,6,3,5,6,2,1,2,2,1,1.2242
605,6,6,3,6,7,1,3,2,2,1,1.4247
605,6,6,3,7,6,2,1,2,2,1,0.96895
605,6,6,3,8,1,3,3,1,1,1,1.7367
605,6,6,3,9,4,2,2,1,1,1,1.9033
605,6,6,3,10,7,1,3,2,2,1,2.5762
605,6,6,3,11,9,1,1,2,2,1,1.6697
605,6,6,3,12,3,2,3,1,1,1,3.1581
605,6,6,3,13,1,3,3,1,1,1,3.8722
605,6,6,3,14,8,1,2,2,2,1,1.4745
605,6,6,3,15,9,1,1,2,2,1,0.76531
605,6,6,3,16,2,3,2,1,1,1,1.8183
605,6,6,3,17,1,3,3,1,1,1,1.7754
605,6,6,3,18,9,1,1,2,2,1,0.69679
605,6,6,3,19,7,1,3,2,2,1,3.4808
605,6,6,3,20,5,3,1,2,2,1,1.9669
605,6,6,3,21,3,2,3,1,1,1,1.6465
605,6,6,3,22,2,3,2,1,1,1,3.9935
605,6,6,3,23,4,2,2,1,1,1,2.1454
605,6,6,3,24,6,2,1,2,2,1,0.72525
605,6,6,3,25,9,1,1,2,2,1,2.1578
605,6,6,3,26,3,2,3,1,1,1,1.3342
605,6,6,3,27,3,2,3,1,1,1,1.1953
605,6,6,3,28,9,1,1,2,2,1,1.1354
605,6,6,3,29,2,3,2,1,1,1,1.8599
605,6,6,3,30,2,3,2,1,1,1,1.3148
605,6,6,3,31,5,3,1,2,2,1,1.3606
605,6,6,3,32,6,2,1,2,2,1,0.84491
605,6,6,3,33,7,1,3,2,2,1,1.5837
605,6,6,3,34,4,2,2,1,1,1,1.475
605,6,6,3,35,8,1,2,2,2,1,1.9844
605,6,6,3,36,5,3,1,2,2,1,1.1007
605,6,6,3,37,4,2,2,1,1,1,1.1711
605,6,6,3,38,4,2,2,1,1,1,1.2671
605,6,6,3,39,3,2,3,1,1,1,1.713
605,6,6,3,40,5,3,1,2,2,1,1.3339
605,6,6,3,41,7,1,3,2,2,1,1.3934
605,6,6,3,42,1,3,3,1,1,1,1.3571
605,6,6,3,43,6,2,1,2,2,1,1.1228
605,6,6,3,44,5,3,1,2,2,1,1.5718
605,6,6,3,45,8,1,2,2,2,1,1.9326
605,6,6,3,1,2,3,2,1,1,1,1.7978
605,6,6,3,2,2,3,2,1,1,1,1.9482
605,6,6,3,3,3,2,3,1,1,1,2.5951
605,6,6,3,4,8,1,2,2,2,1,1.4036
605,6,6,3,5,4,2,2,1,1,1,2.2435
605,6,6,3,6,2,3,2,1,1,1,1.1701
605,6,6,3,7,3,2,3,1,1,1,2.7289
605,6,6,3,8,5,3,1,2,2,1,1.9527
605,6,6,3,9,3,2,3,1,1,1,2.4842
605,6,6,3,10,5,3,1,2,2,1,2.0049
605,6,6,3,11,2,3,2,1,1,1,1.2913
605,6,6,3,12,6,2,1,2,2,1,0.95002
605,6,6,3,13,5,3,1,2,2,1,2.1236
605,6,6,3,14,9,1,1,2,2,1,0.67807
605,6,6,3,15,6,2,1,2,2,1,1.0573
605,6,6,3,16,3,2,3,1,1,1,2.2358
605,6,6,3,17,5,3,1,2,2,1,0.62736
605,6,6,3,18,3,2,3,1,1,1,2.3964
605,6,6,3,19,7,1,3,2,2,1,2.1859
605,6,6,3,20,6,2,1,2,2,1,0.78824
605,6,6,3,21,6,2,1,2,2,1,1.0558
605,6,6,3,22,8,1,2,2,2,1,1.3182
605,6,6,3,23,2,3,2,1,1,1,1.0358
605,6,6,3,24,8,1,2,2,2,1,1.773
605,6,6,3,25,1,3,3,1,1,1,1.0716
605,6,6,3,26,9,1,1,2,2,1,0.9323
605,6,6,3,27,9,1,1,2,2,1,0.99919
605,6,6,3,28,5,3,1,2,2,1,0.96293
605,6,6,3,29,8,1,2,2,2,1,1.3304
605,6,6,3,30,9,1,1,2,2,1,2.1828
605,6,6,3,31,1,3,3,1,1,1,1.0525
605,6,6,3,32,9,1,1,2,2,1,0.61927
605,6,6,3,33,1,3,3,1,1,1,1.3372
605,6,6,3,34,1,3,3,1,1,1,1.2522
605,6,6,3,35,4,2,2,1,1,1,1.241
605,6,6,3,36,8,1,2,2,2,1,1.2618
605,6,6,3,37,7,1,3,2,2,1,1.6901
605,6,6,3,38,4,2,2,1,1,1,1.2894
605,6,6,3,39,4,2,2,1,1,1,1.38
605,6,6,3,40,6,2,1,2,2,1,0.75563
605,6,6,3,41,7,1,3,2,2,1,1.1825
605,6,6,3,42,1,3,3,1,1,1,1.1391
605,6,6,3,43,7,1,3,2,2,1,1.2004
605,6,6,3,44,4,2,2,1,1,1,1.0389
605,6,6,3,45,7,1,3,1,2,0,2.0775
605,6,6,3,1,3,2,3,1,1,1,1.7555
605,6,6,3,2,7,1,3,2,2,1,1.0039
605,6,6,3,3,9,1,1,2,2,1,1.2613
605,6,6,3,4,7,1,3,2,2,1,1.575
605,6,6,3,5,1,3,3,1,1,1,0.97787
605,6,6,3,6,7,1,3,2,2,1,1.6038
605,6,6,3,7,5,3,1,2,2,1,0.93096
605,6,6,3,8,4,2,2,1,1,1,2.1063
605,6,6,3,9,4,2,2,1,1,1,1.3081
605,6,6,3,10,3,2,3,1,1,1,2.2443
605,6,6,3,11,6,2,1,2,2,1,0.68559
605,6,6,3,12,3,2,3,1,1,1,1.7774
605,6,6,3,13,6,2,1,2,2,1,1.3562
605,6,6,3,14,2,3,2,1,1,1,1.0275
605,6,6,3,15,6,2,1,2,2,1,0.59297
605,6,6,3,16,4,2,2,1,1,1,1.8786
605,6,6,3,17,1,3,3,1,1,1,1.2541
605,6,6,3,18,9,1,1,2,2,1,0.62484
605,6,6,3,19,2,3,2,1,1,1,1.0401
605,6,6,3,20,1,3,3,1,1,1,2.3229
605,6,6,3,21,8,1,2,2,2,1,2.1174
605,6,6,3,22,3,2,3,1,1,1,2.2355
605,6,6,3,23,4,2,2,1,1,1,2.1406
605,6,6,3,24,2,3,2,1,1,1,1.7102
605,6,6,3,25,8,1,2,2,2,1,1.9519
605,6,6,3,26,8,1,2,2,2,1,1.1364
605,6,6,3,27,7,1,3,2,2,1,1.1781
605,6,6,3,28,6,2,1,2,2,1,1.0638
605,6,6,3,29,9,1,1,2,2,1,0.751
605,6,6,3,30,5,3,1,2,2,1,0.66993
605,6,6,3,31,5,3,1,2,2,1,0.61401
605,6,6,3,32,9,1,1,2,2,1,1.1224
605,6,6,3,33,3,2,3,1,1,1,1.4972
605,6,6,3,34,4,2,2,1,1,1,2.5721
605,6,6,3,35,7,1,3,2,2,1,1.2978
605,6,6,3,36,8,1,2,2,2,1,1.946
605,6,6,3,37,2,3,2,1,1,1,1.1199
605,6,6,3,38,9,1,1,2,2,1,1.2882
605,6,6,3,39,5,3,1,2,2,1,1.0681
605,6,6,3,40,1,3,3,1,1,1,1.1174
605,6,6,3,41,6,2,1,2,2,1,1.0548
605,6,6,3,42,2,3,2,1,1,1,1.0743
605,6,6,3,43,8,1,2,2,2,1,1.1833
605,6,6,3,44,1,3,3,1,1,1,1.3272
605,6,6,3,45,5,3,1,2,2,1,1.0014
605,6,6,3,1,6,2,1,2,2,1,0.79329
605,6,6,3,2,4,2,2,1,1,1,1.553
605,6,6,3,3,2,3,2,1,1,1,1.1714
605,6,6,3,4,5,3,1,2,2,1,0.64838
605,6,6,3,5,9,1,1,2,2,1,0.69365
605,6,6,3,6,5,3,1,2,2,1,0.56179
605,6,6,3,7,1,3,3,1,1,1,1.0821
605,6,6,3,8,7,1,3,2,2,1,1.6805
605,6,6,3,9,3,2,3,1,1,1,1.5108
605,6,6,3,10,7,1,3,2,2,1,2.4392
605,6,6,3,11,4,2,2,1,1,1,1.8724
605,6,6,3,12,9,1,1,2,2,1,0.6228
605,6,6,3,13,6,2,1,2,2,1,0.6493
605,6,6,3,14,2,3,2,1,1,1,1.3885
605,6,6,3,15,1,3,3,1,1,1,1.3373
605,6,6,3,16,7,1,3,2,2,1,1.1127
605,6,6,3,17,8,1,2,2,2,1,1.2294
605,6,6,3,18,6,2,1,2,2,1,0.61228
605,6,6,3,19,3,2,3,1,1,1,2.5602
605,6,6,3,20,4,2,2,1,1,1,1.9089
605,6,6,3,21,3,2,3,1,1,1,1.2532
605,6,6,3,22,6,2,1,2,2,1,0.59589
605,6,6,3,23,9,1,1,2,2,1,0.87747
605,6,6,3,24,7,1,3,2,2,1,1.3486
605,6,6,3,25,3,2,3,1,1,1,2.4327
605,6,6,3,26,7,1,3,1,2,0,2.9187
605,6,6,3,27,4,2,2,1,1,1,1.4507
605,6,6,3,28,1,3,3,1,1,1,1.6173
605,6,6,3,29,8,1,2,2,2,1,1.289
605,6,6,3,30,2,3,2,1,1,1,1.8238
605,6,6,3,31,5,3,1,2,2,1,0.83259
605,6,6,3,32,1,3,3,1,1,1,2.3546
605,6,6,3,33,2,3,2,1,1,1,1.2983
605,6,6,3,34,8,1,2,2,2,1,1.1813
605,6,6,3,35,9,1,1,2,2,1,0.72911
605,6,6,3,36,5,3,1,2,2,1,2
605,6,6,3,37,5,3,1,2,2,1,0.95737
605,6,6,3,38,1,3,3,1,1,1,1.4686
605,6,6,3,39,6,2,1,2,2,1,0.63931
605,6,6,3,40,8,1,2,2,2,1,3.1678
605,6,6,3,41,8,1,2,2,2,1,1.7921
605,6,6,3,42,3,2,3,1,1,1,1.8535
605,6,6,3,43,4,2,2,1,1,1,1.2218
605,6,6,3,44,2,3,2,1,1,1,2.0287
605,6,6,3,45,9,1,1,2,2,1,1.0033
