606,6,6,5,1,6,2,1,2,2,1,2.131
606,6,6,5,2,5,3,1,2,2,1,1.0013
606,6,6,5,3,3,2,3,1,1,1,1.7028
606,6,6,5,4,8,1,2,2,2,1,1.0613
606,6,6,5,5,4,2,2,2,1,0,1.1238
606,6,6,5,6,9,1,1,2,2,1,0.76851
606,6,6,5,7,1,3,3,1,1,1,0.91234
606,6,6,5,8,2,3,2,1,1,1,0.94207
606,6,6,5,9,7,1,3,2,2,1,0.79908
606,6,6,5,10,8,1,2,2,2,1,0.71567
606,6,6,5,11,2,3,2,1,1,1,1.9679
606,6,6,5,12,3,2,3,1,1,1,0.80152
606,6,6,5,13,5,3,1,2,2,1,1.1854
606,6,6,5,14,7,1,3,2,2,1,0.91521
606,6,6,5,15,5,3,1,1,2,0,1.6984
606,6,6,5,16,2,3,2,1,1,1,1.1277
606,6,6,5,17,5,3,1,2,2,1,0.81764
606,6,6,5,18,1,3,3,1,1,1,1.388
606,6,6,5,19,9,1,1,2,2,1,0.77397
606,6,6,5,20,8,1,2,2,2,1,1.002
606,6,6,5,21,4,2,2,2,1,0,0.64867
606,6,6,5,22,9,1,1,2,2,1,1.0697
606,6,6,5,23,2,3,2,1,1,1,1.1581
606,6,6,5,24,7,1,3,2,2,1,1.2204
606,6,6,5,25,8,1,2,2,2,1,1.7042
606,6,6,5,26,8,1,2,2,2,1,1.7314
606,6,6,5,27,9,1,1,2,2,1,1.0027
606,6,6,5,28,3,2,3,1,1,1,1.0862
606,6,6,5,29,6,2,1,2,2,1,1.7544
606,6,6,5,30,5,3,1,2,2,1,1.7645
606,6,6,5,31,2,3,2,1,1,1,1.9227
606,6,6,5,32,6,2,1,2,2,1,1.3513
606,6,6,5,33,4,2,2,1,1,1,1.9622
606,6,6,5,34,8,1,2,2,2,1,0.9685
606,6,6,5,35,7,1,3,2,2,1,1.6658
606,6,6,5,36,6,2,1,2,2,1,1.3263
606,6,6,5,37,4,2,2,1,1,1,1.1038
606,6,6,5,38,3,2,3,1,1,1,0.77828
606,6,6,5,39,6,2,1,2,2,1,0.99459
606,6,6,5,40,4,2,2,1,1,1,1.0672
606,6,6,5,41,3,2,3,1,1,1,1.3321
606,6,6,5,42,4,2,2,1,1,1,2.0014
606,6,6,5,43,1,3,3,1,1,1,1.0879
606,6,6,5,44,6,2,1,2,2,1,1.5018
606,6,6,5,45,5,3,1,2,2,1,3.3736
606,6,6,5,46,9,1,1,2,2,1,2.2856
606,6,6,5,47,2,3,2,2,1,0,2.3797
606,6,6,5,48,1,3,3,1,1,1,0.97559
606,6,6,5,49,9,1,1,2,2,1,2.6832
606,6,6,5,50,3,2,3,1,1,1,0.92359
606,6,6,5,51,1,3,3,1,1,1,0.81782
606,6,6,5,52,1,3,3,1,1,1,0.84929
606,6,6,5,53,7,1,3,2,2,1,1.554
606,6,6,5,54,7,1,3,2,2,1,1.4835
606,6,6,5,1,7,1,3,2,2,1,0.81967
606,6,6,5,2,4,2,2,1,1,1,1.698
606,6,6,5,3,3,2,3,1,1,1,1.0448
606,6,6,5,4,9,1,1,2,2,1,0.78487
606,6,6,5,5,7,1,3,2,2,1,1.6224
606,6,6,5,6,8,1,2,2,2,1,1.8749
606,6,6,5,7,9,1,1,2,2,1,0.98986
606,6,6,5,8,1,3,3,1,1,1,0.87843
606,6,6,5,9,8,1,2,2,2,1,1.0931
606,6,6,5,10,5,3,1,1,2,0,1.0682
606,6,6,5,11,8,1,2,2,2,1,0.98807
606,6,6,5,12,7,1,3,2,2,1,0.84458
606,6,6,5,13,9,1,1,2,2,1,1.539
606,6,6,5,14,6,2,1,2,2,1,1.3909
606,6,6,5,15,2,3,2,1,1,1,1.5178
606,6,6,5,16,5,3,1,2,2,1,3.0849
606,6,6,5,17,7,1,3,2,2,1,0.93959
606,6,6,5,18,6,2,1,2,2,1,1.3469
606,6,6,5,19,2,3,2,1,1,1,1.4012
606,6,6,5,20,2,3,2,1,1,1,1.3592
606,6,6,5,21,5,3,1,2,2,1,1.7459
606,6,6,5,22,6,2,1,2,2,1,1.661
606,6,6,5,23,4,2,2,1,1,1,1.6257
606,6,6,5,24,8,1,2,2,2,1,1.2981
606,6,6,5,25,1,3,3,1,1,1,1.0953
606,6,6,5,26,6,2,1,2,2,1,1.3273
606,6,6,5,27,9,1,1,2,2,1,0.80138
606,6,6,5,28,4,2,2,1,1,1,1.7474
606,6,6,5,29,5,3,1,2,2,1,1.3563
606,6,6,5,30,9,1,1,2,2,1,1.0084
606,6,6,5,31,3,2,3,1,1,1,1.1513
606,6,6,5,32,1,3,3,1,1,1,0.98549
606,6,6,5,33,7,1,3,2,2,1,2.0267
606,6,6,5,34,2,3,2,1,1,1,1.3803
606,6,6,5,35,4,2,2,1,1,1,1.6143
606,6,6,5,36,3,2,3,1,1,1,0.9512
606,6,6,5,37,1,3,3,1,1,1,0.67228
606,6,6,5,38,8,1,2,2,2,1,0.84677
606,6,6,5,39,3,2,3,1,1,1,1.019
606,6,6,5,40,1,3,3,1,1,1,0.75585
606,6,6,5,41,6,2,1,2,2,1,1.506
606,6,6,5,42,3,2,3,1,1,1,1.106
606,6,6,5,43,4,2,2,2,1,0,1.8236
606,6,6,5,44,5,3,1,2,2,1,1.2009
606,6,6,5,45,2,3,2,2,1,0,1.3434
606,6,6,5,1,8,1,2,2,2,1,2.0228
606,6,6,5,2,7,1,3,2,2,1,1.0078
606,6,6,5,3,8,1,2,1,2,0,1.1514
606,6,6,5,4,8,1,2,2,2,1,1.8504
606,6,6,5,5,3,2,3,1,1,1,1.6786
606,6,6,5,6,4,2,2,1,1,1,1.9741
606,6,6,5,7,2,3,2,1,1,1,0.87997
606,6,6,5,8,9,1,1,2,2,1,1.0861
606,6,6,5,9,2,3,2,1,1,1,0.6847
606,6,6,5,10,1,3,3,1,1,1,0.84715
606,6,6,5,11,4,2,2,1,1,1,0.89851
606,6,6,5,12,8,1,2,2,2,1,2.6918
606,6,6,5,13,3,2,3,1,1,1,1.7735
606,6,6,5,14,9,1,1,2,2,1,0.94589
606,6,6,5,15,4,2,2,1,1,1,1.7046
606,6,6,5,16,3,2,3,1,1,1,1.837
606,6,6,5,17,1,3,3,1,1,1,1.0293
606,6,6,5,18,3,2,3,1,1,1,1.3865
606,6,6,5,19,5,3,1,2,2,1,1.8609
606,6,6,5,20,7,1,3,2,2,1,0.67989
606,6,6,5,21,5,3,1,1,2,0,0.7232
606,6,6,5,22,9,1,1,2,2,1,0.94745
606,6,6,5,23,1,3,3,1,1,1,1.3599
606,6,6,5,24,2,3,2,1,1,1,1.1409
606,6,6,5,25,7,1,3,1,2,0,2.7013
606,6,6,5,26,4,2,2,1,1,1,1.5321
606,6,6,5,27,1,3,3,1,1,1,0.97388
606,6,6,5,28,6,2,1,2,2,1,1.1418
606,6,6,5,29,6,2,1,2,2,1,1.325
606,6,6,5,30,1,3,3,1,1,1,1.306
606,6,6,5,31,9,1,1,2,2,1,1.2981
606,6,6,5,32,7,1,3,2,2,1,1.5329
606,6,6,5,33,5,3,1,2,2,1,1.3022
606,6,6,5,34,6,2,1,2,2,1,2.1473
606,6,6,5,35,5,3,1,2,2,1,1.425
606,6,6,5,36,4,2,2,1,1,1,1.4393
606,6,6,5,37,8,1,2,2,2,1,1.5624
606,6,6,5,38,2,3,2,1,1,1,1.239
606,6,6,5,39,2,3,2,1,1,1,1.1909
606,6,6,5,40,3,2,3,1,1,1,2.0352
606,6,6,5,41,6,2,1,2,2,1,1.1923
606,6,6,5,42,9,1,1,2,2,1,1.1613
606,6,6,5,43,7,1,3,2,2,1,0.83982
606,6,6,5,44,5,3,1,2,2,1,1.2434
606,6,6,5,45,6,2,1,2,2,1,1.0852
606,6,6,5,1,7,1,3,2,2,1,0.99858
606,6,6,5,2,1,3,3,1,1,1,0.91559
606,6,6,5,3,6,2,1,2,2,1,1.2832
606,6,6,5,4,6,2,1,2,2,1,0.95455
606,6,6,5,5,7,1,3,2,2,1,0.76271
606,6,6,5,6,6,2,1,2,2,1,1.002
606,6,6,5,7,4,2,2,1,1,1,2.8469
606,6,6,5,8,3,2,3,1,1,1,1.3538
606,6,6,5,9,5,3,1,2,2,1,2.7135
606,6,6,5,10,5,3,1,2,2,1,1.1553
606,6,6,5,11,3,2,3,1,1,1,1.7535
606,6,6,5,12,9,1,1,2,2,1,1.1202
606,6,6,5,13,9,1,1,2,2,1,1.0399
606,6,6,5,14,9,1,1,2,2,1,1.376
606,6,6,5,15,8,1,2,2,2,1,1.8105
606,6,6,5,16,8,1,2,2,2,1,1.3672
606,6,6,5,17,2,3,2,1,1,1,1.0933
606,6,6,5,18,7,1,3,2,2,1,1.7208
606,6,6,5,19,2,3,2,1,1,1,0.78348
606,6,6,5,20,3,2,3,1,1,1,1.5478
606,6,6,5,21,1,3,3,1,1,1,0.65873
606,6,6,5,22,4,2,2,1,1,1,2.8144
606,6,6,5,23,3,2,3,1,1,1,1.1493
606,6,6,5,24,1,3,3,1,1,1,1.2629
606,6,6,5,25,4,2,2,2,1,0,1.8475
606,6,6,5,26,5,3,1,2,2,1,1.0821
606,6,6,5,27,9,1,1,2,2,1,0.84036
606,6,6,5,28,9,1,1,2,2,1,1.0588
606,6,6,5,29,3,2,3,1,1,1,2.1174
606,6,6,5,30,7,1,3,2,2,1,0.75958
606,6,6,5,31,6,2,1,2,2,1,1.7715
606,6,6,5,32,2,3,2,1,1,1,0.9276
606,6,6,5,33,7,1,3,2,2,1,0.75894
606,6,6,5,34,1,3,3,1,1,1,0.90842
606,6,6,5,35,8,1,2,2,2,1,0.85376
606,6,6,5,36,6,2,1,2,2,1,1.0943
606,6,6,5,37,1,3,3,1,1,1,0.97464
606,6,6,5,38,5,3,1,2,2,1,1.4086
606,6,6,5,39,8,1,2,2,2,1,1.8177
606,6,6,5,40,8,1,2,2,2,1,1.5433
606,6,6,5,41,5,3,1,2,2,1,1.6589
606,6,6,5,42,2,3,2,1,1,1,1.5593
606,6,6,5,43,4,2,2,1,1,1,1.2745
606,6,6,5,44,2,3,2,1,1,1,1.3112
606,6,6,5,45,4,2,2,1,1,1,2.5048
606,6,6,5,1,5,3,1,1,2,0,2.8373
606,6,6,5,2,5,3,1,2,2,1,1.1786
606,6,6,5,3,2,3,2,1,1,1,1.1355
606,6,6,5,4,5,3,1,2,2,1,2.8562
606,6,6,5,5,7,1,3,2,2,1,1.4713
606,6,6,5,6,4,2,2,1,1,1,1.1076
606,6,6,5,7,9,1,1,2,2,1,1.0776
606,6,6,5,8,1,3,3,1,1,1,1.0539
606,6,6,5,9,8,1,2,2,2,1,1.1436
606,6,6,5,10,1,3,3,1,1,1,1.1635
606,6,6,5,11,8,1,2,2,2,1,0.9056
606,6,6,5,12,9,1,1,2,2,1,1.1328
606,6,6,5,13,9,1,1,2,2,1,1.1041
606,6,6,5,14,3,2,3,1,1,1,1.1258
606,6,6,5,15,9,1,1,2,2,1,0.88255
606,6,6,5,16,7,1,3,2,2,1,1.6332
606,6,6,5,17,1,3,3,1,1,1,1.6251
606,6,6,5,18,3,2,3,1,1,1,0.89771
606,6,6,5,19,8,1,2,1,2,0,2.4646
606,6,6,5,20,3,2,3,1,1,1,1.7485
606,6,6,5,21,6,2,1,2,2,1,1.3615
606,6,6,5,22,7,1,3,2,2,1,1.0253
606,6,6,5,23,7,1,3,2,2,1,1.4738
606,6,6,5,24,5,3,1,2,2,1,1.4407
606,6,6,5,25,3,2,3,1,1,1,2.0922
606,6,6,5,26,3,2,3,1,1,1,1.5299
606,6,6,5,27,5,3,1,2,2,1,1.5803
606,6,6,5,28,8,1,2,2,2,1,0.82928
606,6,6,5,29,2,3,2,1,1,1,1.6221
606,6,6,5,30,4,2,2,1,1,1,1.6151
606,6,6,5,31,2,3,2,1,1,1,0.95728
606,6,6,5,32,6,2,1,2,2,1,0.95316
606,6,6,5,33,9,1,1,2,2,1,0.70668
606,6,6,5,34,2,3,2,1,1,1,1.0153
606,6,6,5,35,6,2,1,2,2,1,1.0026
606,6,6,5,36,2,3,2,1,1,1,1.748
606,6,6,5,37,1,3,3,1,1,1,1.755
606,6,6,5,38,6,2,1,2,2,1,1.1208
606,6,6,5,39,4,2,2,1,1,1,1.6958
606,6,6,5,40,1,3,3,1,1,1,0.86833
606,6,6,5,41,7,1,3,2,2,1,0.92538
606,6,6,5,42,6,2,1,2,2,1,0.79182
606,6,6,5,43,4,2,2,1,1,1,1.775
606,6,6,5,44,4,2,2,1,1,1,1.4496
606,6,6,5,45,8,1,2,2,2,1,0.75093
606,6,6,5,1,7,1,3,2,2,1,0.94377
606,6,6,5,2,1,3,3,1,1,1,0.7967
606,6,6,5,3,4,2,2,1,1,1,1.317
606,6,6,5,4,1,3,3,1,1,1,0.75027
606,6,6,5,5,3,2,3,1,1,1,1.0321
606,6,6,5,6,7,1,3,1,2,0,1.3526
606,6,6,5,7,3,2,3,1,1,1,2.1451
606,6,6,5,8,9,1,1,2,2,1,1.69
606,6,6,5,9,1,3,3,1,1,1,2.4782
606,6,6,5,10,3,2,3,1,1,1,2.6989
606,6,6,5,11,5,3,1,2,2,1,1.444
606,6,6,5,12,9,1,1,2,2,1,2.6179
606,6,6,5,13,8,1,2,2,2,1,3.126
606,6,6,5,14,4,2,2,2,1,0,1.4114
606,6,6,5,15,8,1,2,2,2,1,1.4986
606,6,6,5,16,7,1,3,2,2,1,2.1517
606,6,6,5,17,2,3,2,1,1,1,2.1968
606,6,6,5,18,5,3,1,2,2,1,1.2665
606,6,6,5,19,7,1,3,2,2,1,0.95723
606,6,6,5,20,2,3,2,1,1,1,0.93326
606,6,6,5,21,2,3,2,1,1,1,1.1148
606,6,6,5,22,6,2,1,2,2,1,1.0247
606,6,6,5,23,6,2,1,2,2,1,1.2983
606,6,6,5,24,2,3,2,1,1,1,1.2209
606,6,6,5,25,6,2,1,2,2,1,1.1664
606,6,6,5,26,4,2,2,1,1,1,2.8101
606,6,6,5,27,8,1,2,2,2,1,1.7998
606,6,6,5,28,7,1,3,2,2,1,1.6196
606,6,6,5,29,2,3,2,1,1,1,1.2831
606,6,6,5,30,8,1,2,2,2,1,0.77139
606,6,6,5,31,1,3,3,1,1,1,1.2316
606,6,6,5,32,6,2,1,2,2,1,1.3741
606,6,6,5,33,3,2,3,1,1,1,0.94475
606,6,6,5,34,1,3,3,1,1,1,1.4008
606,6,6,5,35,5,3,1,2,2,1,1.1119
606,6,6,5,36,6,2,1,2,2,1,1.4659
606,6,6,5,37,4,2,2,1,1,1,2.5699
606,6,6,5,38,4,2,2,1,1,1,2.059
606,6,6,5,39,9,1,1,2,2,1,1.0103
606,6,6,5,40,5,3,1,2,2,1,0.98217
606,6,6,5,41,8,1,2,2,2,1,0.91035
606,6,6,5,42,3,2,3,1,1,1,1.5808
606,6,6,5,43,5,3,1,2,2,1,2.4809
606,6,6,5,44,9,1,1,2,2,1,0.93063
606,6,6,5,45,9,1,1,2,2,1,0.98688
606,6,6,5,1,8,1,2,2,2,1,1.5038
606,6,6,5,2,2,3,2,1,1,1,0.99484
606,6,6,5,3,5,3,1,1,2,0,1.2123
606,6,6,5,4,3,2,3,1,1,1,1.3254
606,6,6,5,5,8,1,2,2,2,1,0.75454
606,6,6,5,6,2,3,2,1,1,1,1.4469
606,6,6,5,7,9,1,1,2,2,1,0.89582
606,6,6,5,8,6,2,1,2,2,1,2.0352
606,6,6,5,9,4,2,2,1,1,1,1.8322
606,6,6,5,10,5,3,1,1,2,0,1.5908
606,6,6,5,11,3,2,3,1,1,1,2.1442
606,6,6,5,12,6,2,1,2,2,1,2.0057
606,6,6,5,13,8,1,2,2,2,1,1.4845
606,6,6,5,14,6,2,1,2,2,1,1.8854
606,6,6,5,15,3,2,3,1,1,1,1.904
606,6,6,5,16,5,3,1,2,2,1,1.7545
606,6,6,5,17,1,3,3,1,1,1,1.1921
606,6,6,5,18,2,3,2,1,1,1,1.1057
606,6,6,5,19,1,3,3,1,1,1,2.5354
606,6,6,5,20,6,2,1,2,2,1,0.95374
606,6,6,5,21,7,1,3,2,2,1,0.72508
606,6,6,5,22,8,1,2,2,2,1,0.73105
606,6,6,5,23,9,1,1,2,2,1,1.2109
606,6,6,5,24,3,2,3,1,1,1,1.5346
606,6,6,5,25,9,1,1,2,2,1,1.0359
606,6,6,5,26,9,1,1,2,2,1,0.69929
606,6,6,5,27,4,2,2,1,1,1,2.0529
606,6,6,5,28,4,2,2,1,1,1,1.9187
606,6,6,5,29,1,3,3,1,1,1,0.75729
606,6,6,5,30,2,3,2,1,1,1,0.90954
606,6,6,5,31,2,3,2,1,1,1,0.87942
606,6,6,5,32,7,1,3,2,2,1,0.87764
606,6,6,5,33,4,2,2,1,1,1,1.5266
606,6,6,5,34,8,1,2,2,2,1,1.3752
606,6,6,5,35,4,2,2,1,1,1,0.97263
606,6,6,5,36,7,1,3,2,2,1,1.7255
606,6,6,5,37,5,3,1,1,2,0,0.71697
606,6,6,5,38,3,2,3,1,1,1,1.1018
606,6,6,5,39,7,1,3,2,2,1,2.6251
606,6,6,5,40,1,3,3,1,1,1,1.0082
606,6,6,5,41,5,3,1,2,2,1,0.94331
606,6,6,5,42,9,1,1,2,2,1,0.91068
606,6,6,5,43,1,3,3,1,1,1,2.1401
606,6,6,5,44,7,1,3,2,2,1,1.3651
606,6,6,5,45,6,2,1,2,2,1,1.3453
606,6,6,5,1,1,3,3,1,1,1,1.3481
606,6,6,5,2,6,2,1,2,2,1,1.0996
606,6,6,5,3,2,3,2,1,1,1,0.90156
606,6,6,5,4,4,2,2,1,1,1,1.6766
606,6,6,5,5,2,3,2,1,1,1,0.81803
606,6,6,5,6,9,1,1,2,2,1,0.67355
606,6,6,5,7,8,1,2,2,2,1,0.62196
606,6,6,5,8,9,1,1,2,2,1,0.68084
606,6,6,5,9,9,1,1,2,2,1,1.4877
606,6,6,5,10,1,3,3,1,1,1,1.0913
606,6,6,5,11,3,2,3,1,1,1,1.1313
606,6,6,5,12,6,2,1,2,2,1,1.5941
606,6,6,5,13,7,1,3,2,2,1,1.2
606,6,6,5,14,8,1,2,2,2,1,2.3825
606,6,6,5,15,7,1,3,2,2,1,1.622
606,6,6,5,16,5,3,1,2,2,1,1.2845
606,6,6,5,17,9,1,1,2,2,1,0.93075
606,6,6,5,18,8,1,2,2,2,1,0.85786
606,6,6,5,19,4,2,2,2,1,0,2.2916
606,6,6,5,20,5,3,1,2,2,1,1.0916
606,6,6,5,21,2,3,2,1,1,1,1.0551
606,6,6,5,22,5,3,1,2,2,1,2.328
606,6,6,5,23,1,3,3,1,1,1,1.5883
606,6,6,5,24,7,1,3,2,2,1,1.2497
606,6,6,5,25,8,1,2,2,2,1,0.7302
606,6,6,5,26,2,3,2,1,1,1,1.0309
606,6,6,5,27,4,2,2,2,1,0,1.0721
606,6,6,5,28,6,2,1,2,2,1,1.0678
606,6,6,5,29,1,3,3,1,1,1,0.62554
606,6,6,5,30,5,3,1,2,2,1,1.1337
606,6,6,5,31,5,3,1,2,2,1,2.3668
606,6,6,5,32,9,1,1,2,2,1,1.0888
606,6,6,5,33,1,3,3,1,1,1,1.1326
606,6,6,5,34,2,3,2,1,1,1,1.1877
606,6,6,5,35,8,1,2,2,2,1,1.1527
606,6,6,5,36,7,1,3,2,2,1,0.82755
606,6,6,5,37,6,2,1,2,2,1,2.2069
606,6,6,5,38,6,2,1,2,2,1,1.5862
606,6,6,5,39,4,2,2,1,1,1,1.5681
606,6,6,5,40,3,2,3,1,1,1,1.0028
606,6,6,5,41,7,1,3,2,2,1,2.6361
606,6,6,5,42,3,2,3,1,1,1,1.539
606,6,6,5,43,3,2,3,1,1,1,1.0662
606,6,6,5,44,3,2,3,1,1,1,1.8484
606,6,6,5,45,4,2,2,1,1,1,3.5714
606,6,6,5,1,6,2,1,2,2,1,1.4491
606,6,6,5,2,8,1,2,2,2,1,1.3987
606,6,6,5,3,1,3,3,1,1,1,1.6438
606,6,6,5,4,2,3,2,1,1,1,1.7516
606,6,6,5,5,3,2,3,1,1,1,2.4647
606,6,6,5,6,9,1,1,2,2,1,1.1833
606,6,6,5,7,4,2,2,1,1,1,1.5908
606,6,6,5,8,4,2,2,1,1,1,1.2364
606,6,6,5,9,5,3,1,2,2,1,1.8172
606,6,6,5,10,9,1,1,2,2,1,0.80918
606,6,6,5,11,4,2,2,1,1,1,1.0301
606,6,6,5,12,3,2,3,1,1,1,0.936
606,6,6,5,13,9,1,1,2,2,1,0.80951
606,6,6,5,14,2,3,2,1,1,1,0.99643
606,6,6,5,15,5,3,1,1,2,0,0.9541
606,6,6,5,16,3,2,3,1,1,1,1.6698
606,6,6,5,17,2,3,2,1,1,1,1.0524
606,6,6,5,18,3,2,3,1,1,1,2.9668
606,6,6,5,19,7,1,3,2,2,1,0.81568
606,6,6,5,20,1,3,3,1,1,1,1.0878
606,6,6,5,21,8,1,2,2,2,1,1.1483
606,6,6,5,22,8,1,2,2,2,1,1.1503
606,6,6,5,23,6,2,1,2,2,1,1.072
606,6,6,5,24,8,1,2,2,2,1,0.71081
606,6,6,5,25,1,3,3,1,1,1,0.75681
606,6,6,5,26,4,2,2,1,1,1,1.268
606,6,6,5,27,6,2,1,2,2,1,1.1283
606,6,6,5,28,6,2,1,2,2,1,1.2252
606,6,6,5,29,6,2,1,2,2,1,1.4559
606,6,6,5,30,4,2,2,1,1,1,1.923
606,6,6,5,31,8,1,2,2,2,1,1.1077
606,6,6,5,32,7,1,3,2,2,1,2.4153
606,6,6,5,33,1,3,3,1,1,1,0.72551
606,6,6,5,34,1,3,3,1,1,1,1.2482
606,6,6,5,35,7,1,3,2,2,1,0.9387
606,6,6,5,36,7,1,3,2,2,1,1.0413
606,6,6,5,37,5,3,1,1,2,0,0.81318
606,6,6,5,38,2,3,2,1,1,1,1.191
606,6,6,5,39,3,2,3,1,1,1,1.8159
606,6,6,5,40,5,3,1,2,2,1,1.0045
606,6,6,5,41,5,3,1,2,2,1,0.56655
606,6,6,5,42,2,3,2,1,1,1,1.6473
606,6,6,5,43,9,1,1,2,2,1,0.97085
606,6,6,5,44,9,1,1,2,2,1,0.98598
606,6,6,5,45,7,1,3,2,2,1,1.3124
606,6,6,5,1,3,2,3,1,1,1,1.8288
606,6,6,5,2,3,2,3,1,1,1,1.0597
606,6,6,5,3,4,2,2,1,1,1,0.94109
606,6,6,5,4,1,3,3,1,1,1,0.66681
606,6,6,5,5,5,3,1,2,2,1,1.2437
606,6,6,5,6,3,2,3,1,1,1,1.8709
606,6,6,5,7,8,1,2,2,2,1,0.91439
606,6,6,5,8,7,1,3,2,2,1,0.96144
606,6,6,5,9,9,1,1,2,2,1,0.87717
606,6,6,5,10,9,1,1,2,2,1,1.1432
606,6,6,5,11,8,1,2,2,2,1,0.80418
606,6,6,5,12,4,2,2,1,1,1,2.8706
606,6,6,5,13,1,3,3,1,1,1,1.2627
606,6,6,5,14,8,1,2,2,2,1,0.94753
606,6,6,5,15,1,3,3,1,1,1,1.0026
606,6,6,5,16,8,1,2,2,2,1,0.8264
606,6,6,5,17,7,1,3,2,2,1,0.66526
606,6,6,5,18,5,3,1,2,2,1,1.4243
606,6,6,5,19,5,3,1,2,2,1,1.0933
606,6,6,5,20,4,2,2,2,1,0,1.6455
606,6,6,5,21,1,3,3,1,1,1,1.009
606,6,6,5,22,3,2,3,1,1,1,2.1369
606,6,6,5,23,9,1,1,2,2,1,1.1247
606,6,6,5,24,6,2,1,2,2,1,0.96972
606,6,6,5,25,7,1,3,2,2,1,0.81904
606,6,6,5,26,4,2,2,1,1,1,2.6274
606,6,6,5,27,2,3,2,1,1,1,1.4263
606,6,6,5,28,2,3,2,1,1,1,1.3794
606,6,6,5,29,2,3,2,1,1,1,2.0992
606,6,6,5,30,5,3,1,2,2,1,1.095
606,6,6,5,31,6,2,1,2,2,1,1.0056
606,6,6,5,32,3,2,3,2,1,0,1.3222
606,6,6,5,33,4,2,2,1,1,1,1.3907
606,6,6,5,34,6,2,1,2,2,1,0.87197
606,6,6,5,35,6,2,1,2,2,1,0.8459
606,6,6,5,36,7,1,3,2,2,1,1.2264
606,6,6,5,37,6,2,1,2,2,1,0.92882
606,6,6,5,38,7,1,3,2,2,1,1.1912
606,6,6,5,39,9,1,1,2,2,1,0.756
606,6,6,5,40,1,3,3,1,1,1,1.4233
606,6,6,5,41,8,1,2,2,2,1,0.84148
606,6,6,5,42,2,3,2,1,1,1,1.7492
606,6,6,5,43,9,1,1,2,2,1,0.90247
606,6,6,5,44,2,3,2,1,1,1,0.96687
606,6,6,5,45,5,3,1,1,2,0,1.9126
