505	5	884.3	1	2	2
505	5	647.49	1	2	2
505	5	883	1	2	2
505	5	836.69	1	2	2
505	5	479.75	1	2	2
505	5	697.38	1	2	2
505	5	744.88	1	2	2
505	5	771.75	1	2	2
505	5	879.01	1	2	2
505	5	698.26	1	2	2
505	5	572.34	1	2	2
505	5	720.78	1	2	2
505	5	728.7	1	2	2
505	5	493.53	1	2	2
505	5	849.36	1	2	2
505	5	888.98	1	2	2
505	5	764	1	2	2
505	5	850.91	1	2	2
505	5	676.37	1	2	2
505	5	654.84	1	2	2
505	5	644.03	1	2	2
505	5	789.18	1	2	2
505	5	658.18	1	2	2
505	5	862.23	1	2	2
505	5	646.33	1	2	2
505	5	753.37	1	2	2
505	5	788.54	1	2	2
505	5	837.24	1	2	2
505	5	723.19	1	2	2
505	5	606.19	1	2	2
505	5	626.04	1	2	2
505	5	551.94	1	2	2
505	5	775.17	1	2	2
505	5	836.77	1	2	2
505	5	649.98	1	2	2
505	5	645.2	1	2	2
505	5	634.27	1	2	2
505	5	622.28	1	2	2
505	5	766.51	1	2	2
505	5	638.66	1	2	2
505	5	695.13	1	2	2
505	5	877.41	1	2	2
505	5	715.18	1	2	2
505	5	630.44	1	2	2
505	5	701.77	1	2	2
505	5	1065.9	1	2	2
505	5	634.69	1	2	2
505	5	842.03	1	2	2
505	5	489.56	1	2	2
505	5	617.49	1	2	2
505	5	759.35	1	2	2
505	5	1334.9	0	2	2
505	5	494.74	1	2	2
505	5	630.35	1	2	2
505	5	558.95	1	2	2
505	5	414.75	1	2	2
505	5	806.76	1	2	2
505	5	638.52	1	2	2
505	5	593.53	1	2	2
505	5	682.95	1	2	2
505	5	671.25	1	2	2
505	5	802.99	1	2	2
505	5	608.7	1	2	2
505	5	598.29	1	2	2
505	5	477.55	1	2	2
505	5	624.76	1	2	2
505	5	736.44	1	2	2
505	5	673.62	1	2	2
505	5	583.85	1	2	2
505	5	623.74	1	2	2
505	5	548.22	1	2	2
505	5	686.77	1	2	2
505	5	1022.1	1	2	2
505	5	614.43	1	2	2
505	5	552.17	1	2	2
505	5	543.94	1	2	2
505	5	581.51	1	2	2
505	5	517.83	1	2	2
505	5	497.14	1	2	2
505	5	514.78	1	2	2
505	5	637.69	1	2	2
505	5	570.71	1	2	2
505	5	486.21	1	2	2
505	5	517.34	1	2	2
505	5	483.95	1	2	2
505	5	605.8	1	2	2
505	5	529.14	1	2	2
505	5	581.1	1	2	2
505	5	518.49	1	2	2
505	5	488.57	1	2	2
505	5	789.29	1	2	2
505	5	580	1	2	2
505	5	583.44	1	2	2
505	5	518.58	1	2	2
505	5	579.65	1	2	2
505	5	484.48	1	2	2
505	5	570.52	1	2	2
505	5	548.4	1	2	2
505	5	477.36	1	2	2
505	5	490.17	1	2	2
505	5	493.48	1	2	2
505	5	626.32	1	2	2
505	5	782.23	0	2	2
505	5	675.99	1	2	2
505	5	561.19	1	2	2
505	5	632.59	1	2	2
505	5	518.22	1	2	2
505	5	696.66	1	2	2
505	5	609.49	1	2	2
505	5	745.29	1	2	2
505	5	579.86	1	2	2
505	5	608.94	1	2	2
505	5	581	1	2	2
505	5	527.48	1	2	2
505	5	633.36	1	2	2
505	5	607.72	1	2	2
505	5	608.5	1	2	2
505	5	633.92	1	2	2
505	5	538.8	1	2	2
505	5	665.42	1	2	2
505	5	618.82	1	2	2
505	5	738.73	1	2	2
505	5	556.34	1	2	2
505	5	589.14	1	2	2
505	5	649.89	1	2	2
505	5	680.58	1	2	2
505	5	984.73	1	2	2
505	5	487.21	1	2	2
505	5	885.64	1	2	2
505	5	478.51	1	2	2
505	5	500.73	1	2	2
505	5	517.75	1	2	2
505	5	606.41	1	2	2
505	5	598.37	1	2	2
505	5	588.31	1	2	2
505	5	462.37	1	2	2
505	5	542.9	1	2	2
505	5	478.87	1	2	2
505	5	618.5	1	2	2
505	5	502.71	1	2	2
505	5	491.29	1	2	2
505	5	422.51	1	2	2
505	5	582.65	1	2	2
505	5	488.39	1	2	2
505	5	563.49	1	2	2
505	5	482.69	1	2	2
505	5	573.18	1	2	2
505	5	519.45	1	2	2
505	5	510.29	1	2	2
505	5	507.8	1	2	2
505	5	421.17	1	2	2
505	5	478.68	1	2	2
505	5	584.19	1	2	2
505	5	814.13	1	2	2
505	5	628.43	1	2	2
505	5	641.77	1	2	2
505	5	512.09	1	2	2
505	5	516.01	1	2	2
505	5	611.9	1	2	2
505	5	1587.9	1	2	2
505	5	676.77	1	2	2
505	5	560.17	1	2	2
505	5	457.47	1	2	2
505	5	368.75	1	2	2
505	5	522.72	1	2	2
505	5	533.19	1	2	2
505	5	398.89	1	2	2
505	5	710.32	1	2	2
505	5	576.12	1	2	2
505	5	593.83	1	2	2
505	5	569.22	1	2	2
505	5	626.6	1	2	2
505	5	570.34	1	2	2
505	5	597.24	1	2	2
505	5	635.67	1	2	2
505	5	643.29	1	2	2
505	5	671.97	1	2	2
505	5	598.03	1	2	2
505	5	576.96	1	2	2
505	5	646.43	1	2	2
505	5	565.03	1	2	2
505	5	611.01	1	2	2
505	5	579.87	1	2	2
505	5	531.19	1	2	2
505	5	585.86	1	2	2
505	5	578.99	1	2	2
505	5	583.36	1	2	2
505	5	500.3	1	2	2
505	5	458.43	1	2	2
505	5	708.34	1	2	2
505	5	569.52	1	2	2
505	5	616.27	1	2	2
505	5	546.78	1	2	2
505	5	480.75	1	2	2
505	5	652.36	1	2	2
505	5	610.25	1	2	2
505	5	592.94	1	2	2
505	5	537.79	1	2	2
505	5	667.35	1	2	2
505	5	717.71	1	2	2
505	5	492.1	1	2	2
505	5	370.06	1	2	2
505	5	618.01	1	2	2
505	5	499.55	1	2	2
505	5	589.82	1	2	2
505	5	541.67	1	2	2
505	5	503.65	1	2	2
505	5	520.91	1	2	2
505	5	402.72	1	2	2
505	5	786.98	1	2	2
505	5	648.55	1	2	2
505	5	631.71	1	2	2
505	5	579.08	1	2	2
505	5	789.6	1	2	2
505	5	526.06	1	2	2
505	5	508.16	1	2	2
505	5	562.82	1	2	2
505	5	763.99	1	2	2
505	5	603.51	1	2	2
505	5	549.26	1	2	2
505	5	535.59	1	2	2
505	5	542.23	1	2	2
505	5	550.8	1	2	2
505	5	669.73	1	2	2
505	5	568.43	1	2	2
505	5	572.94	1	2	2
505	5	441.61	1	2	2
505	5	550.8	1	2	2
505	5	582.23	1	2	2
505	5	577.81	1	2	2
505	5	553.61	1	2	2
505	5	593.81	1	2	2
505	5	587.07	1	2	2
505	5	540.43	1	2	2
505	5	558.38	1	2	2
505	5	765.72	1	2	2
505	5	550.16	1	2	2
505	5	574.27	1	2	2
505	5	506.28	1	2	2
505	5	560.28	1	2	2
505	5	811.54	1	2	2
505	5	509.9	1	2	2
505	5	605.62	1	2	2
505	5	637.26	1	2	2
505	5	608.84	1	2	2
505	5	764.35	1	2	2
505	5	677.02	1	2	2
505	5	538.18	1	2	2
505	5	632.45	1	2	2
505	5	550.33	1	2	2
505	5	715.28	1	2	2
505	5	624.66	1	2	2
505	5	548.94	1	2	2
505	5	566.55	1	2	2
505	5	444.68	1	2	2
505	5	883.18	1	2	2
505	5	624.74	1	2	2
505	5	556.44	1	2	2
505	5	612.87	1	2	2
505	5	654.81	1	2	2
505	5	575.69	1	2	2
505	5	529.15	1	2	2
505	5	1628	1	2	2
505	5	609.07	1	2	2
505	5	456.88	1	2	2
505	5	567.92	1	2	2
505	5	620.34	1	2	2
505	5	566.61	1	2	2
505	5	609.35	1	2	2
505	5	532.53	1	2	2
505	5	586.49	1	2	2
505	5	502.98	1	2	2
505	5	574.44	1	2	2
505	5	597.25	1	2	2
505	5	525.07	1	2	2
505	5	569.49	1	2	2
505	5	131.76	0	2	2
505	5	575.07	1	2	2
505	5	506.48	1	2	2
505	5	635.57	1	2	2
505	5	536.58	1	2	2
505	5	600.4	1	2	2
505	5	589.28	1	2	2
505	5	529.06	1	2	2
505	5	563.59	1	2	2
505	5	559.2	1	2	2
505	5	608.47	1	2	2
505	5	602.52	1	2	2
505	5	544.35	1	2	2
505	5	493.48	1	2	2
505	5	609.4	1	2	2
505	5	920.29	1	2	2
505	5	664.07	1	2	2
505	5	1467.4	1	2	2
505	5	572.14	1	2	2
505	5	588.88	1	2	2
505	5	642.59	1	2	2
505	5	622.62	1	2	2
505	5	646.08	1	2	2
505	5	558.11	1	2	2
505	5	771.96	1	2	2
505	5	941.54	1	2	2
505	5	601.27	1	2	2
505	5	553.18	1	2	2
505	5	515.59	1	2	2
505	5	600.72	1	2	2
505	5	636.34	1	2	2
505	5	589.38	1	2	2
505	5	1131.5	1	2	2
505	5	556.85	1	2	2
505	5	880.81	1	2	2
505	5	530.53	1	2	2
505	5	674.28	1	2	2
505	5	554.91	1	2	2
505	5	506.05	1	2	2
505	5	551.51	1	2	2
505	5	546.48	1	2	2
505	5	522.19	1	2	2
505	5	595.8	1	2	2
505	5	570.79	1	2	2
505	5	746.14	1	2	2
505	5	631.6	1	2	2
505	5	657.33	1	2	2
505	5	620.7	1	2	2
505	5	552.21	1	2	2
505	5	591.64	1	2	2
505	5	832.1	1	2	2
505	5	628	1	2	2
505	5	576.35	1	2	2
505	5	539.24	1	2	2
505	5	572.98	1	2	2
505	5	570.32	1	2	2
505	5	965.5	1	2	2
505	5	636.53	1	2	2
505	5	650.46	1	2	2
505	5	629.92	1	2	2
505	5	522.95	1	2	2
505	5	679.93	1	2	2
505	5	544.23	1	2	2
505	5	595.5	1	2	2
505	5	592.43	1	2	2
505	5	606.29	1	2	2
505	5	564.76	1	2	2
505	5	549.07	1	2	2
505	5	1141.9	1	2	2
505	5	661.37	1	2	2
505	5	582.42	1	2	2
505	5	571.7	1	2	2
505	5	967.4	1	2	2
505	5	688.06	1	2	2
505	5	903.93	1	2	2
505	5	645.29	1	2	2
505	5	565.74	1	2	2
505	5	642.11	1	2	2
505	5	692.4	1	2	2
505	5	805.92	1	2	2
505	5	836.51	1	2	2
505	5	784.84	1	2	1
505	5	696.68	1	2	1
505	5	594.82	0	2	1
505	5	852.29	1	2	1
505	5	884.27	0	2	1
505	5	556.95	0	2	1
505	5	1631.3	0	2	1
505	5	672.68	0	2	1
505	5	1259.9	0	2	1
505	5	1118.6	1	2	1
505	5	703.44	1	2	1
505	5	723.73	1	2	1
505	5	1870.1	0	2	1
505	5	566.05	0	2	1
505	5	991.7	0	2	1
505	5	2074.9	0	2	1
505	5	1030	0	2	1
505	5	603.46	0	2	1
505	5	735.66	0	2	1
505	5	1062.8	0	2	1
505	5	807.8	1	2	1
505	5	865.24	1	2	1
505	5	581.69	1	2	1
505	5	782.75	0	2	1
505	5	992.81	1	2	1
505	5	1455.1	1	2	1
505	5	1103.3	1	2	1
505	5	1877.2	1	2	1
505	5	997.67	1	2	1
505	5	733.38	1	2	1
505	5	588.53	0	2	1
505	5	723.45	1	2	1
505	5	731.39	0	2	1
505	5	636.04	1	2	1
505	5	688.61	1	2	1
505	5	1141.2	1	2	1
505	5	1680.4	0	2	1
505	5	691.47	1	2	1
505	5	1003.5	1	2	1
505	5	609.42	1	2	1
505	5	732.87	1	2	1
505	5	853.43	1	2	1
505	5	822.61	1	2	1
505	5	1106.3	0	2	1
505	5	1396.9	0	2	1
505	5	697.78	1	2	1
505	5	876.71	0	2	1
505	5	604.82	1	2	1
505	5	548.33	1	2	1
505	5	969.24	1	2	1
505	5	982.23	0	2	1
505	5	784.15	1	2	1
505	5	2003	1	2	1
505	5	660.72	1	2	1
505	5	541.15	1	2	1
505	5	646.11	1	2	1
505	5	814.15	1	2	1
505	5	568.39	1	2	1
505	5	598.71	1	2	1
505	5	607.73	1	2	1
505	5	588.39	1	2	1
505	5	681.56	1	2	1
505	5	569.86	1	2	1
505	5	611.96	1	2	1
505	5	721.14	1	2	1
505	5	572.88	1	2	1
505	5	592.19	1	2	1
505	5	624.72	1	2	1
505	5	943.68	0	2	1
505	5	574.79	1	2	1
505	5	524.27	1	2	1
505	5	593.75	0	2	1
505	5	546.83	1	2	1
505	5	516.27	1	2	1
505	5	580.77	1	2	1
505	5	815.42	0	2	1
505	5	767.68	1	2	1
505	5	515.27	1	2	1
505	5	521.57	1	2	1
505	5	597.82	1	2	1
505	5	706	1	2	1
505	5	658.28	1	2	1
505	5	570.92	1	2	1
505	5	553.59	1	2	1
505	5	667.05	1	2	1
505	5	566.1	1	2	1
505	5	532.53	1	2	1
505	5	744.95	1	2	1
505	5	522.87	1	2	1
505	5	776.41	0	2	1
505	5	712	1	2	1
505	5	570.43	1	2	1
505	5	898.98	0	2	1
505	5	495.59	1	2	1
505	5	576.14	1	2	1
505	5	560.98	1	2	1
505	5	649.6	1	2	1
505	5	561.59	1	2	1
505	5	636.42	1	2	1
505	5	646.91	1	2	1
505	5	634.55	1	2	1
505	5	664.03	1	2	1
505	5	669.53	1	2	1
505	5	625.15	1	2	1
505	5	568.65	1	2	1
505	5	854.15	1	2	1
505	5	582.06	1	2	1
505	5	575.86	1	2	1
505	5	528.69	1	2	1
505	5	533.76	1	2	1
505	5	558.25	1	2	1
505	5	567.71	0	2	1
505	5	620.45	1	2	1
505	5	527.61	1	2	1
505	5	485.07	1	2	1
505	5	633.3	1	2	1
505	5	662.72	1	2	1
505	5	495.23	1	2	1
505	5	565.25	1	2	1
505	5	592.84	1	2	1
505	5	523.12	1	2	1
505	5	634.86	1	2	1
505	5	718.98	1	2	1
505	5	722.29	1	2	1
505	5	502.53	1	2	1
505	5	743.18	1	2	1
505	5	591.41	1	2	1
505	5	616.21	0	2	1
505	5	771.76	1	2	1
505	5	495.16	1	2	1
505	5	503.02	1	2	1
505	5	563.79	1	2	1
505	5	702.45	1	2	1
505	5	538	1	2	1
505	5	578.81	1	2	1
505	5	616.75	1	2	1
505	5	658.2	1	2	1
505	5	535.53	1	2	1
505	5	1076.3	1	2	1
505	5	752.14	1	2	1
505	5	542.27	1	2	1
505	5	483.41	1	2	1
505	5	618.59	1	2	1
505	5	584.52	1	2	1
505	5	495.4	1	2	1
505	5	616.67	1	2	1
505	5	578.09	1	2	1
505	5	690.11	1	2	1
505	5	542.62	1	2	1
505	5	503.92	1	2	1
505	5	493.53	1	2	1
505	5	521.02	1	2	1
505	5	683.95	1	2	1
505	5	858.48	1	2	1
505	5	577.7	1	2	1
505	5	499.44	1	2	1
505	5	471.97	1	2	1
505	5	714.51	1	2	1
505	5	556.14	1	2	1
505	5	535.21	1	2	1
505	5	547.68	1	2	1
505	5	670.28	1	2	1
505	5	481.54	1	2	1
505	5	497.19	1	2	1
505	5	664.6	1	2	1
505	5	547.57	1	2	1
505	5	674.58	1	2	1
505	5	506.68	1	2	1
505	5	714.31	1	2	1
505	5	656.2	1	2	1
505	5	562.37	1	2	1
505	5	558.62	1	2	1
505	5	797.69	1	2	1
505	5	816.25	1	2	1
505	5	758.72	1	2	1
505	5	613.07	1	2	1
505	5	541.17	1	2	1
505	5	590.34	1	2	1
505	5	1525.3	1	2	1
505	5	622.78	1	2	1
505	5	638.12	1	2	1
505	5	1679	0	2	1
505	5	573.69	1	2	1
505	5	575.54	1	2	1
505	5	1484.9	1	2	1
505	5	648.37	1	2	1
505	5	563.27	1	2	1
505	5	517.69	1	2	1
505	5	687.34	1	2	1
505	5	631.21	1	2	1
505	5	1112.7	1	2	1
505	5	587.2	1	2	1
505	5	1011.4	1	2	1
505	5	619.15	1	2	1
505	5	692.24	1	2	1
505	5	458.69	1	2	1
505	5	856.58	1	2	1
505	5	512.55	1	2	1
505	5	778.83	1	2	1
505	5	566.89	1	2	1
505	5	719.87	0	2	1
505	5	639.28	1	2	1
505	5	665.85	1	2	1
505	5	650.5	1	2	1
505	5	598.08	1	2	1
505	5	442.2	1	2	1
505	5	574.67	1	2	1
505	5	595.67	1	2	1
505	5	591.99	1	2	1
505	5	637.76	1	2	1
505	5	677.62	1	2	1
505	5	1789.4	0	2	1
505	5	678.59	1	2	1
505	5	580.44	1	2	1
505	5	575.7	1	2	1
505	5	529.74	1	2	1
505	5	511.31	1	2	1
505	5	639.73	1	2	1
505	5	665.19	1	2	1
505	5	672.8	1	2	1
505	5	636.36	1	2	1
505	5	553.75	1	2	1
505	5	559.17	1	2	1
505	5	614.29	1	2	1
505	5	669.91	1	2	1
505	5	647.75	1	2	1
505	5	721.93	0	2	1
505	5	1581.2	1	2	1
505	5	420.57	1	2	1
505	5	724.27	1	2	1
505	5	553.75	1	2	1
505	5	558.37	1	2	1
505	5	520.79	1	2	1
505	5	721.4	1	2	1
505	5	636.17	1	2	1
505	5	534.01	1	2	1
505	5	776.2	1	2	1
505	5	606.22	1	2	1
505	5	502.6	1	2	1
505	5	648.03	1	2	1
505	5	497.51	1	2	1
505	5	643.27	1	2	1
505	5	1228.2	1	2	1
505	5	562.46	1	2	1
505	5	637.13	1	2	1
505	5	511.15	1	2	1
505	5	551.48	1	2	1
505	5	657.95	1	2	1
505	5	601.73	1	2	1
505	5	1168.9	1	2	1
505	5	542.51	1	2	1
505	5	552.14	1	2	1
505	5	568.21	1	2	1
505	5	572.71	1	2	1
505	5	691.43	1	2	1
505	5	476.1	1	2	1
505	5	648.4	1	2	1
505	5	562.65	1	2	1
505	5	544.57	1	2	1
505	5	544.48	1	2	1
505	5	623.17	1	2	1
505	5	784.63	1	2	1
505	5	524.54	1	2	1
505	5	758.68	1	2	1
505	5	904.32	1	2	1
505	5	611.47	1	2	1
505	5	645.11	1	2	1
505	5	589.46	1	2	1
505	5	932.74	1	2	1
505	5	907.74	1	2	1
505	5	703.51	1	2	1
505	5	549.24	1	2	1
505	5	629.29	1	2	1
505	5	680.31	1	2	1
505	5	976.92	1	2	1
505	5	580.59	1	2	1
505	5	531.86	1	2	1
505	5	514.58	1	2	1
505	5	718.64	1	2	1
505	5	821.78	1	2	1
505	5	665.66	1	2	1
505	5	627.39	1	2	1
505	5	562.57	1	2	1
505	5	714.01	1	2	1
505	5	601.3	1	2	1
505	5	600.8	1	2	1
505	5	1488.8	1	2	1
505	5	632.18	1	2	1
505	5	625.47	1	2	1
505	5	1513.3	1	2	1
505	5	614.7	1	2	1
505	5	588.34	1	2	1
505	5	838.84	1	2	1
505	5	1305.6	1	2	1
505	5	710.48	1	2	1
505	5	1495.7	1	2	1
505	5	603.36	1	2	1
505	5	578.24	1	2	1
505	5	1440.1	1	2	1
505	5	587.97	1	2	1
505	5	628.82	1	2	1
505	5	602.66	1	2	1
505	5	1493.1	1	2	1
505	5	813.61	1	2	1
505	5	785.28	1	2	1
505	5	810.71	1	2	1
505	5	652.91	1	2	1
505	5	493.73	1	2	1
505	5	910.68	1	2	1
505	5	1976.6	0	2	1
505	5	773.39	1	2	1
505	5	880.65	1	2	1
505	5	555.53	1	2	1
505	5	582.05	1	2	1
505	5	729.09	1	2	1
505	5	699.68	1	2	1
505	5	459.17	1	2	1
505	5	598.53	1	2	1
505	5	500.92	1	2	1
505	5	540.46	1	2	1
505	5	677.24	1	2	1
505	5	583.56	1	2	1
505	5	518.2	1	2	1
505	5	720.9	1	2	1
505	5	1421.2	1	2	1
505	5	819.57	1	2	1
505	5	899.88	1	2	1
505	5	577.64	1	2	1
505	5	671.63	1	2	1
505	5	584.81	1	2	1
505	5	550.84	1	2	1
505	5	574.77	1	2	1
505	5	624.27	1	2	1
505	5	675.84	0	2	1
505	5	1107.6	1	2	1
505	5	968.18	1	2	1
505	5	890.89	1	2	1
505	5	736.46	1	2	1
505	5	619.48	1	2	1
505	5	615.48	1	2	1
505	5	701.39	1	2	1
505	5	683	0	2	1
505	5	1471.1	1	2	1
505	5	1201.1	1	2	1
505	5	1185.1	1	2	1
505	5	744.55	1	2	1
505	5	595.2	1	2	1
505	5	1206.1	1	2	1
505	5	891.85	1	2	1
505	5	606.52	1	2	1
505	5	616.23	1	2	1
505	5	621.55	1	2	1
505	5	2331.6	1	2	1
505	5	981.97	1	2	1
505	5	604.85	1	2	1
505	5	632.86	1	2	1
505	5	614.47	1	1	2
505	5	979.63	1	1	2
505	5	577.19	1	1	2
505	5	700.8	1	1	2
505	5	642.06	1	1	2
505	5	1048.8	1	1	2
505	5	735.2	1	1	2
505	5	718.02	1	1	2
505	5	1054.4	0	1	2
505	5	892.25	1	1	2
505	5	996.22	1	1	2
505	5	817.27	1	1	2
505	5	995.77	1	1	2
505	5	1704.2	1	1	2
505	5	1073.1	0	1	2
505	5	859.63	1	1	2
505	5	997.13	1	1	2
505	5	895.77	1	1	2
505	5	2086.9	0	1	2
505	5	943.37	1	1	2
505	5	596.47	1	1	2
505	5	1014.9	1	1	2
505	5	1546.4	1	1	2
505	5	1825.5	0	1	2
505	5	605.82	1	1	2
505	5	1146	1	1	2
505	5	771.41	1	1	2
505	5	1527.9	0	1	2
505	5	708.85	1	1	2
505	5	741.04	1	1	2
505	5	646.16	1	1	2
505	5	581.03	1	1	2
505	5	798.36	1	1	2
505	5	679.26	1	1	2
505	5	732.37	1	1	2
505	5	625.81	1	1	2
505	5	956.49	1	1	2
505	5	877.9	1	1	2
505	5	690.67	1	1	2
505	5	658.33	1	1	2
505	5	583.74	1	1	2
505	5	610.65	1	1	2
505	5	1511.6	0	1	2
505	5	831.84	1	1	2
505	5	779.4	1	1	2
505	5	984.4	1	1	2
505	5	763.74	1	1	2
505	5	638.06	0	1	2
505	5	772.02	1	1	2
505	5	808.09	1	1	2
505	5	581.22	0	1	2
505	5	887.71	0	1	2
505	5	698.65	0	1	2
505	5	600.46	1	1	2
505	5	776.8	1	1	2
505	5	399.16	1	1	2
505	5	798.56	1	1	2
505	5	558.38	1	1	2
505	5	572.28	1	1	2
505	5	1050.9	1	1	2
505	5	913.99	1	1	2
505	5	821.84	0	1	2
505	5	854.31	1	1	2
505	5	562.26	1	1	2
505	5	1319	0	1	2
505	5	650.71	1	1	2
505	5	597.43	1	1	2
505	5	601.84	1	1	2
505	5	762.11	1	1	2
505	5	1103.4	0	1	2
505	5	618.31	1	1	2
505	5	598.03	1	1	2
505	5	876.74	0	1	2
505	5	950.58	1	1	2
505	5	2303.7	0	1	2
505	5	613.8	1	1	2
505	5	831.83	1	1	2
505	5	801.26	1	1	2
505	5	752.19	1	1	2
505	5	577.6	1	1	2
505	5	951.03	1	1	2
505	5	788.04	1	1	2
505	5	1229.5	0	1	2
505	5	510.79	1	1	2
505	5	935.77	1	1	2
505	5	425.87	1	1	2
505	5	653.86	1	1	2
505	5	918.28	1	1	2
505	5	844.97	1	1	2
505	5	1925.5	0	1	2
505	5	527.23	1	1	2
505	5	1330.1	0	1	2
505	5	916.88	1	1	2
505	5	475.36	1	1	2
505	5	503.75	1	1	2
505	5	791.93	1	1	2
505	5	538.88	1	1	2
505	5	689.52	1	1	2
505	5	504.03	1	1	2
505	5	675.54	1	1	2
505	5	474.27	1	1	2
505	5	559.95	1	1	2
505	5	540.65	0	1	2
505	5	576	1	1	2
505	5	448.88	1	1	2
505	5	590.02	1	1	2
505	5	701.57	0	1	2
505	5	725.59	0	1	2
505	5	522.88	1	1	2
505	5	435.69	1	1	2
505	5	610.02	0	1	2
505	5	773.72	1	1	2
505	5	793.91	1	1	2
505	5	583.22	1	1	2
505	5	631.76	1	1	2
505	5	687.75	0	1	2
505	5	1083	0	1	2
505	5	773.05	1	1	2
505	5	680.65	1	1	2
505	5	466.23	1	1	2
505	5	914.11	0	1	2
505	5	481.27	0	1	2
505	5	684.08	1	1	2
505	5	520.02	1	1	2
505	5	507.09	1	1	2
505	5	660.54	1	1	2
505	5	730.77	1	1	2
505	5	858.09	1	1	2
505	5	473.14	1	1	2
505	5	668.62	1	1	2
505	5	570.7	1	1	2
505	5	973.69	1	1	2
505	5	481.57	1	1	2
505	5	661.61	1	1	2
505	5	660.62	1	1	2
505	5	577.28	1	1	2
505	5	1267	0	1	2
505	5	730.9	1	1	2
505	5	926.82	1	1	2
505	5	626.47	1	1	2
505	5	887.28	1	1	2
505	5	520.86	1	1	2
505	5	502.6	1	1	2
505	5	435.49	1	1	2
505	5	504.83	1	1	2
505	5	577.09	1	1	2
505	5	749.67	1	1	2
505	5	628.29	0	1	2
505	5	618.39	1	1	2
505	5	555.61	1	1	2
505	5	823.09	1	1	2
505	5	458.56	0	1	2
505	5	863.12	1	1	2
505	5	712.08	0	1	2
505	5	535.29	1	1	2
505	5	1330.6	0	1	2
505	5	598.82	1	1	2
505	5	821.94	1	1	2
505	5	940.13	1	1	2
505	5	406.7	1	1	2
505	5	603.83	1	1	2
505	5	532.78	1	1	2
505	5	461.32	1	1	2
505	5	535.65	1	1	2
505	5	689.25	1	1	2
505	5	581.96	1	1	2
505	5	535.66	1	1	2
505	5	514.27	1	1	2
505	5	1375.7	0	1	2
505	5	1646.2	1	1	2
505	5	654.52	1	1	2
505	5	1003.5	1	1	2
505	5	969.42	1	1	2
505	5	517.2	1	1	2
505	5	699.21	1	1	2
505	5	612.8	1	1	2
505	5	552.34	1	1	2
505	5	528.77	1	1	2
505	5	739.89	1	1	2
505	5	787.45	1	1	2
505	5	513.06	1	1	2
505	5	632.01	1	1	2
505	5	567.4	1	1	2
505	5	635.25	1	1	2
505	5	515.14	1	1	2
505	5	556.76	1	1	2
505	5	1141.7	0	1	2
505	5	758.39	1	1	2
505	5	1821	0	1	2
505	5	650.15	1	1	2
505	5	933.79	1	1	2
505	5	637.47	1	1	2
505	5	747.98	1	1	2
505	5	577.87	1	1	2
505	5	646.31	0	1	2
505	5	591.17	1	1	2
505	5	783.14	1	1	2
505	5	666.25	1	1	2
505	5	1705.6	0	1	2
505	5	953.96	1	1	2
505	5	766.96	1	1	2
505	5	565.63	1	1	2
505	5	836.19	1	1	2
505	5	519.08	1	1	2
505	5	570.02	1	1	2
505	5	533.03	0	1	2
505	5	502.1	1	1	2
505	5	535.76	1	1	2
505	5	783.51	1	1	2
505	5	495.13	1	1	2
505	5	624.9	1	1	2
505	5	784.5	1	1	2
505	5	803.51	1	1	2
505	5	621.38	1	1	2
505	5	581.54	1	1	2
505	5	471.91	1	1	2
505	5	802.45	1	1	2
505	5	535.12	1	1	2
505	5	475.58	1	1	2
505	5	963.76	0	1	2
505	5	1567.1	0	1	2
505	5	939.72	1	1	2
505	5	1337.6	1	1	2
505	5	954.39	1	1	2
505	5	629.74	1	1	2
505	5	1757.4	0	1	2
505	5	510.08	1	1	2
505	5	627.42	1	1	2
505	5	1233.2	0	1	2
505	5	1022.4	1	1	2
505	5	580.03	1	1	2
505	5	759.18	1	1	2
505	5	867.96	0	1	2
505	5	701.04	1	1	2
505	5	1028	1	1	2
505	5	2115.3	1	1	2
505	5	1943.2	1	1	2
505	5	845.83	1	1	2
505	5	674.41	1	1	2
505	5	566.8	1	1	2
505	5	683.53	1	1	2
505	5	1405.1	1	1	2
505	5	629.27	1	1	2
505	5	1128.5	1	1	2
505	5	1688.8	1	1	2
505	5	563.18	1	1	2
505	5	1190.6	1	1	2
505	5	822.47	1	1	2
505	5	661.87	1	1	2
505	5	960.27	1	1	2
505	5	683.74	1	1	2
505	5	826.85	1	1	2
505	5	592.13	1	1	2
505	5	560.64	1	1	2
505	5	478.93	1	1	2
505	5	692.44	1	1	2
505	5	718.57	0	1	2
505	5	708.98	1	1	2
505	5	2064.3	1	1	2
505	5	1087.2	1	1	2
505	5	1272.4	1	1	2
505	5	1551.1	1	1	2
505	5	624.63	1	1	2
505	5	557.86	1	1	2
505	5	828.04	0	1	2
505	5	967.64	1	1	2
505	5	863.66	0	1	2
505	5	1158.5	1	1	2
505	5	1442.8	1	1	2
505	5	805.3	1	1	2
505	5	520.68	1	1	2
505	5	518.16	1	1	2
505	5	1038.6	1	1	2
505	5	1014.3	1	1	2
505	5	750.26	0	1	2
505	5	593.62	1	1	2
505	5	699.39	0	1	2
505	5	636.43	1	1	2
505	5	583.23	1	1	2
505	5	662.91	1	1	2
505	5	555.22	1	1	2
505	5	624.54	1	1	2
505	5	854.8	1	1	2
505	5	852.29	1	1	2
505	5	575.53	1	1	2
505	5	548.35	1	1	2
505	5	657.83	1	1	2
505	5	481.94	1	1	2
505	5	628.11	1	1	2
505	5	945.32	1	1	2
505	5	1219	1	1	2
505	5	654.14	1	1	2
505	5	829.1	1	1	2
505	5	588.4	1	1	2
505	5	781.53	1	1	2
505	5	1193.5	1	1	2
505	5	719.71	1	1	2
505	5	668.55	1	1	2
505	5	609.47	1	1	2
505	5	2319.4	1	1	2
505	5	588.94	1	1	2
505	5	799.8	1	1	2
505	5	897.62	1	1	2
505	5	738.28	1	1	2
505	5	1248.4	1	1	2
505	5	1643.4	0	1	2
505	5	1150	1	1	2
505	5	2096.6	1	1	2
505	5	937.37	1	1	2
505	5	792.49	1	1	2
505	5	881.4	1	1	2
505	5	2246.2	1	1	2
505	5	619.32	1	1	2
505	5	566.4	1	1	2
505	5	542.66	1	1	2
505	5	752.94	1	1	2
505	5	752.18	1	1	2
505	5	760.51	1	1	2
505	5	546.37	1	1	2
505	5	1112.8	1	1	2
505	5	582.78	1	1	2
505	5	694.38	1	1	2
505	5	735.21	1	1	2
505	5	766.42	1	1	2
505	5	607	1	1	2
505	5	610.98	1	1	2
505	5	787.99	1	1	2
505	5	671.77	1	1	2
505	5	561.85	1	1	2
505	5	1070.9	1	1	2
505	5	734.38	1	1	2
505	5	1221.2	1	1	2
505	5	610.21	1	1	2
505	5	890.66	1	1	2
505	5	882.87	1	1	2
505	5	943.6	0	1	2
505	5	848.4	1	1	2
505	5	1149.3	1	1	2
505	5	855.52	1	1	2
505	5	638.41	1	1	2
505	5	622.32	1	1	2
505	5	795.7	1	1	2
505	5	630.17	1	1	2
505	5	690.54	1	1	2
505	5	1032	1	1	2
505	5	646.89	1	1	2
505	5	813.48	1	1	2
505	5	656.43	1	1	2
505	5	618.22	1	1	2
505	5	933.26	1	1	2
505	5	661.67	1	1	2
505	5	1865.9	1	1	2
505	5	816.01	1	1	2
505	5	639.87	1	1	2
505	5	989.38	1	1	2
505	5	687.57	1	1	2
505	5	916	1	1	1
505	5	1119.6	0	1	1
505	5	646.71	1	1	1
505	5	737.86	0	1	1
505	5	972.78	0	1	1
505	5	757.25	0	1	1
505	5	643.85	0	1	1
505	5	505.34	0	1	1
505	5	578.49	0	1	1
505	5	598.72	1	1	1
505	5	576.1	0	1	1
505	5	760.23	1	1	1
505	5	533.18	0	1	1
505	5	830.56	0	1	1
505	5	1333.6	1	1	1
505	5	578.74	0	1	1
505	5	951.46	0	1	1
505	5	522.94	0	1	1
505	5	1114.2	1	1	1
505	5	955.04	1	1	1
505	5	727.73	1	1	1
505	5	905	1	1	1
505	5	1028	0	1	1
505	5	670.49	0	1	1
505	5	528.34	0	1	1
505	5	955.69	0	1	1
505	5	699.49	0	1	1
505	5	626.92	0	1	1
505	5	1588.3	0	1	1
505	5	788.76	0	1	1
505	5	840.67	1	1	1
505	5	1154.3	1	1	1
505	5	787.34	0	1	1
505	5	754.03	0	1	1
505	5	1086.1	1	1	1
505	5	658.34	1	1	1
505	5	650.53	0	1	1
505	5	1606.5	1	1	1
505	5	1032.5	1	1	1
505	5	1451.4	0	1	1
505	5	717.5	0	1	1
505	5	628.81	0	1	1
505	5	789.72	0	1	1
505	5	806.66	0	1	1
505	5	738.67	0	1	1
505	5	813.28	1	1	1
505	5	899.07	0	1	1
505	5	1326.3	0	1	1
505	5	898.19	0	1	1
505	5	934.19	0	1	1
505	5	1041.7	1	1	1
505	5	545.7	0	1	1
505	5	802.1	0	1	1
505	5	787.13	0	1	1
505	5	700.8	1	1	1
505	5	517.61	0	1	1
505	5	744.34	1	1	1
505	5	638.71	0	1	1
505	5	761.82	1	1	1
505	5	608.73	0	1	1
505	5	672.58	1	1	1
505	5	830.2	0	1	1
505	5	728.48	0	1	1
505	5	811.21	1	1	1
505	5	797.79	0	1	1
505	5	918.91	0	1	1
505	5	722.57	0	1	1
505	5	584.86	1	1	1
505	5	792.22	1	1	1
505	5	586.15	0	1	1
505	5	894.13	1	1	1
505	5	848.79	1	1	1
505	5	849.14	0	1	1
505	5	705.2	1	1	1
505	5	832.05	0	1	1
505	5	712.78	0	1	1
505	5	995.99	1	1	1
505	5	877.83	1	1	1
505	5	636.81	1	1	1
505	5	568.76	1	1	1
505	5	868.48	0	1	1
505	5	605.1	1	1	1
505	5	543.84	1	1	1
505	5	849.73	1	1	1
505	5	624.72	0	1	1
505	5	565.94	1	1	1
505	5	464.58	1	1	1
505	5	1418.9	1	1	1
505	5	574.84	1	1	1
505	5	553.35	1	1	1
505	5	703.79	0	1	1
505	5	926.54	1	1	1
505	5	556.31	0	1	1
505	5	354.63	1	1	1
505	5	952.86	1	1	1
505	5	818.07	0	1	1
505	5	753.32	0	1	1
505	5	750.64	1	1	1
505	5	586.49	1	1	1
505	5	589.38	0	1	1
505	5	619.73	1	1	1
505	5	656.6	1	1	1
505	5	480.96	0	1	1
505	5	521.46	1	1	1
505	5	741.67	0	1	1
505	5	451.26	0	1	1
505	5	553.76	0	1	1
505	5	734.2	1	1	1
505	5	624.13	1	1	1
505	5	459.11	1	1	1
505	5	467.61	0	1	1
505	5	527.18	0	1	1
505	5	1043.8	1	1	1
505	5	681.72	1	1	1
505	5	1142.9	0	1	1
505	5	740.77	1	1	1
505	5	580.66	1	1	1
505	5	664.03	1	1	1
505	5	734.87	0	1	1
505	5	829.39	0	1	1
505	5	579.54	0	1	1
505	5	794.98	1	1	1
505	5	708.92	0	1	1
505	5	651.79	0	1	1
505	5	844.03	0	1	1
505	5	450.62	0	1	1
505	5	568.14	0	1	1
505	5	576.37	0	1	1
505	5	626	1	1	1
505	5	954.12	1	1	1
505	5	493.09	1	1	1
505	5	1059.2	1	1	1
505	5	498.87	1	1	1
505	5	871.97	0	1	1
505	5	514.41	0	1	1
505	5	652.4	1	1	1
505	5	660.02	0	1	1
505	5	615.11	0	1	1
505	5	582.01	1	1	1
505	5	820.24	1	1	1
505	5	473.54	1	1	1
505	5	659.3	0	1	1
505	5	1049.8	0	1	1
505	5	596.66	0	1	1
505	5	669.7	0	1	1
505	5	618.27	1	1	1
505	5	773.68	0	1	1
505	5	656.78	0	1	1
505	5	638.45	0	1	1
505	5	551.03	0	1	1
505	5	661.45	1	1	1
505	5	635.15	0	1	1
505	5	484.09	1	1	1
505	5	552.63	0	1	1
505	5	543.15	1	1	1
505	5	760.37	1	1	1
505	5	760.93	0	1	1
505	5	526.04	0	1	1
505	5	704.87	1	1	1
505	5	1139	0	1	1
505	5	496.28	1	1	1
505	5	537.15	1	1	1
505	5	897	0	1	1
505	5	1092.8	1	1	1
505	5	734.01	1	1	1
505	5	780.01	1	1	1
505	5	627.1	0	1	1
505	5	774.76	0	1	1
505	5	510.82	0	1	1
505	5	747.54	1	1	1
505	5	571.33	0	1	1
505	5	2074.4	0	1	1
505	5	1439.7	0	1	1
505	5	948.69	1	1	1
505	5	933.43	1	1	1
505	5	1344.8	1	1	1
505	5	757.57	1	1	1
505	5	894.19	1	1	1
505	5	1024.7	1	1	1
505	5	659.76	1	1	1
505	5	2114.8	1	1	1
505	5	672.87	1	1	1
505	5	2189.7	0	1	1
505	5	764.84	0	1	1
505	5	928.16	1	1	1
505	5	455.87	1	1	1
505	5	647.25	1	1	1
505	5	877.01	0	1	1
505	5	826.78	0	1	1
505	5	821.56	1	1	1
505	5	887.26	1	1	1
505	5	951.71	1	1	1
505	5	1022.5	1	1	1
505	5	844.75	1	1	1
505	5	692.02	1	1	1
505	5	650.75	1	1	1
505	5	772.58	1	1	1
505	5	623.72	1	1	1
505	5	599.07	0	1	1
505	5	890.7	0	1	1
505	5	1115.4	0	1	1
505	5	1626.8	0	1	1
505	5	672.52	0	1	1
505	5	1011	1	1	1
505	5	594.93	0	1	1
505	5	637.48	0	1	1
505	5	1747.4	0	1	1
505	5	712.1	1	1	1
505	5	527.84	0	1	1
505	5	605.1	1	1	1
505	5	827.8	1	1	1
505	5	845.16	1	1	1
505	5	746.34	1	1	1
505	5	589.62	0	1	1
505	5	798.72	0	1	1
505	5	677.56	1	1	1
505	5	772.4	0	1	1
505	5	936.18	1	1	1
505	5	595.24	0	1	1
505	5	1602.6	0	1	1
505	5	770.83	0	1	1
505	5	674.47	0	1	1
505	5	631.3	1	1	1
505	5	725.92	0	1	1
505	5	732.55	1	1	1
505	5	1143.9	0	1	1
505	5	1465.3	0	1	1
505	5	889.53	1	1	1
505	5	713.28	1	1	1
505	5	586.37	1	1	1
505	5	800.48	1	1	1
505	5	590.4	1	1	1
505	5	713.79	1	1	1
505	5	650.09	1	1	1
505	5	782.97	1	1	1
505	5	719.92	1	1	1
505	5	660.45	1	1	1
505	5	675.66	1	1	1
505	5	660.98	0	1	1
505	5	548.86	1	1	1
505	5	625.1	1	1	1
505	5	517.89	0	1	1
505	5	884.31	0	1	1
505	5	751.47	0	1	1
505	5	743.27	1	1	1
505	5	690.12	1	1	1
505	5	692.49	1	1	1
505	5	766.36	1	1	1
505	5	659.32	1	1	1
505	5	801.09	0	1	1
505	5	836.95	1	1	1
505	5	662.05	1	1	1
505	5	795.1	1	1	1
505	5	627.16	1	1	1
505	5	1634.4	1	1	1
505	5	817.05	0	1	1
505	5	656.43	0	1	1
505	5	555.39	0	1	1
505	5	786.25	1	1	1
505	5	736.67	1	1	1
505	5	624.87	1	1	1
505	5	2108.3	0	1	1
505	5	918.28	1	1	1
505	5	786.93	1	1	1
505	5	684.55	0	1	1
505	5	1860.3	0	1	1
505	5	699.68	0	1	1
505	5	504.1	0	1	1
505	5	1513.5	1	1	1
505	5	664.83	1	1	1
505	5	1088.4	1	1	1
505	5	648.95	0	1	1
505	5	1772	0	1	1
505	5	803.79	1	1	1
505	5	787.07	1	1	1
505	5	592.75	1	1	1
505	5	840.05	1	1	1
505	5	616.25	1	1	1
505	5	790.27	1	1	1
505	5	1845.4	1	1	1
505	5	1376.4	1	1	1
505	5	1997.7	0	1	1
505	5	1074.8	1	1	1
505	5	787.09	1	1	1
505	5	670.92	1	1	1
505	5	461.78	1	1	1
505	5	783.11	1	1	1
505	5	592.39	1	1	1
505	5	820.44	1	1	1
505	5	649.72	0	1	1
505	5	2211.4	1	1	1
505	5	794.3	0	1	1
505	5	1791.6	1	1	1
505	5	569.27	1	1	1
505	5	790.23	1	1	1
505	5	578.98	1	1	1
505	5	694.93	1	1	1
505	5	671.32	1	1	1
505	5	765.35	1	1	1
505	5	1849.3	1	1	1
505	5	768.9	1	1	1
505	5	732.92	1	1	1
505	5	649.13	1	1	1
505	5	699.51	1	1	1
505	5	899.22	1	1	1
505	5	941.89	1	1	1
505	5	568.45	1	1	1
505	5	652.11	1	1	1
505	5	651.42	1	1	1
505	5	1950.9	0	1	1
505	5	770.4	1	1	1
505	5	672.4	0	1	1
505	5	1177	1	1	1
505	5	1709.8	1	1	1
505	5	1327.3	1	1	1
505	5	751.45	1	1	1
505	5	995.55	1	1	1
505	5	980.75	1	1	1
505	5	597.58	1	1	1
505	5	830.17	1	1	1
505	5	696.6	1	1	1
505	5	645.85	1	1	1
505	5	537.46	1	1	1
505	5	700.87	1	1	1
505	5	629.18	1	1	1
505	5	1704.1	1	1	1
505	5	947.94	1	1	1
505	5	754.66	1	1	1
505	5	1557	1	1	1
505	5	695.84	1	1	1
505	5	1194.9	1	1	1
505	5	889.95	1	1	1
505	5	1023.5	0	1	1
505	5	1200.5	1	1	1
505	5	798.05	0	1	1
505	5	672.66	1	1	1
505	5	1072.3	1	1	1
505	5	675.85	1	1	1
505	5	1006.9	1	1	1
505	5	620.82	1	1	1
505	5	835.45	1	1	1
505	5	1190.6	0	1	1
505	5	1490.9	1	1	1
505	5	1152.9	1	1	1
505	5	648.85	1	1	1
505	5	753.86	1	1	1
505	5	640	1	1	1
505	5	1006.5	0	1	1
505	5	830.72	0	1	1
505	5	764.55	1	1	1
505	5	687.88	1	1	1
505	5	2039.2	0	1	1
505	5	1438.4	1	1	1
505	5	1982.5	0	1	1
505	5	646.54	1	1	1
505	5	628.9	1	1	1
505	5	633.37	1	2	-1
505	5	602.31	1	2	-1
505	5	574.57	1	2	-1
505	5	688.68	1	2	-1
505	5	578.69	1	2	-1
505	5	981.08	1	2	-1
505	5	619.4	1	2	-1
505	5	946.31	1	2	-1
505	5	744.86	0	2	-1
505	5	461.36	1	2	-1
505	5	533.01	1	2	-1
505	5	562.98	1	2	-1
505	5	856.33	1	2	-1
505	5	855.09	1	2	-1
505	5	502.34	1	2	-1
505	5	790	1	2	-1
505	5	519.55	1	2	-1
505	5	483.57	1	2	-1
505	5	553.85	1	2	-1
505	5	539.59	1	2	-1
505	5	474.29	1	2	-1
505	5	683.95	1	2	-1
505	5	556.28	1	2	-1
505	5	448.25	1	2	-1
505	5	603.72	1	2	-1
505	5	629.2	1	2	-1
505	5	1303.7	1	2	-1
505	5	629.24	1	2	-1
505	5	535.47	1	2	-1
505	5	696.79	1	2	-1
505	5	606.87	1	2	-1
505	5	922.85	1	2	-1
505	5	597.29	1	2	-1
505	5	1204.8	1	2	-1
505	5	790.76	1	2	-1
505	5	655.26	0	2	-1
505	5	702.92	1	2	-1
505	5	663.2	1	2	-1
505	5	1133.7	1	2	-1
505	5	1540	0	2	-1
505	5	1885.2	1	2	-1
505	5	1945.5	1	2	-1
505	5	823.84	1	2	-1
505	5	582.7	1	2	-1
505	5	825.8	1	2	-1
505	5	618.04	1	2	-1
505	5	692.68	1	2	-1
505	5	900.02	1	2	-1
505	5	813.09	1	2	-1
505	5	937.44	1	2	-1
505	5	961.85	1	2	-1
505	5	558.08	1	2	-1
505	5	566.66	1	2	-1
505	5	633.04	1	2	-1
505	5	594.61	1	2	-1
505	5	475.48	1	2	-1
505	5	572.9	1	2	-1
505	5	1090.5	1	2	-1
505	5	961.83	0	2	-1
505	5	588.02	0	2	-1
505	5	725.09	1	2	-1
505	5	587.07	1	2	-1
505	5	637.55	0	2	-1
505	5	675.79	0	2	-1
505	5	567.21	0	2	-1
505	5	754.46	1	2	-1
505	5	1004.3	1	2	-1
505	5	862.93	1	2	-1
505	5	548.16	1	2	-1
505	5	482.75	1	2	-1
505	5	789.11	0	2	-1
505	5	479.3	1	2	-1
505	5	1055.3	0	2	-1
505	5	857.18	1	2	-1
505	5	1027.8	0	2	-1
505	5	588.28	0	2	-1
505	5	681.88	0	2	-1
505	5	566.01	1	2	-1
505	5	1184.7	0	2	-1
505	5	555.7	1	2	-1
505	5	1232.6	1	2	-1
505	5	555.33	1	2	-1
505	5	811.53	0	2	-1
505	5	629.84	1	2	-1
505	5	946.76	1	2	-1
505	5	714.81	1	2	-1
505	5	562.14	0	2	-1
505	5	591.7	0	2	-1
505	5	639.26	0	2	-1
505	5	532.41	0	2	-1
505	5	618.52	0	2	-1
505	5	612.35	1	2	-1
505	5	455.84	1	2	-1
505	5	601.31	1	2	-1
505	5	631.44	1	2	-1
505	5	543.67	1	2	-1
505	5	733.37	1	2	-1
505	5	673.86	0	2	-1
505	5	665.26	0	2	-1
505	5	556.73	1	2	-1
505	5	791.94	0	2	-1
505	5	1823.3	1	2	-1
505	5	467.56	1	2	-1
505	5	634.13	0	2	-1
505	5	570.74	0	2	-1
505	5	585.5	0	2	-1
505	5	1472.9	1	2	-1
505	5	652.47	1	2	-1
505	5	818.52	1	2	-1
505	5	553.53	0	2	-1
505	5	549.47	1	2	-1
505	5	439.53	0	2	-1
505	5	556.71	1	2	-1
505	5	554.28	1	2	-1
505	5	391.94	0	2	-1
505	5	985.18	0	2	-1
505	5	712.5	1	2	-1
505	5	976.73	0	2	-1
505	5	701.59	0	2	-1
505	5	705.04	0	2	-1
505	5	820.6	1	2	-1
505	5	595.44	1	2	-1
505	5	606.34	1	2	-1
505	5	1000.5	1	2	-1
505	5	884.63	1	2	-1
505	5	558.57	1	2	-1
505	5	529.93	1	2	-1
505	5	624.17	1	2	-1
505	5	599.04	1	2	-1
505	5	1051.1	1	2	-1
505	5	958.56	0	2	-1
505	5	573.11	0	2	-1
505	5	999.32	0	2	-1
505	5	711.65	1	2	-1
505	5	667.16	0	2	-1
505	5	708.19	1	2	-1
505	5	537.47	0	2	-1
505	5	540.96	1	2	-1
505	5	464.78	1	2	-1
505	5	581.15	1	2	-1
505	5	581.81	1	2	-1
505	5	542.71	1	2	-1
505	5	561.39	1	2	-1
505	5	545.6	1	2	-1
505	5	570.35	1	2	-1
505	5	817.98	1	2	-1
505	5	1093.6	1	2	-1
505	5	917.92	1	2	-1
505	5	533.51	1	2	-1
505	5	1002.7	1	2	-1
505	5	662.93	0	2	-1
505	5	835.07	1	2	-1
505	5	705.76	1	2	-1
505	5	639.07	1	2	-1
505	5	570.95	1	2	-1
505	5	653.85	1	2	-1
505	5	637.73	0	2	-1
505	5	841.58	1	2	-1
505	5	533.89	1	2	-1
505	5	941.18	1	2	-1
505	5	903.34	1	2	-1
505	5	542.92	0	2	-1
505	5	720.02	1	2	-1
505	5	640.33	1	2	-1
505	5	1324.8	1	2	-1
505	5	786.68	1	2	-1
505	5	583.82	0	2	-1
505	5	520.73	0	2	-1
505	5	525.08	1	2	-1
505	5	827.76	1	2	-1
505	5	1424	0	2	-1
505	5	476.98	0	2	-1
505	5	466.88	1	2	-1
505	5	638.56	1	2	-1
505	5	1205.4	1	2	-1
505	5	679.71	0	2	-1
505	5	590	1	2	-1
505	5	523.82	1	2	-1
505	5	643.17	1	2	-1
505	5	611.14	1	2	-1
505	5	946	1	2	-1
505	5	662.92	1	2	-1
505	5	763.88	1	2	-1
505	5	606.14	1	2	-1
505	5	806.61	1	2	-1
505	5	667.46	1	2	-1
505	5	704.18	1	2	-1
505	5	571.7	1	2	-1
505	5	827.55	1	2	-1
505	5	994.33	1	2	-1
505	5	611.17	1	2	-1
505	5	827.18	1	2	-1
505	5	581.45	1	2	-1
505	5	613.75	1	2	-1
505	5	554.37	1	2	-1
505	5	864.74	1	2	-1
505	5	1058.2	1	2	-1
505	5	570.98	1	2	-1
505	5	1381.4	0	2	-1
505	5	593.57	1	2	-1
505	5	841	1	2	-1
505	5	519.54	1	2	-1
505	5	595.66	1	2	-1
505	5	734.07	1	2	-1
505	5	1109.6	1	2	-1
505	5	536.04	1	2	-1
505	5	598.92	1	2	-1
505	5	581.64	1	2	-1
505	5	672.82	0	2	-1
505	5	630.03	0	2	-1
505	5	729.66	1	2	-1
505	5	1421.5	0	2	-1
505	5	797.14	1	2	-1
505	5	808.54	1	2	-1
505	5	711.32	1	2	-1
505	5	565.43	1	2	-1
505	5	598.12	1	2	-1
505	5	554.85	1	2	-1
505	5	815.66	0	2	-1
505	5	714.63	0	2	-1
505	5	508.4	1	2	-1
505	5	1725.8	1	2	-1
505	5	659.94	1	2	-1
505	5	499.15	1	2	-1
505	5	585.95	1	2	-1
505	5	709.34	1	2	-1
505	5	766.93	0	2	-1
505	5	593	0	2	-1
505	5	551.61	1	2	-1
505	5	610.74	1	2	-1
505	5	650.01	1	2	-1
505	5	606.25	1	2	-1
505	5	673.26	1	2	-1
505	5	657.62	0	2	-1
505	5	792.15	1	2	-1
505	5	633.99	0	2	-1
505	5	1390.6	0	2	-1
505	5	687.6	1	2	-1
505	5	427.79	0	2	-1
505	5	732.78	1	2	-1
505	5	792.93	1	2	-1
505	5	654.04	0	2	-1
505	5	637.67	1	2	-1
505	5	561.36	1	2	-1
505	5	604.16	0	2	-1
505	5	697	0	2	-1
505	5	518.02	0	2	-1
505	5	716.85	1	2	-1
505	5	715.6	1	2	-1
505	5	606.85	1	2	-1
505	5	774.95	0	2	-1
505	5	655.77	1	2	-1
505	5	627.44	1	2	-1
505	5	687.43	1	2	-1
505	5	374.05	0	2	-1
505	5	773.76	0	2	-1
505	5	504.94	1	2	-1
505	5	490.74	1	2	-1
505	5	1518.3	0	2	-1
505	5	624.88	0	2	-1
505	5	553.9	0	2	-1
505	5	1024	1	2	-1
505	5	896.13	1	2	-1
505	5	616.05	1	2	-1
505	5	548.64	1	2	-1
505	5	1086.4	1	2	-1
505	5	1052	1	2	-1
505	5	565.07	1	2	-1
505	5	1229.3	1	2	-1
505	5	703.76	1	2	-1
505	5	643.49	1	2	-1
505	5	566.85	0	2	-1
505	5	1183.4	1	2	-1
505	5	724.37	1	2	-1
505	5	595.75	1	2	-1
505	5	707.61	1	2	-1
505	5	867.71	0	2	-1
505	5	749.57	1	2	-1
505	5	863.56	1	2	-1
505	5	593.55	1	2	-1
505	5	733.34	1	2	-1
505	5	1267.1	1	2	-1
505	5	2044.8	0	2	-1
505	5	863.39	1	2	-1
505	5	635.01	1	2	-1
505	5	606.01	1	2	-1
505	5	975.68	1	2	-1
505	5	855.74	1	2	-1
505	5	611.16	1	2	-1
505	5	756.57	1	2	-1
505	5	687	1	2	-1
505	5	718.02	1	2	-1
505	5	668.8	1	2	-1
505	5	643.84	1	2	-1
505	5	815.48	1	2	-1
505	5	815.78	1	2	-1
505	5	649.52	1	2	-1
505	5	750.92	1	2	-1
505	5	765.9	1	2	-1
505	5	932.45	1	2	-1
505	5	758.53	1	2	-1
505	5	921.9	0	2	-1
505	5	510.27	0	2	-1
505	5	833.11	1	2	-1
505	5	911.31	1	2	-1
505	5	605.58	1	2	-1
505	5	750.62	1	2	-1
505	5	637.44	0	2	-1
505	5	762.3	1	2	-1
505	5	793.5	1	2	-1
505	5	987.53	1	2	-1
505	5	841.8	1	2	-1
505	5	1405.7	1	2	-1
505	5	1409.4	1	2	-1
505	5	719.23	1	2	-1
505	5	613.82	1	2	-1
505	5	678.16	1	2	-1
505	5	664.19	1	2	-1
505	5	740.53	1	2	-1
505	5	771.05	1	2	-1
505	5	654.74	1	2	-1
505	5	805.38	1	2	-1
505	5	1072.8	1	2	-1
505	5	771.03	1	2	-1
505	5	1574.7	1	2	-1
505	5	1126.1	1	2	-1
505	5	700.97	1	2	-1
505	5	546.23	0	2	-1
505	5	557.62	1	2	-1
505	5	671.31	1	2	-1
505	5	668.5	1	2	-1
505	5	960.55	1	2	-1
505	5	1526.3	1	2	-1
505	5	1121.1	1	2	-1
505	5	601.74	1	2	-1
505	5	1015.1	1	2	-1
505	5	675.83	1	2	-1
505	5	594.62	1	2	-1
505	5	860.16	1	2	-1
505	5	1512.5	1	2	-1
505	5	720.6	1	2	-1
505	5	651.38	1	2	-1
505	5	585.96	1	2	-1
505	5	793.3	1	2	-1
505	5	554.73	1	2	-1
505	5	662.04	1	2	-1
505	5	796.63	1	2	-1
505	5	820.4	1	2	-1
505	5	496.95	0	2	-1
505	5	634.51	1	2	-1
505	5	870.17	1	2	-1
505	5	691.59	1	2	-1
505	5	657.07	1	2	-1
505	5	738.62	1	2	-1
505	5	614.1	1	2	-1
505	5	816.42	1	2	-1
505	5	715.74	1	2	-1
505	5	921.04	1	1	-1
505	5	557.17	1	1	-1
505	5	597.96	1	1	-1
505	5	606.06	1	1	-1
505	5	558.34	1	1	-1
505	5	674.91	1	1	-1
505	5	713.12	1	1	-1
505	5	501.34	1	1	-1
505	5	607.86	1	1	-1
505	5	958.59	1	1	-1
505	5	588.75	1	1	-1
505	5	533.45	1	1	-1
505	5	499.57	1	1	-1
505	5	491.05	1	1	-1
505	5	631.9	1	1	-1
505	5	601.74	1	1	-1
505	5	578.43	1	1	-1
505	5	570.88	1	1	-1
505	5	920.99	1	1	-1
505	5	498.92	1	1	-1
505	5	621.77	1	1	-1
505	5	574.42	1	1	-1
505	5	592.04	1	1	-1
505	5	506.56	1	1	-1
505	5	1121.8	1	1	-1
505	5	674.11	1	1	-1
505	5	777.5	1	1	-1
505	5	528.89	1	1	-1
505	5	540.83	1	1	-1
505	5	524.64	1	1	-1
505	5	607.73	1	1	-1
505	5	651.27	1	1	-1
505	5	958.35	1	1	-1
505	5	609.62	1	1	-1
505	5	598.15	1	1	-1
505	5	590.6	1	1	-1
505	5	794.21	1	1	-1
505	5	725.8	1	1	-1
505	5	999.9	1	1	-1
505	5	828.92	1	1	-1
505	5	837.13	1	1	-1
505	5	588.57	1	1	-1
505	5	705.83	1	1	-1
505	5	619.75	1	1	-1
505	5	583.82	1	1	-1
505	5	502.85	1	1	-1
505	5	455.21	1	1	-1
505	5	810.24	1	1	-1
505	5	783.79	1	1	-1
505	5	591.35	1	1	-1
505	5	559.83	1	1	-1
505	5	537.28	1	1	-1
505	5	476.32	1	1	-1
505	5	460.18	1	1	-1
505	5	568.03	1	1	-1
505	5	549.82	1	1	-1
505	5	558.55	1	1	-1
505	5	659.69	1	1	-1
505	5	1138.4	1	1	-1
505	5	540.89	1	1	-1
505	5	608.02	1	1	-1
505	5	527.86	1	1	-1
505	5	1094.1	1	1	-1
505	5	665.55	1	1	-1
505	5	595.5	1	1	-1
505	5	594.24	1	1	-1
505	5	843.28	1	1	-1
505	5	607.09	1	1	-1
505	5	612.61	1	1	-1
505	5	527.56	1	1	-1
505	5	537.09	1	1	-1
505	5	567.83	1	1	-1
505	5	565.13	1	1	-1
505	5	794.4	1	1	-1
505	5	857.91	1	1	-1
505	5	960.66	1	1	-1
505	5	595.65	1	1	-1
505	5	581.86	1	1	-1
505	5	611.15	1	1	-1
505	5	488.74	1	1	-1
505	5	426.67	1	1	-1
505	5	608.36	1	1	-1
505	5	703.43	1	1	-1
505	5	538.28	1	1	-1
505	5	522.59	1	1	-1
505	5	598.62	1	1	-1
505	5	590.54	0	1	-1
505	5	644.76	0	1	-1
505	5	655.83	0	1	-1
505	5	506.86	1	1	-1
505	5	627.78	1	1	-1
505	5	505.84	0	1	-1
505	5	569.8	1	1	-1
505	5	619.81	1	1	-1
505	5	554.69	1	1	-1
505	5	516.38	1	1	-1
505	5	501.99	1	1	-1
505	5	461.95	0	1	-1
505	5	574.29	1	1	-1
505	5	640.16	1	1	-1
505	5	568.15	1	1	-1
505	5	638.8	1	1	-1
505	5	524.51	1	1	-1
505	5	729.64	1	1	-1
505	5	462.51	1	1	-1
505	5	473.73	1	1	-1
505	5	579.94	1	1	-1
505	5	482.53	1	1	-1
505	5	493.07	1	1	-1
505	5	739.3	1	1	-1
505	5	563.02	1	1	-1
505	5	468.97	1	1	-1
505	5	544.58	1	1	-1
505	5	521.65	1	1	-1
505	5	755.85	0	1	-1
505	5	739.72	1	1	-1
505	5	553.01	1	1	-1
505	5	520.34	1	1	-1
505	5	543.11	1	1	-1
505	5	614.02	1	1	-1
505	5	500.13	1	1	-1
505	5	553.96	1	1	-1
505	5	485.72	1	1	-1
505	5	485.94	1	1	-1
505	5	443.02	1	1	-1
505	5	435.47	1	1	-1
505	5	557.75	1	1	-1
505	5	466.74	1	1	-1
505	5	629.78	1	1	-1
505	5	548.11	1	1	-1
505	5	576.68	1	1	-1
505	5	653.28	1	1	-1
505	5	700.75	1	1	-1
505	5	721.44	1	1	-1
505	5	537.21	1	1	-1
505	5	801.15	0	1	-1
505	5	544.52	1	1	-1
505	5	528.47	1	1	-1
505	5	545.13	1	1	-1
505	5	559.49	1	1	-1
505	5	494.31	1	1	-1
505	5	525.41	1	1	-1
505	5	499.59	1	1	-1
505	5	527.66	1	1	-1
505	5	579.76	1	1	-1
505	5	824.6	1	1	-1
505	5	551.23	1	1	-1
505	5	496.87	1	1	-1
505	5	534.08	1	1	-1
505	5	495.43	1	1	-1
505	5	641.25	1	1	-1
505	5	616.61	1	1	-1
505	5	587.04	1	1	-1
505	5	730.44	1	1	-1
505	5	646.14	1	1	-1
505	5	501.89	1	1	-1
505	5	531.28	1	1	-1
505	5	652.36	1	1	-1
505	5	498.86	1	1	-1
505	5	744.97	1	1	-1
505	5	480.21	1	1	-1
505	5	568.63	1	1	-1
505	5	565.65	1	1	-1
505	5	563.42	1	1	-1
505	5	612.39	1	1	-1
505	5	578.47	1	1	-1
505	5	788.79	1	1	-1
505	5	1003.7	1	1	-1
505	5	559.09	1	1	-1
505	5	548.02	1	1	-1
505	5	929.88	1	1	-1
505	5	1969.2	1	1	-1
505	5	1104.6	0	1	-1
505	5	490.71	1	1	-1
505	5	509.33	1	1	-1
505	5	561.36	1	1	-1
505	5	550.67	1	1	-1
505	5	694.77	1	1	-1
505	5	586.72	1	1	-1
505	5	621.9	1	1	-1
505	5	577.15	1	1	-1
505	5	625.75	1	1	-1
505	5	696.42	1	1	-1
505	5	609.43	1	1	-1
505	5	490.89	0	1	-1
505	5	659.88	1	1	-1
505	5	570.5	0	1	-1
505	5	618.02	1	1	-1
505	5	566.23	1	1	-1
505	5	714.41	1	1	-1
505	5	577.04	1	1	-1
505	5	612.78	1	1	-1
505	5	698.9	1	1	-1
505	5	645.73	1	1	-1
505	5	536.05	1	1	-1
505	5	792.76	1	1	-1
505	5	536.09	1	1	-1
505	5	528.1	1	1	-1
505	5	646.98	1	1	-1
505	5	564.26	1	1	-1
505	5	526.37	1	1	-1
505	5	629.86	1	1	-1
505	5	539.85	1	1	-1
505	5	638.96	1	1	-1
505	5	541.02	1	1	-1
505	5	485.14	1	1	-1
505	5	516.69	1	1	-1
505	5	581.89	1	1	-1
505	5	515.35	1	1	-1
505	5	505.67	1	1	-1
505	5	500.27	0	1	-1
505	5	566.29	1	1	-1
505	5	981.06	1	1	-1
505	5	516.65	1	1	-1
505	5	638.2	1	1	-1
505	5	691.83	1	1	-1
505	5	583.73	1	1	-1
505	5	635.52	0	1	-1
505	5	546.95	1	1	-1
505	5	1020.7	0	1	-1
505	5	547.79	1	1	-1
505	5	606.14	1	1	-1
505	5	515.82	1	1	-1
505	5	563.41	1	1	-1
505	5	502.13	1	1	-1
505	5	472.59	1	1	-1
505	5	551.85	1	1	-1
505	5	664.98	1	1	-1
505	5	562.09	1	1	-1
505	5	553.11	1	1	-1
505	5	840.31	1	1	-1
505	5	592.65	1	1	-1
505	5	499.2	1	1	-1
505	5	695.59	1	1	-1
505	5	895.6	1	1	-1
505	5	720.7	1	1	-1
505	5	581.02	1	1	-1
505	5	660.53	1	1	-1
505	5	556	1	1	-1
505	5	626.52	1	1	-1
505	5	530.66	1	1	-1
505	5	1775.2	1	1	-1
505	5	500.75	1	1	-1
505	5	600.35	1	1	-1
505	5	488.93	1	1	-1
505	5	550.54	1	1	-1
505	5	591.39	1	1	-1
505	5	1074.5	1	1	-1
505	5	739.37	1	1	-1
505	5	562.81	1	1	-1
505	5	624.72	0	1	-1
505	5	654.13	1	1	-1
505	5	645.43	1	1	-1
505	5	621.58	1	1	-1
505	5	543.88	1	1	-1
505	5	689.43	1	1	-1
505	5	561.82	1	1	-1
505	5	564.63	1	1	-1
505	5	686.31	1	1	-1
505	5	1208.4	1	1	-1
505	5	677.53	0	1	-1
505	5	594.07	1	1	-1
505	5	535.84	1	1	-1
505	5	612.04	1	1	-1
505	5	592.42	1	1	-1
505	5	574.12	1	1	-1
505	5	1380.2	1	1	-1
505	5	577.66	1	1	-1
505	5	608.76	1	1	-1
505	5	573.03	1	1	-1
505	5	1124.2	1	1	-1
505	5	901.13	1	1	-1
505	5	541.7	1	1	-1
505	5	845.44	1	1	-1
505	5	763.68	1	1	-1
505	5	584.46	1	1	-1
505	5	751.76	1	1	-1
505	5	908.89	1	1	-1
505	5	751.47	1	1	-1
505	5	1500	1	1	-1
505	5	661.85	1	1	-1
505	5	721.09	1	1	-1
505	5	1080.7	1	1	-1
505	5	595.09	1	1	-1
505	5	804.2	1	1	-1
505	5	858.09	1	1	-1
505	5	1333.6	1	1	-1
505	5	805.5	1	1	-1
505	5	619.35	1	1	-1
505	5	687.47	1	1	-1
505	5	808.38	1	1	-1
505	5	980.15	1	1	-1
505	5	755.56	1	1	-1
505	5	659.31	1	1	-1
505	5	902.05	1	1	-1
505	5	858.52	1	1	-1
505	5	594.62	1	1	-1
505	5	608.07	1	1	-1
505	5	1047.1	1	1	-1
505	5	1740	1	1	-1
505	5	1305.5	1	1	-1
505	5	701.09	1	1	-1
505	5	600.95	1	1	-1
505	5	810.01	1	1	-1
505	5	731.98	1	1	-1
505	5	1517.6	1	1	-1
505	5	642.1	1	1	-1
505	5	876.12	1	1	-1
505	5	529.79	1	1	-1
505	5	548.25	1	1	-1
505	5	873.28	1	1	-1
505	5	608.21	1	1	-1
505	5	610.42	1	1	-1
505	5	574.15	1	1	-1
505	5	614.53	1	1	-1
505	5	687.07	1	1	-1
505	5	548.93	1	1	-1
505	5	565.52	1	1	-1
505	5	589.96	1	1	-1
505	5	626.21	1	1	-1
505	5	626.79	1	1	-1
505	5	1521.7	1	1	-1
505	5	719.41	1	1	-1
505	5	749.33	1	1	-1
505	5	869.38	1	1	-1
505	5	1063.9	1	1	-1
505	5	674.13	1	1	-1
505	5	716.24	1	1	-1
505	5	581.27	1	1	-1
505	5	1444.4	1	1	-1
505	5	600.43	1	1	-1
505	5	710.79	1	1	-1
505	5	678.83	1	1	-1
505	5	639.48	1	1	-1
505	5	664.33	1	1	-1
505	5	844.34	1	1	-1
505	5	583.49	1	1	-1
505	5	1598.9	1	1	-1
505	5	781.64	0	1	-1
505	5	1265.1	1	1	-1
505	5	1256.6	1	1	-1
505	5	592.19	1	1	-1
505	5	709.07	1	1	-1
505	5	662.77	1	1	-1
505	5	636.1	1	1	-1
505	5	638.1	1	1	-1
505	5	661.65	1	1	-1
505	5	873.77	1	1	-1
505	5	979.9	1	1	-1
505	5	841.67	1	1	-1
505	5	1009.7	0	1	-1
505	5	1751.5	1	1	-1
505	5	572.05	1	1	-1
505	5	561.6	1	1	-1
505	5	1270.1	1	1	-1
505	5	581.29	1	1	-1
505	5	654.38	1	1	-1
505	5	721.73	0	-1	2
505	5	929.84	0	-1	2
505	5	980.39	1	-1	2
505	5	993.38	1	-1	2
505	5	985.36	1	-1	2
505	5	756.9	0	-1	2
505	5	990.82	1	-1	2
505	5	988.65	0	-1	2
505	5	619.46	0	-1	2
505	5	958.04	1	-1	2
505	5	666.19	1	-1	2
505	5	707.57	1	-1	2
505	5	859.18	1	-1	2
505	5	456.28	0	-1	2
505	5	1180.3	1	-1	2
505	5	788.02	0	-1	2
505	5	633.31	0	-1	2
505	5	1189.1	1	-1	2
505	5	1034.2	1	-1	2
505	5	1351.4	1	-1	2
505	5	1432.6	1	-1	2
505	5	942.75	1	-1	2
505	5	1476.6	1	-1	2
505	5	1261.3	1	-1	2
505	5	1061.8	1	-1	2
505	5	763.55	1	-1	2
505	5	1056.9	1	-1	2
505	5	1095.3	1	-1	2
505	5	755.86	0	-1	2
505	5	627.15	0	-1	2
505	5	948.21	1	-1	2
505	5	930.85	1	-1	2
505	5	928.63	1	-1	2
505	5	1127.8	1	-1	2
505	5	797.69	1	-1	2
505	5	1085.2	1	-1	2
505	5	1029.3	1	-1	2
505	5	680.86	0	-1	2
505	5	1436.5	1	-1	2
505	5	735.43	0	-1	2
505	5	982.53	1	-1	2
505	5	779.71	0	-1	2
505	5	1546.2	0	-1	2
505	5	1398.8	1	-1	2
505	5	1353.5	1	-1	2
505	5	1009.1	1	-1	2
505	5	1448	1	-1	2
505	5	910.37	1	-1	2
505	5	992.03	1	-1	2
505	5	958.42	1	-1	2
505	5	897.88	1	-1	2
505	5	897.52	1	-1	2
505	5	789.36	1	-1	2
505	5	740.28	0	-1	2
505	5	762.29	1	-1	2
505	5	896.14	1	-1	2
505	5	552.32	1	-1	2
505	5	541.19	0	-1	2
505	5	577.88	0	-1	2
505	5	872.72	1	-1	2
505	5	643.76	1	-1	2
505	5	826.57	1	-1	2
505	5	593.57	1	-1	2
505	5	816.48	1	-1	2
505	5	603.95	1	-1	2
505	5	655.67	1	-1	2
505	5	752.49	1	-1	2
505	5	502.33	1	-1	2
505	5	978.69	1	-1	2
505	5	761.13	1	-1	2
505	5	629.85	1	-1	2
505	5	574.12	1	-1	2
505	5	542.81	1	-1	2
505	5	703.79	1	-1	2
505	5	808.31	1	-1	2
505	5	674.16	0	-1	2
505	5	579.88	1	-1	2
505	5	860.34	1	-1	2
505	5	632.22	1	-1	2
505	5	931.1	1	-1	2
505	5	616.48	1	-1	2
505	5	738.35	1	-1	2
505	5	679.16	1	-1	2
505	5	524.99	1	-1	2
505	5	789.39	1	-1	2
505	5	985.27	1	-1	2
505	5	576.54	1	-1	2
505	5	568.04	1	-1	2
505	5	623.27	1	-1	2
505	5	579.62	1	-1	2
505	5	634	1	-1	2
505	5	627.37	1	-1	2
505	5	575.77	1	-1	2
505	5	1715.5	1	-1	2
505	5	568.32	1	-1	2
505	5	512.58	1	-1	2
505	5	775.14	1	-1	2
505	5	598.14	1	-1	2
505	5	594.89	1	-1	2
505	5	593.26	1	-1	2
505	5	1190.1	1	-1	2
505	5	644.4	1	-1	2
505	5	807.84	1	-1	2
505	5	561.74	1	-1	2
505	5	633.75	1	-1	2
505	5	802.26	1	-1	2
505	5	602.86	1	-1	2
505	5	521.8	1	-1	2
505	5	498.81	1	-1	2
505	5	452.1	1	-1	2
505	5	449.68	1	-1	2
505	5	575.58	1	-1	2
505	5	1203.6	1	-1	2
505	5	862.85	1	-1	2
505	5	461.72	1	-1	2
505	5	524.79	1	-1	2
505	5	676.24	1	-1	2
505	5	530.14	1	-1	2
505	5	534.97	1	-1	2
505	5	595.43	1	-1	2
505	5	807.43	1	-1	2
505	5	481.59	1	-1	2
505	5	500.32	1	-1	2
505	5	625.44	1	-1	2
505	5	523.33	1	-1	2
505	5	555.45	1	-1	2
505	5	621.39	1	-1	2
505	5	497.55	1	-1	2
505	5	667.25	1	-1	2
505	5	730.37	1	-1	2
505	5	623.43	1	-1	2
505	5	695.3	1	-1	2
505	5	528.1	1	-1	2
505	5	760.23	1	-1	2
505	5	619.77	1	-1	2
505	5	543.25	1	-1	2
505	5	539.93	1	-1	2
505	5	595.39	1	-1	2
505	5	742.78	1	-1	2
505	5	896.11	1	-1	2
505	5	693	0	-1	2
505	5	707.68	0	-1	2
505	5	690.52	1	-1	2
505	5	663	0	-1	2
505	5	574.18	0	-1	2
505	5	706.27	1	-1	2
505	5	800.15	1	-1	2
505	5	569.75	1	-1	2
505	5	758.89	1	-1	2
505	5	544.24	1	-1	2
505	5	419.87	0	-1	2
505	5	571.2	1	-1	2
505	5	617.11	1	-1	2
505	5	933.87	1	-1	2
505	5	617.13	1	-1	2
505	5	631.01	0	-1	2
505	5	613.72	0	-1	2
505	5	903.52	1	-1	2
505	5	565.63	1	-1	2
505	5	749.63	1	-1	2
505	5	729.5	1	-1	2
505	5	951.96	1	-1	2
505	5	795.29	1	-1	2
505	5	643.01	1	-1	2
505	5	553.72	0	-1	2
505	5	602.03	1	-1	2
505	5	563.74	1	-1	2
505	5	896.15	1	-1	2
505	5	592.34	1	-1	2
505	5	1047.7	1	-1	2
505	5	735.14	1	-1	2
505	5	825.01	1	-1	2
505	5	662.8	1	-1	2
505	5	627.52	1	-1	2
505	5	998.44	1	-1	2
505	5	766.3	1	-1	2
505	5	861	0	-1	2
505	5	699.66	1	-1	2
505	5	658.73	1	-1	2
505	5	654.82	1	-1	2
505	5	708.38	1	-1	2
505	5	617.01	1	-1	2
505	5	670	1	-1	2
505	5	541.3	1	-1	2
505	5	517.6	1	-1	2
505	5	784.99	1	-1	2
505	5	614.95	1	-1	2
505	5	537.76	0	-1	2
505	5	592.46	1	-1	2
505	5	628.87	1	-1	2
505	5	1007.6	1	-1	2
505	5	1042.9	1	-1	2
505	5	915.56	1	-1	2
505	5	740.43	1	-1	2
505	5	1032.2	1	-1	2
505	5	619.73	1	-1	2
505	5	639.8	1	-1	2
505	5	703.46	1	-1	2
505	5	478.41	1	-1	2
505	5	713.53	1	-1	2
505	5	1794.5	1	-1	2
505	5	578.54	1	-1	2
505	5	609.03	1	-1	2
505	5	600.25	1	-1	2
505	5	501.14	1	-1	2
505	5	929.11	1	-1	2
505	5	521.73	1	-1	2
505	5	556.83	1	-1	2
505	5	870.09	1	-1	2
505	5	738.23	1	-1	2
505	5	748.96	0	-1	2
505	5	654.32	1	-1	2
505	5	514.34	1	-1	2
505	5	592.27	1	-1	2
505	5	577.84	1	-1	2
505	5	578.85	0	-1	2
505	5	615.64	0	-1	2
505	5	634.68	1	-1	2
505	5	1049.1	1	-1	2
505	5	538.58	1	-1	2
505	5	609.63	1	-1	2
505	5	672.35	1	-1	2
505	5	567.64	1	-1	2
505	5	1913.6	1	-1	2
505	5	632.52	1	-1	2
505	5	737.89	1	-1	2
505	5	809.95	1	-1	2
505	5	706.03	1	-1	2
505	5	549.61	1	-1	2
505	5	633.9	1	-1	2
505	5	564.62	1	-1	2
505	5	868.34	1	-1	2
505	5	766.7	0	-1	2
505	5	653.56	1	-1	2
505	5	710.3	1	-1	2
505	5	783.1	1	-1	2
505	5	647.21	1	-1	2
505	5	619.65	1	-1	2
505	5	616.81	1	-1	2
505	5	567.48	1	-1	2
505	5	641.4	1	-1	2
505	5	759.5	1	-1	2
505	5	889.3	1	-1	2
505	5	1161.1	1	-1	2
505	5	615.42	1	-1	2
505	5	839.14	1	-1	2
505	5	676.04	1	-1	2
505	5	680.38	1	-1	2
505	5	746.78	1	-1	2
505	5	758.51	0	-1	2
505	5	595.65	1	-1	2
505	5	644.93	1	-1	2
505	5	810.27	1	-1	2
505	5	687.29	1	-1	2
505	5	908.68	1	-1	2
505	5	623.88	1	-1	2
505	5	679.31	1	-1	2
505	5	597.7	1	-1	2
505	5	601.44	1	-1	2
505	5	615.39	1	-1	2
505	5	1266.7	0	-1	2
505	5	822.34	1	-1	2
505	5	1201	1	-1	2
505	5	679.74	1	-1	2
505	5	624.82	1	-1	2
505	5	758.33	1	-1	2
505	5	833.52	1	-1	2
505	5	639.74	1	-1	2
505	5	1479.4	1	-1	2
505	5	644.82	1	-1	2
505	5	688.32	1	-1	2
505	5	623.43	1	-1	2
505	5	782.92	1	-1	2
505	5	649.1	1	-1	2
505	5	479.36	1	-1	2
505	5	827.54	1	-1	2
505	5	517.54	1	-1	2
505	5	905.96	1	-1	2
505	5	1988.1	1	-1	2
505	5	1267.4	1	-1	2
505	5	1045.7	1	-1	2
505	5	1468.2	0	-1	2
505	5	1091.4	1	-1	2
505	5	602.29	1	-1	2
505	5	706.37	1	-1	2
505	5	651.26	1	-1	2
505	5	778.48	1	-1	2
505	5	679.18	1	-1	2
505	5	1058.1	1	-1	2
505	5	636.75	1	-1	2
505	5	1343.4	0	-1	2
505	5	704.61	1	-1	2
505	5	1796.3	1	-1	2
505	5	714.92	1	-1	2
505	5	886.44	1	-1	2
505	5	1344.8	1	-1	2
505	5	713.05	1	-1	2
505	5	596.38	0	-1	2
505	5	1802.4	1	-1	2
505	5	1777.6	1	-1	2
505	5	840.76	1	-1	2
505	5	993.93	1	-1	2
505	5	641.32	1	-1	2
505	5	754.47	1	-1	2
505	5	708.73	1	-1	2
505	5	782.74	1	-1	2
505	5	825.23	1	-1	2
505	5	584.61	1	-1	2
505	5	1378.7	1	-1	2
505	5	742.57	1	-1	2
505	5	595.23	1	-1	2
505	5	818.45	1	-1	2
505	5	657.51	1	-1	2
505	5	574.62	1	-1	2
505	5	667.53	1	-1	2
505	5	477.36	0	-1	2
505	5	847.84	1	-1	2
505	5	556.67	1	-1	2
505	5	577.78	1	-1	2
505	5	884.79	1	-1	2
505	5	598.49	1	-1	2
505	5	657.83	1	-1	2
505	5	636.03	1	-1	2
505	5	674.68	1	-1	2
505	5	806.75	1	-1	2
505	5	685.76	1	-1	2
505	5	907.54	1	-1	2
505	5	1262.2	1	-1	2
505	5	624.16	1	-1	2
505	5	1280.8	1	-1	2
505	5	795.07	1	-1	2
505	5	724.03	1	-1	2
505	5	736.23	1	-1	2
505	5	552.92	1	-1	2
505	5	705.15	1	-1	2
505	5	662.33	1	-1	2
505	5	613.92	1	-1	2
505	5	609.94	1	-1	2
505	5	891.84	1	-1	2
505	5	743.46	1	-1	2
505	5	592.69	1	-1	2
505	5	804.66	1	-1	2
505	5	709.41	1	-1	2
505	5	1518	0	-1	2
505	5	729.72	1	-1	2
505	5	652.34	1	-1	2
505	5	885.9	1	-1	2
505	5	659.51	1	-1	2
505	5	997.06	1	-1	2
505	5	603.31	1	-1	2
505	5	776.2	1	-1	2
505	5	606.62	1	-1	2
505	5	1183.1	1	-1	2
505	5	788.66	1	-1	2
505	5	634.59	1	-1	2
505	5	590.25	1	-1	2
505	5	694.92	1	-1	2
505	5	803.49	1	-1	1
505	5	1211	1	-1	1
505	5	870.16	0	-1	1
505	5	903.29	1	-1	1
505	5	682.22	1	-1	1
505	5	966.04	1	-1	1
505	5	622.95	1	-1	1
505	5	645.22	1	-1	1
505	5	587.73	1	-1	1
505	5	541.73	1	-1	1
505	5	617.09	1	-1	1
505	5	669.35	1	-1	1
505	5	633.46	1	-1	1
505	5	862.24	1	-1	1
505	5	836.38	1	-1	1
505	5	1369.2	1	-1	1
505	5	533	1	-1	1
505	5	764.98	0	-1	1
505	5	682.81	1	-1	1
505	5	887.14	1	-1	1
505	5	569.68	1	-1	1
505	5	826.76	1	-1	1
505	5	629.93	1	-1	1
505	5	637.45	1	-1	1
505	5	683.25	1	-1	1
505	5	682.54	1	-1	1
505	5	789.88	1	-1	1
505	5	655.82	1	-1	1
505	5	655.36	1	-1	1
505	5	941.18	1	-1	1
505	5	603.86	1	-1	1
505	5	626.17	1	-1	1
505	5	505.5	1	-1	1
505	5	703.09	1	-1	1
505	5	1143.6	1	-1	1
505	5	1185.5	1	-1	1
505	5	949.6	1	-1	1
505	5	1024.2	1	-1	1
505	5	1043.4	1	-1	1
505	5	853.77	1	-1	1
505	5	984.77	0	-1	1
505	5	832.85	1	-1	1
505	5	599.38	1	-1	1
505	5	736.7	1	-1	1
505	5	917.88	1	-1	1
505	5	663.17	1	-1	1
505	5	1541.4	1	-1	1
505	5	967.61	1	-1	1
505	5	588.62	1	-1	1
505	5	569.58	1	-1	1
505	5	701.1	1	-1	1
505	5	567.41	1	-1	1
505	5	803.49	1	-1	1
505	5	744.75	1	-1	1
505	5	599.36	1	-1	1
505	5	528.22	1	-1	1
505	5	598.57	1	-1	1
505	5	474.67	1	-1	1
505	5	496.85	1	-1	1
505	5	714.07	1	-1	1
505	5	679.03	1	-1	1
505	5	578.45	1	-1	1
505	5	513.11	1	-1	1
505	5	636.78	1	-1	1
505	5	542.95	1	-1	1
505	5	672.2	1	-1	1
505	5	592.42	1	-1	1
505	5	532.18	1	-1	1
505	5	484.13	1	-1	1
505	5	675.66	1	-1	1
505	5	535.63	1	-1	1
505	5	984.7	1	-1	1
505	5	612.13	1	-1	1
505	5	770.95	1	-1	1
505	5	539	1	-1	1
505	5	581.97	1	-1	1
505	5	988.73	1	-1	1
505	5	610.98	1	-1	1
505	5	592.44	1	-1	1
505	5	526.37	1	-1	1
505	5	825.07	1	-1	1
505	5	720.46	1	-1	1
505	5	560.79	1	-1	1
505	5	565.77	1	-1	1
505	5	650.94	1	-1	1
505	5	450.26	1	-1	1
505	5	569.41	1	-1	1
505	5	609.89	1	-1	1
505	5	672.72	1	-1	1
505	5	824.17	1	-1	1
505	5	603.34	1	-1	1
505	5	664.91	1	-1	1
505	5	562.09	1	-1	1
505	5	567.44	1	-1	1
505	5	510.99	1	-1	1
505	5	554.59	1	-1	1
505	5	460.74	1	-1	1
505	5	599.26	1	-1	1
505	5	455.67	0	-1	1
505	5	569.93	1	-1	1
505	5	540.87	1	-1	1
505	5	612.94	1	-1	1
505	5	494.38	1	-1	1
505	5	481.85	1	-1	1
505	5	468.42	1	-1	1
505	5	513.67	1	-1	1
505	5	498.68	1	-1	1
505	5	506.42	1	-1	1
505	5	884.8	1	-1	1
505	5	502.48	1	-1	1
505	5	463.59	1	-1	1
505	5	525.64	1	-1	1
505	5	549.03	1	-1	1
505	5	462.87	1	-1	1
505	5	561.3	1	-1	1
505	5	898.77	1	-1	1
505	5	492.78	1	-1	1
505	5	938.9	1	-1	1
505	5	580.05	1	-1	1
505	5	500.59	1	-1	1
505	5	587.96	1	-1	1
505	5	600.1	1	-1	1
505	5	537.44	1	-1	1
505	5	524.05	1	-1	1
505	5	648.1	1	-1	1
505	5	591.99	1	-1	1
505	5	504.64	1	-1	1
505	5	590.51	1	-1	1
505	5	571.02	1	-1	1
505	5	567.1	1	-1	1
505	5	547.3	1	-1	1
505	5	553.86	0	-1	1
505	5	624.54	1	-1	1
505	5	530.91	1	-1	1
505	5	497.13	1	-1	1
505	5	664.03	1	-1	1
505	5	951.92	1	-1	1
505	5	526.68	1	-1	1
505	5	597.89	1	-1	1
505	5	497.73	1	-1	1
505	5	489.58	1	-1	1
505	5	794.8	1	-1	1
505	5	645.9	1	-1	1
505	5	699.38	1	-1	1
505	5	573.16	1	-1	1
505	5	602.93	1	-1	1
505	5	552.79	1	-1	1
505	5	634.07	1	-1	1
505	5	560.93	1	-1	1
505	5	644.49	1	-1	1
505	5	917.52	1	-1	1
505	5	726.1	1	-1	1
505	5	586.91	1	-1	1
505	5	918.8	1	-1	1
505	5	541.42	1	-1	1
505	5	572.59	1	-1	1
505	5	526.69	1	-1	1
505	5	611.97	1	-1	1
505	5	583.2	1	-1	1
505	5	582.17	1	-1	1
505	5	1482.4	1	-1	1
505	5	1050.7	1	-1	1
505	5	568.4	1	-1	1
505	5	515.64	1	-1	1
505	5	760.54	1	-1	1
505	5	610.48	1	-1	1
505	5	605.67	1	-1	1
505	5	607.47	1	-1	1
505	5	731.04	1	-1	1
505	5	1027.7	0	-1	1
505	5	820.4	1	-1	1
505	5	600.1	1	-1	1
505	5	568.31	1	-1	1
505	5	652.14	1	-1	1
505	5	676.51	1	-1	1
505	5	732.27	1	-1	1
505	5	806.42	1	-1	1
505	5	813.41	1	-1	1
505	5	628.94	1	-1	1
505	5	530.99	1	-1	1
505	5	682.52	1	-1	1
505	5	613.4	1	-1	1
505	5	908.99	1	-1	1
505	5	598.03	1	-1	1
505	5	462.33	1	-1	1
505	5	1521.5	1	-1	1
505	5	608.34	1	-1	1
505	5	532.87	1	-1	1
505	5	615.54	1	-1	1
505	5	688.33	1	-1	1
505	5	806.03	1	-1	1
505	5	598.28	1	-1	1
505	5	736.26	1	-1	1
505	5	481.2	1	-1	1
505	5	481.05	1	-1	1
505	5	664.8	1	-1	1
505	5	642.76	0	-1	1
505	5	670.54	1	-1	1
505	5	593.68	1	-1	1
505	5	648.31	1	-1	1
505	5	496.44	1	-1	1
505	5	547.73	1	-1	1
505	5	696	1	-1	1
505	5	886.38	0	-1	1
505	5	586.85	1	-1	1
505	5	631.81	1	-1	1
505	5	490.77	1	-1	1
505	5	477	1	-1	1
505	5	608.83	1	-1	1
505	5	581.74	1	-1	1
505	5	485.45	1	-1	1
505	5	552.28	1	-1	1
505	5	539.42	1	-1	1
505	5	662.92	1	-1	1
505	5	563.45	1	-1	1
505	5	709.16	1	-1	1
505	5	742.19	1	-1	1
505	5	750.3	1	-1	1
505	5	560.12	1	-1	1
505	5	638.11	1	-1	1
505	5	872.76	1	-1	1
505	5	551.33	1	-1	1
505	5	448.74	1	-1	1
505	5	516.5	1	-1	1
505	5	544.22	1	-1	1
505	5	535.77	1	-1	1
505	5	520.43	1	-1	1
505	5	577.24	1	-1	1
505	5	532.56	1	-1	1
505	5	571	1	-1	1
505	5	619.89	1	-1	1
505	5	661.82	1	-1	1
505	5	596.29	1	-1	1
505	5	742.77	1	-1	1
505	5	824.88	1	-1	1
505	5	621.34	1	-1	1
505	5	632.89	1	-1	1
505	5	767.95	1	-1	1
505	5	571.12	1	-1	1
505	5	1121	1	-1	1
505	5	1494.2	1	-1	1
505	5	565.32	1	-1	1
505	5	839.72	1	-1	1
505	5	651.19	1	-1	1
505	5	517.8	1	-1	1
505	5	621.05	1	-1	1
505	5	567.5	1	-1	1
505	5	559.93	1	-1	1
505	5	560.96	1	-1	1
505	5	646.73	1	-1	1
505	5	722.44	1	-1	1
505	5	526.38	1	-1	1
505	5	1608.3	1	-1	1
505	5	566	1	-1	1
505	5	614.55	1	-1	1
505	5	531.79	1	-1	1
505	5	589.55	1	-1	1
505	5	819.6	1	-1	1
505	5	542.8	1	-1	1
505	5	620.81	1	-1	1
505	5	544.43	1	-1	1
505	5	1210.2	1	-1	1
505	5	905.18	1	-1	1
505	5	657.24	1	-1	1
505	5	586.61	1	-1	1
505	5	629.29	1	-1	1
505	5	863.75	1	-1	1
505	5	597.72	1	-1	1
505	5	511.85	1	-1	1
505	5	563.72	1	-1	1
505	5	579.04	1	-1	1
505	5	657.03	1	-1	1
505	5	827.37	1	-1	1
505	5	704.53	1	-1	1
505	5	655.95	1	-1	1
505	5	1827.4	1	-1	1
505	5	571.69	1	-1	1
505	5	567.57	1	-1	1
505	5	477.64	1	-1	1
505	5	918.45	1	-1	1
505	5	559.7	1	-1	1
505	5	615.44	1	-1	1
505	5	550.6	1	-1	1
505	5	688.31	1	-1	1
505	5	1009.4	1	-1	1
505	5	684.98	1	-1	1
505	5	840.34	1	-1	1
505	5	610.27	1	-1	1
505	5	672.08	1	-1	1
505	5	658.55	1	-1	1
505	5	719.17	1	-1	1
505	5	596.9	1	-1	1
505	5	1162.4	1	-1	1
505	5	685.23	1	-1	1
505	5	897.37	1	-1	1
505	5	602.77	1	-1	1
505	5	728.74	1	-1	1
505	5	734.1	1	-1	1
505	5	718.38	1	-1	1
505	5	616.57	1	-1	1
505	5	715.94	1	-1	1
505	5	609.86	1	-1	1
505	5	734.34	1	-1	1
505	5	649.54	1	-1	1
505	5	658.83	1	-1	1
505	5	617.55	1	-1	1
505	5	1046.4	1	-1	1
505	5	619.56	1	-1	1
505	5	1383.1	1	-1	1
505	5	737.86	1	-1	1
505	5	699.49	1	-1	1
505	5	866.41	1	-1	1
505	5	638.04	1	-1	1
505	5	878.51	1	-1	1
505	5	578.07	1	-1	1
505	5	640.46	1	-1	1
505	5	537.46	1	-1	1
505	5	675.22	1	-1	1
505	5	873.96	1	-1	1
505	5	611.86	1	-1	1
505	5	669.74	1	-1	1
505	5	678.46	1	-1	1
505	5	597.9	1	-1	1
505	5	1175.5	1	-1	1
505	5	524.45	1	-1	1
505	5	788.8	1	-1	1
505	5	706.45	1	-1	1
505	5	698.08	1	-1	1
505	5	657.27	1	-1	1
505	5	1154.3	0	-1	1
505	5	621.19	1	-1	1
505	5	661.83	1	-1	1
505	5	626.96	1	-1	1
505	5	582.77	1	-1	1
505	5	916.83	1	-1	1
505	5	630.37	1	-1	1
505	5	814.23	1	-1	1
505	5	595.84	1	-1	1
505	5	1001.7	1	-1	1
505	5	672.45	1	-1	1
505	5	587.37	1	-1	1
505	5	633.07	1	-1	1
505	5	625.29	1	-1	1
505	5	613.8	1	-1	1
505	5	617.62	1	-1	1
505	5	676.79	1	-1	1
505	5	693.61	1	-1	1
505	5	662.3	1	-1	1
505	5	1367.6	1	-1	1
505	5	759.45	1	-1	1
505	5	1715	1	-1	1
505	5	678.05	1	-1	1
505	5	703.19	1	-1	1
505	5	1663.6	1	-1	1
505	5	647.41	1	-1	1
505	5	867.48	1	-1	1
505	5	789.26	1	-1	1
505	5	636.14	1	-1	-1
505	5	630.05	1	-1	-1
505	5	576.07	1	-1	-1
505	5	605.61	1	-1	-1
505	5	578.67	1	-1	-1
505	5	516.79	1	-1	-1
505	5	513.34	1	-1	-1
505	5	604.84	1	-1	-1
505	5	540.11	1	-1	-1
505	5	555.62	1	-1	-1
505	5	588.06	1	-1	-1
505	5	506.11	1	-1	-1
505	5	572.88	1	-1	-1
505	5	753.63	1	-1	-1
505	5	601.2	1	-1	-1
505	5	535.86	1	-1	-1
505	5	570.68	1	-1	-1
505	5	568.26	1	-1	-1
505	5	574.74	1	-1	-1
505	5	573.87	1	-1	-1
505	5	568.51	1	-1	-1
505	5	551.18	1	-1	-1
505	5	497.39	1	-1	-1
505	5	633.17	1	-1	-1
505	5	554.6	1	-1	-1
505	5	525.54	1	-1	-1
505	5	553.29	1	-1	-1
505	5	512.21	1	-1	-1
505	5	649.78	1	-1	-1
505	5	568.12	1	-1	-1
505	5	504.53	1	-1	-1
505	5	597.88	1	-1	-1
505	5	682.61	1	-1	-1
505	5	547.46	1	-1	-1
505	5	817.19	1	-1	-1
505	5	603.94	1	-1	-1
505	5	685.81	1	-1	-1
505	5	900.4	1	-1	-1
505	5	502.9	1	-1	-1
505	5	803.41	1	-1	-1
505	5	699.94	1	-1	-1
505	5	781.09	1	-1	-1
505	5	538.5	1	-1	-1
505	5	647.19	1	-1	-1
505	5	571.24	1	-1	-1
505	5	674.06	1	-1	-1
505	5	593.14	1	-1	-1
505	5	663.54	1	-1	-1
505	5	731.14	1	-1	-1
505	5	674.13	1	-1	-1
505	5	681.1	1	-1	-1
505	5	583.75	1	-1	-1
505	5	548.09	1	-1	-1
505	5	547.9	1	-1	-1
505	5	556.8	1	-1	-1
505	5	626.06	1	-1	-1
505	5	536.24	1	-1	-1
505	5	606.2	1	-1	-1
505	5	558.62	1	-1	-1
505	5	535.1	1	-1	-1
505	5	658.51	1	-1	-1
505	5	643.85	1	-1	-1
505	5	573.05	1	-1	-1
505	5	546.56	1	-1	-1
505	5	551.74	1	-1	-1
505	5	585.14	1	-1	-1
505	5	580.75	1	-1	-1
505	5	534.15	1	-1	-1
505	5	946.7	1	-1	-1
505	5	586.31	1	-1	-1
505	5	589.33	1	-1	-1
505	5	592.35	1	-1	-1
505	5	654.25	1	-1	-1
505	5	642.15	1	-1	-1
505	5	599.61	1	-1	-1
505	5	541.85	1	-1	-1
505	5	584.29	1	-1	-1
505	5	578.33	1	-1	-1
505	5	504.1	1	-1	-1
505	5	640.05	1	-1	-1
505	5	557.61	1	-1	-1
505	5	572.72	1	-1	-1
505	5	557.52	1	-1	-1
505	5	443.15	1	-1	-1
505	5	468.23	1	-1	-1
505	5	681.23	1	-1	-1
505	5	617.83	1	-1	-1
505	5	510.01	1	-1	-1
505	5	536.22	1	-1	-1
505	5	477.5	0	-1	-1
505	5	626.63	1	-1	-1
505	5	619.23	1	-1	-1
505	5	899.73	1	-1	-1
505	5	453.91	1	-1	-1
505	5	509.73	1	-1	-1
505	5	596.05	1	-1	-1
505	5	492.64	1	-1	-1
505	5	506.69	1	-1	-1
505	5	602.2	1	-1	-1
505	5	606.25	1	-1	-1
505	5	513.89	1	-1	-1
505	5	628.91	1	-1	-1
505	5	513.56	1	-1	-1
505	5	468.96	1	-1	-1
505	5	530.8	1	-1	-1
505	5	464.99	1	-1	-1
505	5	477.74	1	-1	-1
505	5	566.6	1	-1	-1
505	5	475.4	1	-1	-1
505	5	480.7	1	-1	-1
505	5	505.43	1	-1	-1
505	5	448.68	1	-1	-1
505	5	590.49	1	-1	-1
505	5	490.04	1	-1	-1
505	5	403.82	1	-1	-1
505	5	456.74	1	-1	-1
505	5	519.49	1	-1	-1
505	5	485.57	1	-1	-1
505	5	454.88	1	-1	-1
505	5	541.64	1	-1	-1
505	5	558	1	-1	-1
505	5	579.22	1	-1	-1
505	5	541.4	1	-1	-1
505	5	525.92	1	-1	-1
505	5	409.02	1	-1	-1
505	5	529.95	1	-1	-1
505	5	569.75	1	-1	-1
505	5	493.31	1	-1	-1
505	5	597.92	1	-1	-1
505	5	508	1	-1	-1
505	5	536.15	1	-1	-1
505	5	483.89	1	-1	-1
505	5	877.93	1	-1	-1
505	5	574.59	1	-1	-1
505	5	784.47	1	-1	-1
505	5	504.39	1	-1	-1
505	5	615.38	1	-1	-1
505	5	519.67	1	-1	-1
505	5	422.82	1	-1	-1
505	5	452.5	1	-1	-1
505	5	529.86	1	-1	-1
505	5	527.59	1	-1	-1
505	5	601.22	1	-1	-1
505	5	565.79	1	-1	-1
505	5	553.81	1	-1	-1
505	5	483.82	1	-1	-1
505	5	591.77	1	-1	-1
505	5	744.3	1	-1	-1
505	5	519.39	1	-1	-1
505	5	538.68	1	-1	-1
505	5	536.38	1	-1	-1
505	5	522.98	1	-1	-1
505	5	545.36	1	-1	-1
505	5	436.06	1	-1	-1
505	5	482.37	1	-1	-1
505	5	511.98	1	-1	-1
505	5	537.41	1	-1	-1
505	5	485.64	1	-1	-1
505	5	533.82	1	-1	-1
505	5	465.4	1	-1	-1
505	5	506.17	1	-1	-1
505	5	510.18	1	-1	-1
505	5	533.29	1	-1	-1
505	5	573.17	1	-1	-1
505	5	545.62	1	-1	-1
505	5	594.99	1	-1	-1
505	5	547.83	1	-1	-1
505	5	654.51	1	-1	-1
505	5	570.01	1	-1	-1
505	5	641.2	1	-1	-1
505	5	618.25	1	-1	-1
505	5	601.03	1	-1	-1
505	5	530.82	1	-1	-1
505	5	545.26	1	-1	-1
505	5	846.86	1	-1	-1
505	5	551.48	1	-1	-1
505	5	558.51	1	-1	-1
505	5	532.67	1	-1	-1
505	5	579.19	1	-1	-1
505	5	546.65	1	-1	-1
505	5	475.76	1	-1	-1
505	5	537.91	1	-1	-1
505	5	546.39	1	-1	-1
505	5	563.91	1	-1	-1
505	5	561.59	1	-1	-1
505	5	528.9	1	-1	-1
505	5	471.18	1	-1	-1
505	5	607.42	1	-1	-1
505	5	560.26	1	-1	-1
505	5	526.2	1	-1	-1
505	5	610.68	1	-1	-1
505	5	567.31	1	-1	-1
505	5	595.52	1	-1	-1
505	5	582.42	1	-1	-1
505	5	601.83	1	-1	-1
505	5	540.35	1	-1	-1
505	5	487.15	1	-1	-1
505	5	500.23	1	-1	-1
505	5	503.5	1	-1	-1
505	5	542.33	1	-1	-1
505	5	541.52	1	-1	-1
505	5	566.28	1	-1	-1
505	5	531.18	1	-1	-1
505	5	595.67	1	-1	-1
505	5	524.77	1	-1	-1
505	5	523.6	1	-1	-1
505	5	451.06	1	-1	-1
505	5	483.21	1	-1	-1
505	5	579.06	1	-1	-1
505	5	553.71	1	-1	-1
505	5	864.92	1	-1	-1
505	5	480.02	1	-1	-1
505	5	520.75	1	-1	-1
505	5	562.47	1	-1	-1
505	5	523.84	1	-1	-1
505	5	548.93	1	-1	-1
505	5	605.46	1	-1	-1
505	5	532.89	1	-1	-1
505	5	546.34	1	-1	-1
505	5	493.08	1	-1	-1
505	5	637.9	1	-1	-1
505	5	576.86	1	-1	-1
505	5	630.01	1	-1	-1
505	5	527.6	1	-1	-1
505	5	544.24	1	-1	-1
505	5	655.58	1	-1	-1
505	5	484.57	1	-1	-1
505	5	507.2	1	-1	-1
505	5	518.86	1	-1	-1
505	5	566.87	1	-1	-1
505	5	593.54	1	-1	-1
505	5	543.5	1	-1	-1
505	5	595.66	1	-1	-1
505	5	559.07	1	-1	-1
505	5	540.17	1	-1	-1
505	5	635.43	1	-1	-1
505	5	585.04	1	-1	-1
505	5	532.17	1	-1	-1
505	5	516.32	1	-1	-1
505	5	518.2	1	-1	-1
505	5	542.78	1	-1	-1
505	5	534.71	1	-1	-1
505	5	572.45	1	-1	-1
505	5	522.73	1	-1	-1
505	5	704.47	1	-1	-1
505	5	522.38	1	-1	-1
505	5	555.15	1	-1	-1
505	5	562.06	1	-1	-1
505	5	547.56	1	-1	-1
505	5	534.86	1	-1	-1
505	5	552.34	1	-1	-1
505	5	549.87	1	-1	-1
505	5	736.38	1	-1	-1
505	5	628	1	-1	-1
505	5	561.24	1	-1	-1
505	5	688.7	1	-1	-1
505	5	491.23	1	-1	-1
505	5	752.1	1	-1	-1
505	5	636.34	1	-1	-1
505	5	574.54	1	-1	-1
505	5	541.11	1	-1	-1
505	5	579.51	1	-1	-1
505	5	532.34	1	-1	-1
505	5	589.71	1	-1	-1
505	5	621.53	1	-1	-1
505	5	511.4	1	-1	-1
505	5	561.4	1	-1	-1
505	5	676.28	1	-1	-1
505	5	623.08	1	-1	-1
505	5	583.63	1	-1	-1
505	5	518.3	1	-1	-1
505	5	559.31	1	-1	-1
505	5	548.48	1	-1	-1
505	5	651.61	1	-1	-1
505	5	576.16	1	-1	-1
505	5	540.08	1	-1	-1
505	5	603.4	1	-1	-1
505	5	721.1	1	-1	-1
505	5	633.11	1	-1	-1
505	5	546.59	1	-1	-1
505	5	695.41	1	-1	-1
505	5	556.81	1	-1	-1
505	5	594.04	1	-1	-1
505	5	617.85	1	-1	-1
505	5	563.29	1	-1	-1
505	5	705.13	1	-1	-1
505	5	832.14	1	-1	-1
505	5	558.31	1	-1	-1
505	5	806.92	1	-1	-1
505	5	550.49	1	-1	-1
505	5	822.8	1	-1	-1
505	5	600.06	1	-1	-1
505	5	665.1	1	-1	-1
505	5	558.63	1	-1	-1
505	5	655.93	1	-1	-1
505	5	554.37	1	-1	-1
505	5	615.2	1	-1	-1
505	5	575.55	1	-1	-1
505	5	618.33	1	-1	-1
505	5	778.17	1	-1	-1
505	5	610.85	1	-1	-1
505	5	754.06	1	-1	-1
505	5	917.98	1	-1	-1
505	5	696.63	1	-1	-1
505	5	677.53	1	-1	-1
505	5	1264.7	1	-1	-1
505	5	552.9	1	-1	-1
505	5	557.91	1	-1	-1
505	5	549.16	1	-1	-1
505	5	556.32	1	-1	-1
505	5	492.2	1	-1	-1
505	5	562.04	1	-1	-1
505	5	523.41	1	-1	-1
505	5	522.6	1	-1	-1
505	5	660.39	1	-1	-1
505	5	572.73	1	-1	-1
505	5	535.94	1	-1	-1
505	5	611.8	1	-1	-1
505	5	547.49	1	-1	-1
505	5	666.44	1	-1	-1
505	5	597.28	1	-1	-1
505	5	556.15	1	-1	-1
505	5	588.97	1	-1	-1
505	5	599.04	1	-1	-1
505	5	587.09	1	-1	-1
505	5	574.81	1	-1	-1
505	5	584.67	1	-1	-1
505	5	656.41	1	-1	-1
505	5	553.44	1	-1	-1
505	5	565.6	1	-1	-1
505	5	561.4	1	-1	-1
505	5	543.36	1	-1	-1
505	5	601.28	1	-1	-1
505	5	660.81	1	-1	-1
505	5	566.72	1	-1	-1
505	5	626.57	1	-1	-1
505	5	719.09	1	-1	-1
505	5	579.82	1	-1	-1
505	5	680.69	1	-1	-1
505	5	614.28	1	-1	-1
505	5	610.79	1	-1	-1
505	5	644.51	1	-1	-1
505	5	645.5	1	-1	-1
505	5	605.97	1	-1	-1
505	5	640.77	1	-1	-1
505	5	610.02	1	-1	-1
505	5	642.78	1	-1	-1
505	5	669.29	1	-1	-1
505	5	636.71	1	-1	-1
505	5	562.64	1	-1	-1
505	5	647.18	1	-1	-1
505	5	577.53	1	-1	-1
505	5	543.54	1	-1	-1
505	5	523.38	1	-1	-1
505	5	602.11	1	-1	-1
505	5	571.39	1	-1	-1
505	5	577.37	1	-1	-1
