802	8	1964.8	1	2	2
802	8	3391.5	1	2	2
802	8	3588.1	1	2	2
802	8	2372	1	2	2
802	8	2872.7	1	2	2
802	8	3522.9	1	2	2
802	8	3035.1	1	2	2
802	8	3035	1	2	2
802	8	2123.3	1	2	2
802	8	3992	1	2	2
802	8	1310.4	1	2	2
802	8	2811.1	1	2	2
802	8	2457	1	2	2
802	8	2255.1	0	2	2
802	8	3410.4	0	2	2
802	8	4265	1	2	2
802	8	3513.1	1	2	2
802	8	2032.5	1	2	2
802	8	2952.9	1	2	2
802	8	2533.6	1	2	2
802	8	2346.3	1	2	2
802	8	2467.5	1	2	2
802	8	1209.6	1	2	2
802	8	1277.6	1	2	2
802	8	1071.1	1	2	2
802	8	3525.2	1	2	2
802	8	2128.5	1	2	2
802	8	1326.9	1	2	2
802	8	821.84	1	2	2
802	8	1278.5	1	2	2
802	8	951.29	1	2	2
802	8	3820.1	1	2	2
802	8	2806.1	1	2	2
802	8	3856.5	0	2	2
802	8	2132.1	1	2	2
802	8	2681.1	1	2	2
802	8	1032.4	1	2	2
802	8	1348.5	1	2	2
802	8	2872.4	1	2	2
802	8	4161	0	2	2
802	8	881.98	1	2	2
802	8	1880.6	1	2	2
802	8	2892.7	1	2	2
802	8	1543.5	0	2	2
802	8	2042.8	1	2	2
802	8	1593.6	1	2	2
802	8	1024.1	1	2	2
802	8	1517.7	1	2	2
802	8	1329.9	1	2	2
802	8	3460.1	1	2	2
802	8	1580.2	1	2	2
802	8	1762.1	1	2	2
802	8	2235.3	1	2	2
802	8	1751.9	0	2	2
802	8	2378.3	1	2	2
802	8	2416.1	0	2	2
802	8	3091.3	1	2	2
802	8	2490.3	1	2	2
802	8	1663	1	2	2
802	8	1478.6	1	2	2
802	8	1383.4	1	2	2
802	8	1913	1	2	2
802	8	1619.2	1	2	2
802	8	1820.5	1	2	2
802	8	1241.8	1	2	2
802	8	2367.4	1	2	2
802	8	2413.8	1	2	2
802	8	2081.4	1	2	2
802	8	1452.4	1	2	2
802	8	3475	1	2	2
802	8	2297.9	1	2	2
802	8	1779.9	1	2	2
802	8	1864.2	1	2	2
802	8	1483	1	2	2
802	8	2824.9	1	2	2
802	8	1508	1	2	2
802	8	1900	1	2	2
802	8	2245.5	1	2	2
802	8	2024.8	1	2	2
802	8	1658.2	1	2	2
802	8	1524.8	1	2	2
802	8	1673.1	1	2	2
802	8	1411.9	1	2	2
802	8	1514.5	1	2	2
802	8	1565.7	1	2	2
802	8	1285.9	1	2	2
802	8	1218.6	1	2	2
802	8	1218.7	1	2	2
802	8	1693.8	1	2	2
802	8	1227.6	1	2	2
802	8	1275.4	1	2	2
802	8	1589.7	1	2	2
802	8	1502.5	1	2	2
802	8	2111.8	1	2	2
802	8	1413.1	1	2	2
802	8	1557.9	1	2	2
802	8	1394.1	1	2	2
802	8	1527.6	1	2	2
802	8	1453.1	1	2	2
802	8	1511.3	1	2	2
802	8	1254.5	1	2	2
802	8	1163.6	1	2	2
802	8	1373.1	1	2	2
802	8	1417	1	2	2
802	8	1229.9	1	2	2
802	8	1262.8	1	2	2
802	8	1286.1	1	2	2
802	8	1086	1	2	2
802	8	998.55	1	2	2
802	8	1277.6	1	2	2
802	8	1194.1	1	2	2
802	8	1197.7	1	2	2
802	8	1221.1	1	2	2
802	8	1436.5	1	2	2
802	8	1212.9	1	2	2
802	8	1302.9	1	2	2
802	8	1424.6	1	2	2
802	8	1246.3	1	2	2
802	8	1076.7	1	2	2
802	8	1072.7	1	2	2
802	8	1012.5	1	2	2
802	8	1170.9	1	2	2
802	8	1248.9	1	2	2
802	8	1031.4	1	2	2
802	8	1259.5	1	2	2
802	8	1420.8	1	2	2
802	8	1430.8	1	2	2
802	8	1351.5	1	2	2
802	8	1430.1	1	2	2
802	8	1344.3	1	2	2
802	8	1516.4	1	2	2
802	8	1297.1	1	2	2
802	8	1472.1	1	2	2
802	8	1356.7	1	2	2
802	8	1220.7	1	2	2
802	8	1216.2	1	2	2
802	8	1393.2	1	2	2
802	8	1359.2	1	2	2
802	8	1385.7	1	2	2
802	8	1225.6	1	2	2
802	8	1282	1	2	2
802	8	1461.5	1	2	2
802	8	1638.6	1	2	2
802	8	1171.3	1	2	2
802	8	1411.4	1	2	2
802	8	1450.7	1	2	2
802	8	1383.9	1	2	2
802	8	1272.5	1	2	2
802	8	1252	1	2	2
802	8	1268.5	1	2	2
802	8	1315.5	1	2	2
802	8	1206	1	2	2
802	8	1272.7	1	2	2
802	8	1570.9	1	2	2
802	8	1582.2	1	2	2
802	8	1268.9	1	2	2
802	8	1342.2	1	2	2
802	8	1426.3	1	2	2
802	8	1300.3	1	2	2
802	8	1139.2	1	2	2
802	8	1463.5	1	2	2
802	8	1162.3	1	2	2
802	8	1180.6	1	2	2
802	8	1168.4	1	2	2
802	8	1045.7	1	2	2
802	8	1252.2	1	2	2
802	8	1359	1	2	2
802	8	1682	1	2	2
802	8	1502.4	1	2	2
802	8	1146.5	1	2	2
802	8	1280.6	1	2	2
802	8	1015.2	1	2	2
802	8	1327.4	1	2	2
802	8	1226.2	1	2	2
802	8	1300.5	1	2	2
802	8	1206.1	1	2	2
802	8	1262.2	1	2	2
802	8	1161.1	1	2	2
802	8	1413.8	1	2	2
802	8	1285.4	1	2	2
802	8	1234.4	1	2	2
802	8	1321.1	1	2	2
802	8	1236.9	1	2	2
802	8	1482.8	1	2	2
802	8	1341.2	1	2	2
802	8	1515.8	1	2	2
802	8	1548.5	1	2	2
802	8	1073.8	1	2	2
802	8	1350.5	1	2	2
802	8	1761.2	1	2	2
802	8	1375.2	1	2	2
802	8	1235.9	1	2	2
802	8	1231.3	1	2	2
802	8	1212.8	1	2	2
802	8	1219	1	2	2
802	8	1156.6	1	2	2
802	8	1168.5	1	2	2
802	8	1297.4	1	2	2
802	8	1354.9	1	2	2
802	8	1275.2	1	2	2
802	8	1212.1	1	2	2
802	8	1170.9	1	2	2
802	8	1301.2	1	2	2
802	8	1281.2	1	2	2
802	8	1370.8	1	2	2
802	8	1358.3	1	2	2
802	8	1151.9	1	2	2
802	8	1274.4	1	2	2
802	8	1202.1	1	2	2
802	8	1247.3	1	2	2
802	8	1552	1	2	2
802	8	1568.4	1	2	2
802	8	1173.1	1	2	2
802	8	1229.3	1	2	2
802	8	1319.2	1	2	2
802	8	1325.4	1	2	2
802	8	1397.4	1	2	2
802	8	1347.3	1	2	2
802	8	1527.4	1	2	2
802	8	1271	1	2	2
802	8	1319	1	2	2
802	8	1224.2	1	2	2
802	8	1161.6	1	2	2
802	8	1266.5	1	2	2
802	8	1377	1	2	2
802	8	1543.1	1	2	2
802	8	1638.5	1	2	2
802	8	1430	1	2	2
802	8	1494.2	1	2	2
802	8	3352	1	2	2
802	8	2192.9	1	2	2
802	8	1256.1	1	2	2
802	8	1307.7	1	2	2
802	8	1738.8	1	2	2
802	8	1541.2	1	2	2
802	8	1262.4	1	2	2
802	8	1305.6	1	2	2
802	8	1398	1	2	2
802	8	1008.2	1	2	2
802	8	1312.7	1	2	2
802	8	1347.4	1	2	2
802	8	1152.1	1	2	2
802	8	1337	1	2	2
802	8	1074.1	1	2	2
802	8	1086.5	1	2	2
802	8	1233.1	1	2	2
802	8	1335.3	1	2	2
802	8	1280.3	1	2	2
802	8	1354.9	1	2	2
802	8	1604.3	1	2	2
802	8	1361.8	1	2	2
802	8	1592.8	1	2	2
802	8	1413.9	1	2	2
802	8	1320	1	2	2
802	8	1248	1	2	2
802	8	1140.2	1	2	2
802	8	991.74	1	2	2
802	8	1790.5	1	2	2
802	8	1405.5	1	2	2
802	8	1378.7	1	2	2
802	8	1121.4	1	2	2
802	8	1084.8	1	2	2
802	8	1111.1	1	2	2
802	8	1214.9	1	2	2
802	8	1342.5	1	2	2
802	8	1129.4	1	2	2
802	8	981.84	1	2	2
802	8	1180.6	1	2	2
802	8	957.38	1	2	2
802	8	897.15	1	2	2
802	8	1250.4	1	2	2
802	8	1400.1	1	2	2
802	8	1342.8	1	2	2
802	8	1166	1	2	2
802	8	1287.1	1	2	2
802	8	1049.7	1	2	2
802	8	1392.8	1	2	2
802	8	1145.1	1	2	2
802	8	1140.9	1	2	2
802	8	926.91	1	2	2
802	8	1221.4	1	2	2
802	8	1315.1	1	2	2
802	8	1684.2	1	2	2
802	8	1121.7	1	2	2
802	8	1135.6	1	2	2
802	8	1191.6	1	2	2
802	8	1038	1	2	2
802	8	1137	1	2	2
802	8	1083.6	1	2	2
802	8	1094.5	1	2	2
802	8	1057.4	1	2	2
802	8	1144.8	1	2	2
802	8	1030.8	1	2	2
802	8	1076.3	1	2	2
802	8	1049.2	1	2	2
802	8	1624.5	1	2	2
802	8	1123.6	1	2	2
802	8	1104.6	1	2	2
802	8	1032.4	1	2	2
802	8	977.21	1	2	2
802	8	1111.8	1	2	2
802	8	1359.7	1	2	2
802	8	1347.4	1	2	2
802	8	1752	1	2	2
802	8	1456.3	1	2	2
802	8	1294	1	2	2
802	8	1114.3	1	2	2
802	8	1180.5	1	2	2
802	8	1032.4	1	2	2
802	8	964.36	1	2	2
802	8	1145.2	1	2	2
802	8	1176.8	1	2	2
802	8	1219.8	1	2	2
802	8	1280	1	2	2
802	8	1288.8	1	2	2
802	8	1136.3	1	2	2
802	8	1229.7	1	2	2
802	8	1441.8	1	2	2
802	8	959.25	1	2	2
802	8	1156.2	1	2	2
802	8	1203.8	1	2	2
802	8	1413.3	1	2	2
802	8	1218	1	2	2
802	8	973.94	1	2	2
802	8	1191.3	1	2	2
802	8	1164.6	1	2	2
802	8	1154.1	1	2	2
802	8	1176.5	1	2	2
802	8	1347.5	1	2	2
802	8	1292.7	1	2	2
802	8	1214.4	1	2	2
802	8	954.65	1	2	2
802	8	1802.9	1	2	2
802	8	1258.7	1	2	2
802	8	1210	1	2	2
802	8	1071.1	1	2	2
802	8	1368.7	1	2	2
802	8	1209.2	1	2	2
802	8	994.06	1	2	2
802	8	1039.2	1	2	2
802	8	1161.9	1	2	2
802	8	1125.1	1	2	2
802	8	1306.4	1	2	2
802	8	1655.4	1	2	2
802	8	1168.1	1	2	2
802	8	957.49	1	2	2
802	8	1197.2	1	2	2
802	8	1018	1	2	2
802	8	1268.5	1	2	2
802	8	1424.1	1	2	2
802	8	2250.5	1	2	1
802	8	3023.7	1	2	1
802	8	3209.3	1	2	1
802	8	2968	1	2	1
802	8	2801.3	1	2	1
802	8	1356.9	1	2	1
802	8	2458.6	1	2	1
802	8	2255.6	1	2	1
802	8	3034.9	1	2	1
802	8	2917.3	1	2	1
802	8	1964.5	1	2	1
802	8	839.84	1	2	1
802	8	1221.9	1	2	1
802	8	895.31	1	2	1
802	8	3018.6	0	2	1
802	8	3334.3	1	2	1
802	8	2490.7	1	2	1
802	8	3452.7	1	2	1
802	8	1988.8	1	2	1
802	8	1336.1	1	2	1
802	8	3266.8	0	2	1
802	8	1145.3	1	2	1
802	8	1259.3	1	2	1
802	8	1045.2	1	2	1
802	8	894.27	1	2	1
802	8	1457.5	1	2	1
802	8	3550	1	2	1
802	8	1406.1	1	2	1
802	8	788.6	1	2	1
802	8	1305.6	1	2	1
802	8	2522.1	1	2	1
802	8	2825.3	0	2	1
802	8	1142.2	1	2	1
802	8	1676.2	1	2	1
802	8	2426.2	1	2	1
802	8	2552.4	1	2	1
802	8	2657.1	1	2	1
802	8	1463.9	1	2	1
802	8	1392.6	1	2	1
802	8	1080.8	1	2	1
802	8	3704.8	1	2	1
802	8	3603.7	1	2	1
802	8	3134.8	1	2	1
802	8	2772.5	1	2	1
802	8	1673.3	1	2	1
802	8	831.36	1	2	1
802	8	1327.8	1	2	1
802	8	3289.5	1	2	1
802	8	1836.2	1	2	1
802	8	3424	1	2	1
802	8	2512.4	1	2	1
802	8	2006.1	1	2	1
802	8	1402.4	1	2	1
802	8	3189.4	1	2	1
802	8	1772.5	1	2	1
802	8	2447.5	1	2	1
802	8	1733.9	1	2	1
802	8	2356.9	0	2	1
802	8	2977.5	1	2	1
802	8	2968.5	1	2	1
802	8	1761.9	1	2	1
802	8	2041.3	1	2	1
802	8	1836.8	0	2	1
802	8	1693	1	2	1
802	8	1704.8	1	2	1
802	8	1906.6	1	2	1
802	8	2561.3	1	2	1
802	8	1831.3	1	2	1
802	8	2950	1	2	1
802	8	2453	1	2	1
802	8	1843.2	1	2	1
802	8	1869.1	1	2	1
802	8	2526.6	0	2	1
802	8	1457.6	1	2	1
802	8	1468.4	1	2	1
802	8	2118.6	1	2	1
802	8	1399.4	1	2	1
802	8	2022.4	1	2	1
802	8	2414.1	1	2	1
802	8	2552.4	1	2	1
802	8	2563	0	2	1
802	8	1369.1	1	2	1
802	8	1945.6	0	2	1
802	8	1490.6	1	2	1
802	8	1423.7	1	2	1
802	8	1591.5	1	2	1
802	8	1772.7	1	2	1
802	8	1791.8	1	2	1
802	8	2126.1	1	2	1
802	8	2069.1	1	2	1
802	8	2129.2	0	2	1
802	8	3288.7	0	2	1
802	8	2298.6	1	2	1
802	8	2491.3	0	2	1
802	8	1417.4	0	2	1
802	8	3316.2	1	2	1
802	8	2504.2	1	2	1
802	8	1860.9	1	2	1
802	8	3041.4	0	2	1
802	8	2956.3	0	2	1
802	8	2001.7	1	2	1
802	8	1977.1	1	2	1
802	8	1457.9	1	2	1
802	8	1771.8	0	2	1
802	8	1597.4	1	2	1
802	8	2717.4	1	2	1
802	8	2898.3	1	2	1
802	8	1384.8	1	2	1
802	8	1719.2	0	2	1
802	8	1855.7	1	2	1
802	8	1221.4	1	2	1
802	8	1636.6	1	2	1
802	8	1411.7	1	2	1
802	8	1568.5	1	2	1
802	8	1780.2	1	2	1
802	8	2103.6	1	2	1
802	8	2033.4	0	2	1
802	8	1350.8	1	2	1
802	8	1289.8	1	2	1
802	8	1592.1	1	2	1
802	8	1604.2	1	2	1
802	8	1531.1	1	2	1
802	8	1692.9	1	2	1
802	8	1687.9	1	2	1
802	8	1583.3	1	2	1
802	8	1664.7	1	2	1
802	8	1657.2	1	2	1
802	8	1597.8	1	2	1
802	8	1337.4	1	2	1
802	8	1588.5	1	2	1
802	8	1588.6	1	2	1
802	8	1575	1	2	1
802	8	1465.2	1	2	1
802	8	2599.3	1	2	1
802	8	2515.4	1	2	1
802	8	3347.4	1	2	1
802	8	1336.1	1	2	1
802	8	1537.1	1	2	1
802	8	1473.3	1	2	1
802	8	1761	1	2	1
802	8	1830.1	1	2	1
802	8	1632.2	1	2	1
802	8	1320.3	1	2	1
802	8	1566.1	1	2	1
802	8	1496	1	2	1
802	8	1291.3	1	2	1
802	8	1339	1	2	1
802	8	3327.6	0	2	1
802	8	1683.4	1	2	1
802	8	1266.4	1	2	1
802	8	1429.2	1	2	1
802	8	1650.5	1	2	1
802	8	1439.2	1	2	1
802	8	1465.3	1	2	1
802	8	1482.9	1	2	1
802	8	2242.2	1	2	1
802	8	1503.7	1	2	1
802	8	1395.1	1	2	1
802	8	1527	1	2	1
802	8	1098.6	1	2	1
802	8	1371.4	1	2	1
802	8	1230	1	2	1
802	8	1245.1	1	2	1
802	8	1256.3	1	2	1
802	8	1401.2	1	2	1
802	8	1678.7	1	2	1
802	8	1987	1	2	1
802	8	1847.5	1	2	1
802	8	1791.3	1	2	1
802	8	1373.4	1	2	1
802	8	1465.9	1	2	1
802	8	1925.2	1	2	1
802	8	1958.4	1	2	1
802	8	1257.2	1	2	1
802	8	1541.3	1	2	1
802	8	1178.1	1	2	1
802	8	1340.3	1	2	1
802	8	2492.1	1	2	1
802	8	1637.9	1	2	1
802	8	1615.3	1	2	1
802	8	1317.2	1	2	1
802	8	2009.8	1	2	1
802	8	1478.5	1	2	1
802	8	2349.8	1	2	1
802	8	1389.6	1	2	1
802	8	1812.9	1	2	1
802	8	2575.9	1	2	1
802	8	2056.1	1	2	1
802	8	1370.8	1	2	1
802	8	1798.9	1	2	1
802	8	1621	1	2	1
802	8	1422.8	1	2	1
802	8	1286	1	2	1
802	8	1435.4	1	2	1
802	8	1337.8	1	2	1
802	8	1597.4	1	2	1
802	8	1794.4	1	2	1
802	8	2196.2	1	2	1
802	8	1414.1	1	2	1
802	8	2465.5	1	2	1
802	8	1401.7	1	2	1
802	8	1634.9	1	2	1
802	8	1529.7	1	2	1
802	8	1350.3	1	2	1
802	8	1372.8	1	2	1
802	8	1730.8	0	2	1
802	8	2446.9	1	2	1
802	8	1259.6	1	2	1
802	8	1456.6	1	2	1
802	8	2166.4	1	2	1
802	8	1896.1	1	2	1
802	8	1628.8	1	2	1
802	8	1806	1	2	1
802	8	2052.7	1	2	1
802	8	1876.7	1	2	1
802	8	3195.6	1	2	1
802	8	2058.4	1	2	1
802	8	1739.1	1	2	1
802	8	1848.8	1	2	1
802	8	1515	1	2	1
802	8	1574.5	1	2	1
802	8	1650.4	1	2	1
802	8	2366.7	1	2	1
802	8	1672.2	1	2	1
802	8	1683.5	1	2	1
802	8	1273.5	1	2	1
802	8	3102.1	1	2	1
802	8	2408.5	1	2	1
802	8	1662.1	1	2	1
802	8	1967.4	1	2	1
802	8	1426.7	1	2	1
802	8	1593.4	1	2	1
802	8	1377.6	1	2	1
802	8	1296.1	1	2	1
802	8	1571.4	1	2	1
802	8	1516.6	1	2	1
802	8	3103	1	2	1
802	8	1591.1	1	2	1
802	8	2556.2	1	2	1
802	8	1300.1	1	2	1
802	8	1260.5	1	2	1
802	8	1486.1	1	2	1
802	8	1302.2	1	2	1
802	8	1240.2	1	2	1
802	8	1086	1	2	1
802	8	1493.7	1	2	1
802	8	1406.5	1	2	1
802	8	1558.5	1	2	1
802	8	2262.7	1	2	1
802	8	1391.6	1	2	1
802	8	2623.8	1	2	1
802	8	1390.1	1	2	1
802	8	1565.9	1	2	1
802	8	1684.7	1	2	1
802	8	1380.8	1	2	1
802	8	1381.2	1	2	1
802	8	1953.5	1	2	1
802	8	1296.3	1	2	1
802	8	1715.6	1	2	1
802	8	1385	1	2	1
802	8	1514.5	1	2	1
802	8	1479	1	2	1
802	8	1164.6	1	2	1
802	8	1363.5	1	2	1
802	8	1609.5	1	2	1
802	8	1136.3	1	2	1
802	8	1657.2	1	2	1
802	8	1436.8	1	2	1
802	8	1386.9	1	2	1
802	8	1439.5	1	2	1
802	8	1383.6	1	2	1
802	8	1348.5	1	2	1
802	8	1486.8	1	2	1
802	8	1476.7	1	2	1
802	8	1319.3	1	2	1
802	8	1243.4	1	2	1
802	8	1265	1	2	1
802	8	1281.5	1	2	1
802	8	1080.1	1	2	1
802	8	1420.2	1	2	1
802	8	968.25	1	2	1
802	8	1534.9	1	2	1
802	8	1412.7	1	2	1
802	8	1310.9	1	2	1
802	8	1624.2	1	2	1
802	8	1571.9	1	2	1
802	8	1470.8	1	2	1
802	8	1414.6	1	2	1
802	8	1501.8	1	2	1
802	8	1377.3	1	2	1
802	8	1345.1	1	2	1
802	8	1140.2	1	2	1
802	8	1198.5	1	2	1
802	8	1477.8	1	2	1
802	8	1345.3	1	2	1
802	8	1612.5	1	2	1
802	8	1684.8	1	2	1
802	8	1171.6	1	2	1
802	8	1159.9	1	2	1
802	8	1811.1	1	2	1
802	8	1763.1	1	2	1
802	8	1818.5	1	2	1
802	8	1536.3	1	2	1
802	8	1327.8	1	2	1
802	8	1547.3	1	2	1
802	8	1430	1	2	1
802	8	1662.7	1	2	1
802	8	1551.6	1	2	1
802	8	1569.6	1	2	1
802	8	1206.6	1	2	1
802	8	1477	1	2	1
802	8	1485.2	1	2	1
802	8	1594.2	1	2	1
802	8	1265.7	1	2	1
802	8	1334.5	1	2	1
802	8	1451.8	1	2	1
802	8	1747.5	1	2	1
802	8	1184.7	1	2	1
802	8	1662.4	1	2	1
802	8	1271.3	1	2	1
802	8	1722.8	1	2	1
802	8	2405.9	1	2	1
802	8	1430.3	1	2	1
802	8	1186.1	1	2	1
802	8	1552	1	2	1
802	8	1788.9	1	2	1
802	8	1154.5	1	2	1
802	8	2058.7	1	2	1
802	8	1262.6	1	2	1
802	8	1227.4	1	2	1
802	8	1487	1	2	1
802	8	1174.1	1	2	1
802	8	1164.6	1	2	1
802	8	1260.3	1	2	1
802	8	1289.5	1	2	1
802	8	1412.8	1	2	1
802	8	1710.2	1	2	1
802	8	1528	1	2	1
802	8	1353	1	2	1
802	8	1214.5	1	2	1
802	8	992.45	1	2	1
802	8	1309.7	1	2	1
802	8	1296	1	2	1
802	8	1496	1	2	1
802	8	1658.9	1	2	1
802	8	1283.6	1	2	1
802	8	1202.4	1	2	1
802	8	1256.9	1	2	1
802	8	1360.4	1	2	1
802	8	1255.1	1	2	1
802	8	1907.7	0	1	2
802	8	1551.7	0	1	2
802	8	2528	0	1	2
802	8	1892.1	0	1	2
802	8	3038.5	0	1	2
802	8	4510.4	1	1	2
802	8	2400.4	0	1	2
802	8	2164.9	0	1	2
802	8	3368.2	1	1	2
802	8	3668.9	0	1	2
802	8	2849.6	0	1	2
802	8	1394.8	1	1	2
802	8	1550.1	1	1	2
802	8	1227.8	1	1	2
802	8	2098.1	0	1	2
802	8	2648	0	1	2
802	8	2550.2	0	1	2
802	8	2738.8	1	1	2
802	8	4003.3	0	1	2
802	8	2375	0	1	2
802	8	2036.3	1	1	2
802	8	3557.2	0	1	2
802	8	2266.2	0	1	2
802	8	1377.6	1	1	2
802	8	1940.3	0	1	2
802	8	4286.3	0	1	2
802	8	1380.1	1	1	2
802	8	1462.6	1	1	2
802	8	2964.8	0	1	2
802	8	1727.2	1	1	2
802	8	1720.1	1	1	2
802	8	1367.6	1	1	2
802	8	1315.4	0	1	2
802	8	1850.6	1	1	2
802	8	869.33	0	1	2
802	8	1535.8	1	1	2
802	8	2684.5	1	1	2
802	8	3536.6	1	1	2
802	8	4368.2	1	1	2
802	8	2310.3	1	1	2
802	8	1633.3	1	1	2
802	8	2526.4	1	1	2
802	8	2778.7	1	1	2
802	8	2040.4	1	1	2
802	8	3185.8	1	1	2
802	8	2562.6	1	1	2
802	8	3815.3	0	1	2
802	8	3573.2	1	1	2
802	8	2756.4	0	1	2
802	8	2122	1	1	2
802	8	2061.6	1	1	2
802	8	2951.1	1	1	2
802	8	2650.5	0	1	2
802	8	2313.3	0	1	2
802	8	1899.7	1	1	2
802	8	2767.9	1	1	2
802	8	1530.3	0	1	2
802	8	2670.1	0	1	2
802	8	2218.4	0	1	2
802	8	2168.4	1	1	2
802	8	2933.2	1	1	2
802	8	2297.5	1	1	2
802	8	2654	1	1	2
802	8	2827.3	0	1	2
802	8	2359.2	1	1	2
802	8	1725.6	1	1	2
802	8	2538.7	0	1	2
802	8	2312.4	0	1	2
802	8	2434.5	0	1	2
802	8	2019	1	1	2
802	8	2580.5	0	1	2
802	8	2986.2	1	1	2
802	8	2007.5	1	1	2
802	8	2453.5	1	1	2
802	8	2149	0	1	2
802	8	2149	1	1	2
802	8	2057.4	1	1	2
802	8	2401.5	1	1	2
802	8	2571.1	1	1	2
802	8	1662.2	1	1	2
802	8	1755.3	1	1	2
802	8	1567.8	1	1	2
802	8	1895	1	1	2
802	8	1867.2	1	1	2
802	8	1859.7	1	1	2
802	8	2082.7	1	1	2
802	8	1885.3	1	1	2
802	8	2169.3	0	1	2
802	8	1670.6	1	1	2
802	8	2471.1	1	1	2
802	8	1605.4	1	1	2
802	8	2463.6	1	1	2
802	8	1829.4	1	1	2
802	8	2910.7	0	1	2
802	8	2798.6	0	1	2
802	8	1599.4	1	1	2
802	8	2002.5	0	1	2
802	8	2670	1	1	2
802	8	2270.6	1	1	2
802	8	1447.8	1	1	2
802	8	1534.2	1	1	2
802	8	1479.2	1	1	2
802	8	1707.3	1	1	2
802	8	1509.3	1	1	2
802	8	1329	1	1	2
802	8	1529.3	1	1	2
802	8	1679.8	1	1	2
802	8	1663.7	1	1	2
802	8	1583.2	1	1	2
802	8	1406.7	1	1	2
802	8	1740	1	1	2
802	8	1408.6	1	1	2
802	8	1436.3	1	1	2
802	8	1686.2	1	1	2
802	8	1328.2	1	1	2
802	8	1519.5	1	1	2
802	8	1367.4	1	1	2
802	8	1321.6	1	1	2
802	8	1309.3	1	1	2
802	8	1289.7	1	1	2
802	8	2007.4	1	1	2
802	8	1739.7	1	1	2
802	8	1326.8	1	1	2
802	8	1565.6	1	1	2
802	8	2845.4	1	1	2
802	8	1829.1	1	1	2
802	8	1442.4	1	1	2
802	8	1732.6	1	1	2
802	8	2613.8	1	1	2
802	8	1998.8	1	1	2
802	8	2575.5	1	1	2
802	8	1565.5	1	1	2
802	8	1611.1	1	1	2
802	8	2845.2	1	1	2
802	8	1739.4	1	1	2
802	8	2651.6	1	1	2
802	8	1481.1	1	1	2
802	8	1641.1	1	1	2
802	8	1484.6	1	1	2
802	8	1722.2	1	1	2
802	8	1638.1	1	1	2
802	8	1389.6	1	1	2
802	8	2262.6	1	1	2
802	8	1479.3	1	1	2
802	8	1257.9	1	1	2
802	8	1372.9	1	1	2
802	8	1385	1	1	2
802	8	2223.8	1	1	2
802	8	1700.2	1	1	2
802	8	1868.4	1	1	2
802	8	1235	1	1	2
802	8	1413.3	1	1	2
802	8	1482.5	1	1	2
802	8	1581.3	1	1	2
802	8	1364.4	1	1	2
802	8	1427.9	1	1	2
802	8	1580.9	1	1	2
802	8	1348.3	1	1	2
802	8	1654.3	1	1	2
802	8	1468.1	1	1	2
802	8	1190.4	1	1	2
802	8	1278.8	1	1	2
802	8	1153.7	1	1	2
802	8	1327.9	1	1	2
802	8	1229.8	1	1	2
802	8	1215.2	1	1	2
802	8	1174.6	1	1	2
802	8	1934.9	1	1	2
802	8	1836.7	1	1	2
802	8	1552.2	1	1	2
802	8	1312.7	1	1	2
802	8	1428.6	1	1	2
802	8	1324.8	1	1	2
802	8	1486.4	1	1	2
802	8	1470.4	1	1	2
802	8	1443	1	1	2
802	8	1974	1	1	2
802	8	1457.4	1	1	2
802	8	1586.9	1	1	2
802	8	1579	1	1	2
802	8	1493.4	1	1	2
802	8	1088.3	1	1	2
802	8	1188	1	1	2
802	8	1249	1	1	2
802	8	3906.9	1	1	2
802	8	1174.9	1	1	2
802	8	1420.1	1	1	2
802	8	1668.6	1	1	2
802	8	3134.4	1	1	2
802	8	1826.8	1	1	2
802	8	1493	1	1	2
802	8	1300.4	0	1	2
802	8	1778.2	1	1	2
802	8	1477	1	1	2
802	8	1793.9	1	1	2
802	8	1057.9	1	1	2
802	8	1364.8	1	1	2
802	8	2655.1	1	1	2
802	8	2288.3	1	1	2
802	8	1214.6	1	1	2
802	8	1302.9	1	1	2
802	8	1191.3	1	1	2
802	8	1387.7	1	1	2
802	8	1467.7	1	1	2
802	8	1402.6	1	1	2
802	8	1257	1	1	2
802	8	1274.6	1	1	2
802	8	1505.4	1	1	2
802	8	1347.8	1	1	2
802	8	1307.6	1	1	2
802	8	1364.6	1	1	2
802	8	1580	1	1	2
802	8	1474.3	1	1	2
802	8	2915.2	1	1	2
802	8	1819.3	1	1	2
802	8	1920.4	1	1	2
802	8	1428.3	1	1	2
802	8	1519.5	1	1	2
802	8	2696.3	1	1	2
802	8	1616.7	1	1	2
802	8	1376.6	1	1	2
802	8	1982.2	1	1	2
802	8	1606.4	1	1	2
802	8	1525.5	1	1	2
802	8	1379.5	1	1	2
802	8	2570.7	1	1	2
802	8	1661.9	1	1	2
802	8	1463.3	1	1	2
802	8	1761.1	1	1	2
802	8	1421.9	1	1	2
802	8	1247.2	1	1	2
802	8	2121.5	1	1	2
802	8	1440.8	1	1	2
802	8	1450.4	1	1	2
802	8	982.03	1	1	2
802	8	1534.9	1	1	2
802	8	1702.7	1	1	2
802	8	1238.6	1	1	2
802	8	1209.4	1	1	2
802	8	1602.8	1	1	2
802	8	1289.9	1	1	2
802	8	1789.3	1	1	2
802	8	1273	1	1	2
802	8	1270.2	1	1	2
802	8	1287.7	1	1	2
802	8	1940.2	1	1	2
802	8	1379.5	1	1	2
802	8	1524.9	1	1	2
802	8	1433.8	1	1	2
802	8	1328.2	1	1	2
802	8	1479.7	1	1	2
802	8	1695.4	1	1	2
802	8	1348	1	1	2
802	8	1936.9	1	1	2
802	8	1728.3	1	1	2
802	8	1922	1	1	2
802	8	1280.2	1	1	2
802	8	1371.4	1	1	2
802	8	1439.9	1	1	2
802	8	1514.1	1	1	2
802	8	2089.1	1	1	2
802	8	1848.2	1	1	2
802	8	1704.9	1	1	2
802	8	1382.5	1	1	2
802	8	1674.5	1	1	2
802	8	1177	1	1	2
802	8	1162.5	1	1	2
802	8	1151.5	1	1	2
802	8	1501.8	1	1	2
802	8	1534.5	1	1	2
802	8	1285.5	1	1	2
802	8	1475.8	1	1	2
802	8	1183.7	1	1	2
802	8	1489	1	1	2
802	8	1339.8	1	1	2
802	8	1413.7	1	1	2
802	8	1311.5	1	1	2
802	8	1290.3	1	1	2
802	8	1123.4	1	1	2
802	8	2083.1	1	1	2
802	8	1103.2	1	1	2
802	8	1314.2	1	1	2
802	8	1391.7	1	1	2
802	8	1718.8	1	1	2
802	8	1285.8	1	1	2
802	8	1601.3	1	1	2
802	8	1187.7	1	1	2
802	8	1372	1	1	2
802	8	1607.9	1	1	2
802	8	1275.8	1	1	2
802	8	1273.8	1	1	2
802	8	1098	1	1	2
802	8	1080.9	1	1	2
802	8	1491.1	1	1	2
802	8	1173.5	1	1	2
802	8	1202.4	1	1	2
802	8	1455.9	1	1	2
802	8	1037.3	1	1	2
802	8	1443.7	1	1	2
802	8	2055.9	1	1	2
802	8	1537.2	1	1	2
802	8	1754.2	1	1	2
802	8	1752.8	1	1	2
802	8	1919.7	1	1	2
802	8	1944.1	1	1	2
802	8	1619.2	1	1	2
802	8	1815.3	1	1	2
802	8	1262.5	1	1	2
802	8	1327.8	1	1	2
802	8	1079.9	1	1	2
802	8	1026	1	1	2
802	8	1475.1	1	1	2
802	8	1224.1	1	1	2
802	8	1250.9	1	1	2
802	8	1327.4	1	1	2
802	8	1430.8	1	1	2
802	8	1593.7	1	1	2
802	8	1290.3	1	1	2
802	8	1560.8	1	1	2
802	8	1317.6	1	1	2
802	8	1441.9	1	1	2
802	8	1533.8	1	1	2
802	8	1358.1	1	1	2
802	8	1526.7	1	1	2
802	8	1694.3	1	1	2
802	8	1330	1	1	2
802	8	1699.5	1	1	2
802	8	1324.6	1	1	2
802	8	1590.5	1	1	2
802	8	1514.2	1	1	2
802	8	1262.9	1	1	2
802	8	1138.9	1	1	2
802	8	1111.3	1	1	2
802	8	2008.6	1	1	2
802	8	1609.9	1	1	2
802	8	1286.6	1	1	2
802	8	1209.3	1	1	2
802	8	1474.6	1	1	2
802	8	1158.8	1	1	2
802	8	1320.9	1	1	2
802	8	1191.2	1	1	2
802	8	1061.7	1	1	2
802	8	2161.6	1	1	2
802	8	1176.4	1	1	2
802	8	998.17	1	1	2
802	8	1159.9	1	1	2
802	8	1257.1	1	1	2
802	8	1088.3	1	1	2
802	8	1337.2	1	1	2
802	8	1215	1	1	2
802	8	1990.6	0	1	1
802	8	4457.3	0	1	1
802	8	4333.2	0	1	1
802	8	4255.2	0	1	1
802	8	2581.5	0	1	1
802	8	2762.6	0	1	1
802	8	2209.5	0	1	1
802	8	2399.6	0	1	1
802	8	2658	0	1	1
802	8	3117.4	0	1	1
802	8	1220.6	0	1	1
802	8	2504.3	0	1	1
802	8	3275	1	1	1
802	8	1394.3	1	1	1
802	8	2147.1	0	1	1
802	8	2740.2	0	1	1
802	8	3668.2	0	1	1
802	8	3073.6	0	1	1
802	8	3029.1	0	1	1
802	8	3790.7	0	1	1
802	8	2463.3	1	1	1
802	8	2620.7	0	1	1
802	8	2687.2	0	1	1
802	8	1199.5	1	1	1
802	8	4616.5	1	1	1
802	8	1928.2	1	1	1
802	8	2246.1	0	1	1
802	8	3859.1	1	1	1
802	8	1917.2	1	1	1
802	8	755.18	1	1	1
802	8	1748.4	1	1	1
802	8	1496.7	1	1	1
802	8	1289.2	0	1	1
802	8	2071.9	1	1	1
802	8	1837.5	1	1	1
802	8	1615.3	1	1	1
802	8	1214.7	1	1	1
802	8	1568.9	1	1	1
802	8	2303.9	0	1	1
802	8	1894.8	0	1	1
802	8	2917.5	1	1	1
802	8	3003.8	1	1	1
802	8	3420.9	1	1	1
802	8	1754.8	1	1	1
802	8	1397.1	1	1	1
802	8	1760.5	1	1	1
802	8	2413.8	1	1	1
802	8	1934.3	1	1	1
802	8	2088.4	0	1	1
802	8	2233.8	0	1	1
802	8	2304.5	0	1	1
802	8	2598.4	1	1	1
802	8	1525.5	0	1	1
802	8	1795.2	0	1	1
802	8	2939.9	1	1	1
802	8	2885	1	1	1
802	8	1988	1	1	1
802	8	2324.8	1	1	1
802	8	2640.5	1	1	1
802	8	1638.9	1	1	1
802	8	2603.5	0	1	1
802	8	2884.9	1	1	1
802	8	2601.5	0	1	1
802	8	2217.9	0	1	1
802	8	2590.8	0	1	1
802	8	1908.2	0	1	1
802	8	2019.9	0	1	1
802	8	3594	0	1	1
802	8	1924	1	1	1
802	8	2688.6	0	1	1
802	8	2488.7	1	1	1
802	8	1694.2	1	1	1
802	8	2164.8	0	1	1
802	8	2622.9	0	1	1
802	8	2478	1	1	1
802	8	2460.4	0	1	1
802	8	1596.3	0	1	1
802	8	1679.1	0	1	1
802	8	1879.9	0	1	1
802	8	1355.3	0	1	1
802	8	1778.1	1	1	1
802	8	1949.1	0	1	1
802	8	1449.3	0	1	1
802	8	1703	0	1	1
802	8	1705.9	0	1	1
802	8	1598.6	0	1	1
802	8	2240	0	1	1
802	8	2229.9	0	1	1
802	8	1487.9	0	1	1
802	8	2144.3	0	1	1
802	8	1509	0	1	1
802	8	2120.9	0	1	1
802	8	1722.3	0	1	1
802	8	1799.1	0	1	1
802	8	1370.8	0	1	1
802	8	1643.1	0	1	1
802	8	2398.9	0	1	1
802	8	1609.8	0	1	1
802	8	1740.2	0	1	1
802	8	1378.1	0	1	1
802	8	1953	0	1	1
802	8	1980.1	0	1	1
802	8	2224.9	1	1	1
802	8	1517.7	0	1	1
802	8	1185.6	0	1	1
802	8	2125.7	0	1	1
802	8	2991.6	1	1	1
802	8	1814.8	1	1	1
802	8	1520.6	0	1	1
802	8	2195.5	1	1	1
802	8	1795.5	1	1	1
802	8	1775.9	1	1	1
802	8	1912.6	1	1	1
802	8	2020.2	1	1	1
802	8	2331.4	1	1	1
802	8	1471	1	1	1
802	8	1919.6	1	1	1
802	8	3151.4	1	1	1
802	8	1429.7	1	1	1
802	8	2090.5	1	1	1
802	8	1715.1	1	1	1
802	8	2143.5	1	1	1
802	8	2780.3	1	1	1
802	8	1875.4	1	1	1
802	8	2148.4	1	1	1
802	8	1660.6	1	1	1
802	8	1669.9	1	1	1
802	8	1699.2	1	1	1
802	8	1895.4	1	1	1
802	8	1725.2	1	1	1
802	8	1740.3	1	1	1
802	8	2964.7	1	1	1
802	8	1596.3	1	1	1
802	8	2443.1	1	1	1
802	8	1877	1	1	1
802	8	1440.7	1	1	1
802	8	3260.8	1	1	1
802	8	1969.6	1	1	1
802	8	2020.8	0	1	1
802	8	1407.6	1	1	1
802	8	1706.3	1	1	1
802	8	1233.1	1	1	1
802	8	1681.1	1	1	1
802	8	1487.3	1	1	1
802	8	2524.2	1	1	1
802	8	2667.7	1	1	1
802	8	2730.2	1	1	1
802	8	1635.7	1	1	1
802	8	1300.3	0	1	1
802	8	1803.7	1	1	1
802	8	1592.9	0	1	1
802	8	1177.1	0	1	1
802	8	2062.7	1	1	1
802	8	1624.9	1	1	1
802	8	1468.3	1	1	1
802	8	1388	1	1	1
802	8	1295.8	1	1	1
802	8	2275.7	1	1	1
802	8	1938.5	1	1	1
802	8	1317.3	1	1	1
802	8	2071.6	1	1	1
802	8	1371	1	1	1
802	8	2769.4	1	1	1
802	8	2571.6	1	1	1
802	8	1858.9	1	1	1
802	8	1455.2	1	1	1
802	8	1778.9	1	1	1
802	8	1956	1	1	1
802	8	1586.2	1	1	1
802	8	1563.2	1	1	1
802	8	1474.5	1	1	1
802	8	1369.1	1	1	1
802	8	2359.8	1	1	1
802	8	1447.2	1	1	1
802	8	1641.4	1	1	1
802	8	1921.7	1	1	1
802	8	1995.2	1	1	1
802	8	2387.4	1	1	1
802	8	2563	0	1	1
802	8	2137.8	1	1	1
802	8	1639.9	1	1	1
802	8	4000.8	0	1	1
802	8	2837.3	1	1	1
802	8	1321.5	1	1	1
802	8	2320	0	1	1
802	8	3307.7	1	1	1
802	8	2812.5	1	1	1
802	8	2063.8	1	1	1
802	8	2388.8	0	1	1
802	8	2943	1	1	1
802	8	1548.3	1	1	1
802	8	1927.7	1	1	1
802	8	1912.5	1	1	1
802	8	1297.5	1	1	1
802	8	2560.9	1	1	1
802	8	1982.4	1	1	1
802	8	2659.7	1	1	1
802	8	1431.7	1	1	1
802	8	1588.5	1	1	1
802	8	1340.7	1	1	1
802	8	1309.4	1	1	1
802	8	2786.8	1	1	1
802	8	1791.6	1	1	1
802	8	1957.7	1	1	1
802	8	1606.9	1	1	1
802	8	2257.8	1	1	1
802	8	1778.6	1	1	1
802	8	1832.7	1	1	1
802	8	1556	1	1	1
802	8	1596	1	1	1
802	8	1820.1	1	1	1
802	8	1736.6	1	1	1
802	8	1580	1	1	1
802	8	1674.9	1	1	1
802	8	1959.8	1	1	1
802	8	2300.8	1	1	1
802	8	1926.8	1	1	1
802	8	1682.4	1	1	1
802	8	2291.5	1	1	1
802	8	2470.2	1	1	1
802	8	1749.8	1	1	1
802	8	1480.4	1	1	1
802	8	1417.4	1	1	1
802	8	2413.9	1	1	1
802	8	2514.8	1	1	1
802	8	2557.2	1	1	1
802	8	2029.4	1	1	1
802	8	2133.7	1	1	1
802	8	2084	1	1	1
802	8	1639.2	1	1	1
802	8	1870.7	1	1	1
802	8	1519.5	1	1	1
802	8	1649.6	1	1	1
802	8	1768.9	1	1	1
802	8	2155.7	1	1	1
802	8	2923.3	1	1	1
802	8	1627.2	1	1	1
802	8	2418.8	1	1	1
802	8	2005.4	1	1	1
802	8	1536.8	1	1	1
802	8	1765.5	1	1	1
802	8	1467.1	1	1	1
802	8	1501	1	1	1
802	8	1254.8	1	1	1
802	8	1362.5	1	1	1
802	8	1484.3	1	1	1
802	8	1665.6	1	1	1
802	8	2119.8	1	1	1
802	8	1488.2	1	1	1
802	8	1672.4	1	1	1
802	8	1568.5	1	1	1
802	8	1659.4	1	1	1
802	8	1581.5	1	1	1
802	8	1376.5	1	1	1
802	8	1355.3	1	1	1
802	8	1694.1	1	1	1
802	8	1558.6	1	1	1
802	8	3029.7	1	1	1
802	8	1855.8	1	1	1
802	8	1384.6	1	1	1
802	8	1895.8	1	1	1
802	8	1529.6	1	1	1
802	8	1291.3	1	1	1
802	8	1305.8	1	1	1
802	8	1378.2	1	1	1
802	8	1840.4	1	1	1
802	8	2612.6	1	1	1
802	8	1661.8	1	1	1
802	8	1288.2	1	1	1
802	8	1778.6	1	1	1
802	8	2009.4	1	1	1
802	8	1522.5	1	1	1
802	8	1554	1	1	1
802	8	1545.4	1	1	1
802	8	1445.3	1	1	1
802	8	1445.8	1	1	1
802	8	1554.6	1	1	1
802	8	1642	1	1	1
802	8	1579.2	1	1	1
802	8	1290.9	1	1	1
802	8	1548.2	1	1	1
802	8	1417.3	1	1	1
802	8	1752.6	1	1	1
802	8	1429.5	1	1	1
802	8	1594	1	1	1
802	8	1337.1	1	1	1
802	8	2495.4	1	1	1
802	8	1430.9	1	1	1
802	8	1283.2	1	1	1
802	8	2026.9	1	1	1
802	8	1260.4	1	1	1
802	8	2173.1	1	1	1
802	8	1351.6	1	1	1
802	8	1579.9	1	1	1
802	8	1420	1	1	1
802	8	1312.1	1	1	1
802	8	1648.3	1	1	1
802	8	1844.2	1	1	1
802	8	1817.8	1	1	1
802	8	1478.3	1	1	1
802	8	1454.9	1	1	1
802	8	1528.5	1	1	1
802	8	1473.2	1	1	1
802	8	1439.8	1	1	1
802	8	1564.3	1	1	1
802	8	1303.5	1	1	1
802	8	1388.7	1	1	1
802	8	1279.2	1	1	1
802	8	1812.3	1	1	1
802	8	1716.6	1	1	1
802	8	2070.4	1	1	1
802	8	1385.4	1	1	1
802	8	1495	1	1	1
802	8	1813.3	1	1	1
802	8	1228.8	1	1	1
802	8	1350.8	1	1	1
802	8	1543.5	1	1	1
802	8	1409.4	1	1	1
802	8	1649.1	1	1	1
802	8	3346.3	1	1	1
802	8	1637.7	1	1	1
802	8	1721.4	1	1	1
802	8	1517.2	1	1	1
802	8	1419.9	1	1	1
802	8	1665.1	1	1	1
802	8	1566.9	1	1	1
802	8	1427.7	1	1	1
802	8	1347.2	1	1	1
802	8	1420	1	1	1
802	8	1726.3	1	1	1
802	8	1482.4	1	1	1
802	8	1701.2	1	1	1
802	8	1626.1	1	1	1
802	8	1666.6	1	1	1
802	8	1638	1	1	1
802	8	1367.8	1	1	1
802	8	1282.8	1	1	1
802	8	1228.7	1	1	1
802	8	1209.1	1	1	1
802	8	1546.8	1	1	1
802	8	1547.3	1	1	1
802	8	1648.6	1	1	1
802	8	1478.2	1	1	1
802	8	1281	1	1	1
802	8	1452	1	1	1
802	8	1302.1	1	1	1
802	8	1198.1	1	1	1
802	8	2367.1	0	2	-1
802	8	2832.8	0	2	-1
802	8	3692.3	0	2	-1
802	8	2046.2	1	2	-1
802	8	3215.5	1	2	-1
802	8	2909	0	2	-1
802	8	2147.4	0	2	-1
802	8	1227.9	0	2	-1
802	8	1708.7	0	2	-1
802	8	1767.7	0	2	-1
802	8	1761.8	1	2	-1
802	8	2117.4	0	2	-1
802	8	996.23	0	2	-1
802	8	1498.3	0	2	-1
802	8	1762.9	1	2	-1
802	8	4372.9	1	2	-1
802	8	3395.1	0	2	-1
802	8	1335	0	2	-1
802	8	1881.9	0	2	-1
802	8	1493.9	1	2	-1
802	8	2157.2	0	2	-1
802	8	937.49	0	2	-1
802	8	1445.2	0	2	-1
802	8	2184.8	0	2	-1
802	8	776.99	0	2	-1
802	8	1169.5	0	2	-1
802	8	1497.9	0	2	-1
802	8	1164.6	0	2	-1
802	8	1993.2	0	2	-1
802	8	1050.4	0	2	-1
802	8	2599.3	1	2	-1
802	8	3116.8	0	2	-1
802	8	2218.7	0	2	-1
802	8	2748.8	0	2	-1
802	8	2095.7	0	2	-1
802	8	1006.9	0	2	-1
802	8	987.95	0	2	-1
802	8	3599.6	0	2	-1
802	8	1125.1	0	2	-1
802	8	915.57	0	2	-1
802	8	1730.1	0	2	-1
802	8	1622.1	0	2	-1
802	8	1433.9	0	2	-1
802	8	1828.6	0	2	-1
802	8	1495.1	0	2	-1
802	8	3321.8	0	2	-1
802	8	3431.9	0	2	-1
802	8	2800.4	0	2	-1
802	8	2986.3	0	2	-1
802	8	2680.5	0	2	-1
802	8	3314	1	2	-1
802	8	1455	0	2	-1
802	8	1594.2	0	2	-1
802	8	2232.2	0	2	-1
802	8	1257	0	2	-1
802	8	2235.5	1	2	-1
802	8	2530.4	1	2	-1
802	8	3022.9	1	2	-1
802	8	1568.3	0	2	-1
802	8	2147.2	0	2	-1
802	8	1714.9	0	2	-1
802	8	1461.1	0	2	-1
802	8	2157.5	0	2	-1
802	8	3614.3	1	2	-1
802	8	2206.5	0	2	-1
802	8	2907.8	1	2	-1
802	8	2275.9	0	2	-1
802	8	2381.3	1	2	-1
802	8	2119.5	0	2	-1
802	8	1835.3	0	2	-1
802	8	2897.5	0	2	-1
802	8	2140.1	0	2	-1
802	8	2717.4	0	2	-1
802	8	2415.3	0	2	-1
802	8	1882.1	0	2	-1
802	8	2608.2	1	2	-1
802	8	1784.3	1	2	-1
802	8	1427.8	1	2	-1
802	8	2531.8	1	2	-1
802	8	1977.6	1	2	-1
802	8	2406.9	1	2	-1
802	8	2246	1	2	-1
802	8	1854.3	1	2	-1
802	8	1729.3	0	2	-1
802	8	1667.3	1	2	-1
802	8	1547.8	1	2	-1
802	8	1684.2	1	2	-1
802	8	1489.2	1	2	-1
802	8	1643.8	1	2	-1
802	8	1581.3	1	2	-1
802	8	1624.5	1	2	-1
802	8	2477.8	1	2	-1
802	8	2028.5	1	2	-1
802	8	1534.6	1	2	-1
802	8	1870.1	1	2	-1
802	8	2587.2	1	2	-1
802	8	1999.2	1	2	-1
802	8	1631.9	1	2	-1
802	8	1754.7	1	2	-1
802	8	1532.6	1	2	-1
802	8	1622.2	1	2	-1
802	8	1611	1	2	-1
802	8	1286.5	1	2	-1
802	8	1310	1	2	-1
802	8	3510.8	1	2	-1
802	8	1703.4	1	2	-1
802	8	1467.7	1	2	-1
802	8	1560.1	1	2	-1
802	8	1620.4	1	2	-1
802	8	1390.7	1	2	-1
802	8	1454.5	1	2	-1
802	8	1462.3	1	2	-1
802	8	2170.9	0	2	-1
802	8	1768.3	1	2	-1
802	8	1464.7	1	2	-1
802	8	1513.3	1	2	-1
802	8	1593	1	2	-1
802	8	1369	1	2	-1
802	8	1754.6	1	2	-1
802	8	1587	1	2	-1
802	8	1501.1	1	2	-1
802	8	1626.9	1	2	-1
802	8	1653.6	1	2	-1
802	8	2039.7	1	2	-1
802	8	1585.2	1	2	-1
802	8	1911.8	1	2	-1
802	8	2958.5	1	2	-1
802	8	1520.4	1	2	-1
802	8	1357.8	1	2	-1
802	8	3040.6	1	2	-1
802	8	1979.5	1	2	-1
802	8	1987.4	1	2	-1
802	8	1846.6	1	2	-1
802	8	1597.6	1	2	-1
802	8	1533	0	2	-1
802	8	2375	1	2	-1
802	8	2085.1	0	2	-1
802	8	2862.8	1	2	-1
802	8	2510.2	1	2	-1
802	8	1479.2	1	2	-1
802	8	1330.1	1	2	-1
802	8	1523.1	1	2	-1
802	8	2526	1	2	-1
802	8	1714.6	1	2	-1
802	8	2026.8	1	2	-1
802	8	2910.9	1	2	-1
802	8	1481	1	2	-1
802	8	1519.1	1	2	-1
802	8	2111.3	1	2	-1
802	8	1482.1	1	2	-1
802	8	1623.3	1	2	-1
802	8	1411.7	1	2	-1
802	8	1247.4	1	2	-1
802	8	1635.9	1	2	-1
802	8	2320	0	2	-1
802	8	1959.4	1	2	-1
802	8	1272.7	1	2	-1
802	8	1323.7	1	2	-1
802	8	1261.7	1	2	-1
802	8	1118.7	1	2	-1
802	8	1332	1	2	-1
802	8	1550.3	1	2	-1
802	8	1114.6	1	2	-1
802	8	1252.2	1	2	-1
802	8	1170	1	2	-1
802	8	1673.5	1	2	-1
802	8	1477.8	1	2	-1
802	8	1177.6	1	2	-1
802	8	1003.8	1	2	-1
802	8	1133.6	1	2	-1
802	8	1330.2	1	2	-1
802	8	1151.6	1	2	-1
802	8	1449	1	2	-1
802	8	1615.5	1	2	-1
802	8	1430.7	1	2	-1
802	8	1529.9	1	2	-1
802	8	1843.9	1	2	-1
802	8	2352	0	2	-1
802	8	3918	0	2	-1
802	8	1057.5	1	2	-1
802	8	1503.2	1	2	-1
802	8	1625	1	2	-1
802	8	1107.2	1	2	-1
802	8	2754.8	0	2	-1
802	8	1449	1	2	-1
802	8	1598.2	1	2	-1
802	8	1351.8	1	2	-1
802	8	1238.6	1	2	-1
802	8	1609.1	1	2	-1
802	8	1872.8	1	2	-1
802	8	2132.1	1	2	-1
802	8	1587	1	2	-1
802	8	1580.1	1	2	-1
802	8	1825	1	2	-1
802	8	1382.4	1	2	-1
802	8	1383.2	1	2	-1
802	8	2135.4	1	2	-1
802	8	1871.9	1	2	-1
802	8	1304.7	1	2	-1
802	8	1073	1	2	-1
802	8	1655.2	1	2	-1
802	8	1335	1	2	-1
802	8	1261.1	1	2	-1
802	8	1567.3	1	2	-1
802	8	2210.7	1	2	-1
802	8	1413.5	1	2	-1
802	8	1486.4	1	2	-1
802	8	1816.4	1	2	-1
802	8	2189.4	1	2	-1
802	8	1604.8	1	2	-1
802	8	1525.5	1	2	-1
802	8	1615.7	1	2	-1
802	8	1590.7	1	2	-1
802	8	1467	1	2	-1
802	8	1492.7	1	2	-1
802	8	1690.5	1	2	-1
802	8	1567.2	1	2	-1
802	8	1817.9	1	2	-1
802	8	1574.7	1	2	-1
802	8	1381.5	1	2	-1
802	8	1801.5	1	2	-1
802	8	1461.3	1	2	-1
802	8	2015.6	1	2	-1
802	8	1328.3	1	2	-1
802	8	1378.1	1	2	-1
802	8	1392.6	1	2	-1
802	8	1520.9	1	2	-1
802	8	1792.6	1	2	-1
802	8	4356	1	2	-1
802	8	1349.8	1	2	-1
802	8	1260.7	1	2	-1
802	8	1483.8	1	2	-1
802	8	1489.8	1	2	-1
802	8	1344.4	1	2	-1
802	8	1480.2	1	2	-1
802	8	1628.4	1	2	-1
802	8	1461.1	1	2	-1
802	8	1321	1	2	-1
802	8	1222.4	1	2	-1
802	8	1215.1	1	2	-1
802	8	1161.3	1	2	-1
802	8	1221.6	1	2	-1
802	8	1470.3	1	2	-1
802	8	1644.9	1	2	-1
802	8	1484.4	1	2	-1
802	8	1129.4	1	2	-1
802	8	1333.5	1	2	-1
802	8	1309.9	1	2	-1
802	8	1335.6	1	2	-1
802	8	1787.3	1	2	-1
802	8	1573.5	1	2	-1
802	8	2355	1	2	-1
802	8	1742.8	1	2	-1
802	8	1748.7	1	2	-1
802	8	1178	1	2	-1
802	8	1443.6	1	2	-1
802	8	1225.8	1	2	-1
802	8	1769.1	1	2	-1
802	8	1445.7	1	2	-1
802	8	1489.2	1	2	-1
802	8	1242.3	1	2	-1
802	8	1271.8	1	2	-1
802	8	1254.8	1	2	-1
802	8	1345.1	1	2	-1
802	8	1195.4	1	2	-1
802	8	1113.6	1	2	-1
802	8	1088.2	1	2	-1
802	8	1330.3	1	2	-1
802	8	1418.5	1	2	-1
802	8	1022.2	1	2	-1
802	8	1255.5	1	2	-1
802	8	1372.8	1	2	-1
802	8	1299.6	1	2	-1
802	8	1191.3	1	2	-1
802	8	1294.5	1	2	-1
802	8	2132.9	1	2	-1
802	8	1382.8	1	2	-1
802	8	1388.9	1	2	-1
802	8	1293.5	1	2	-1
802	8	1415.5	1	2	-1
802	8	1145.5	1	2	-1
802	8	1757.1	1	2	-1
802	8	1319.4	1	2	-1
802	8	1324.5	1	2	-1
802	8	1319.3	1	2	-1
802	8	1257.5	1	2	-1
802	8	1404.6	1	2	-1
802	8	1392.1	1	2	-1
802	8	1176.1	1	2	-1
802	8	1104.9	1	2	-1
802	8	1249.8	1	2	-1
802	8	1294.1	1	2	-1
802	8	1014	1	2	-1
802	8	1091.8	1	2	-1
802	8	1156.7	1	2	-1
802	8	1469.4	1	2	-1
802	8	1211.3	1	2	-1
802	8	1050.1	1	2	-1
802	8	1453.1	1	2	-1
802	8	1393.7	1	2	-1
802	8	1396.7	1	2	-1
802	8	1476	1	2	-1
802	8	2090.7	1	2	-1
802	8	1243.8	1	2	-1
802	8	1260.8	1	2	-1
802	8	1385.9	1	2	-1
802	8	1155.5	1	2	-1
802	8	1452.8	1	2	-1
802	8	1374	1	2	-1
802	8	1168	1	2	-1
802	8	1252	1	2	-1
802	8	1186	1	2	-1
802	8	1248.5	1	2	-1
802	8	1146.9	1	2	-1
802	8	1121.8	1	2	-1
802	8	1030.7	1	2	-1
802	8	1314.3	1	2	-1
802	8	1278.5	1	2	-1
802	8	1255.8	1	2	-1
802	8	1560	1	2	-1
802	8	1401.1	1	2	-1
802	8	1481.9	1	2	-1
802	8	1388.3	1	2	-1
802	8	1455.2	1	2	-1
802	8	1294.7	1	2	-1
802	8	1415.1	1	2	-1
802	8	1191.1	1	2	-1
802	8	1472.7	1	2	-1
802	8	1550.9	1	2	-1
802	8	1159.9	1	2	-1
802	8	1397.1	1	2	-1
802	8	1355	1	2	-1
802	8	1268.5	1	2	-1
802	8	1497	1	2	-1
802	8	1102.7	1	2	-1
802	8	1145.3	1	2	-1
802	8	1350.6	1	2	-1
802	8	1066.2	1	2	-1
802	8	1315	1	2	-1
802	8	1379.5	1	2	-1
802	8	949.6	1	2	-1
802	8	1438.5	1	2	-1
802	8	1237.9	1	2	-1
802	8	1389.2	1	2	-1
802	8	1199.2	1	2	-1
802	8	1162.9	1	2	-1
802	8	1349.9	1	2	-1
802	8	1217.6	1	2	-1
802	8	1091.4	1	2	-1
802	8	2105.8	1	1	-1
802	8	3318.2	1	1	-1
802	8	3614.6	1	1	-1
802	8	3629.4	1	1	-1
802	8	3427.1	1	1	-1
802	8	2581	0	1	-1
802	8	2115.5	1	1	-1
802	8	3142.1	0	1	-1
802	8	3046.4	1	1	-1
802	8	4213.6	1	1	-1
802	8	2893.1	1	1	-1
802	8	1365.4	1	1	-1
802	8	2021.5	1	1	-1
802	8	2319.8	1	1	-1
802	8	1791.9	1	1	-1
802	8	2960	1	1	-1
802	8	2150.4	0	1	-1
802	8	1494.6	0	1	-1
802	8	3312.9	1	1	-1
802	8	2786.8	1	1	-1
802	8	1705.2	1	1	-1
802	8	1496.1	0	1	-1
802	8	840.54	0	1	-1
802	8	3692.9	0	1	-1
802	8	1702.6	0	1	-1
802	8	2813.1	0	1	-1
802	8	970.33	0	1	-1
802	8	1344	0	1	-1
802	8	3820	0	1	-1
802	8	3770.9	0	1	-1
802	8	1774.3	1	1	-1
802	8	2148.4	1	1	-1
802	8	970.16	1	1	-1
802	8	3632.6	1	1	-1
802	8	1730.6	0	1	-1
802	8	1500.7	0	1	-1
802	8	2233.3	0	1	-1
802	8	4294.9	0	1	-1
802	8	1484.3	1	1	-1
802	8	1209.5	0	1	-1
802	8	1202	0	1	-1
802	8	2117.9	1	1	-1
802	8	1995.5	0	1	-1
802	8	3216.3	0	1	-1
802	8	2136.4	1	1	-1
802	8	1746.7	0	1	-1
802	8	1955.6	0	1	-1
802	8	2835.8	0	1	-1
802	8	2467.1	0	1	-1
802	8	3436.8	1	1	-1
802	8	2621.8	1	1	-1
802	8	2830.8	1	1	-1
802	8	1731.6	1	1	-1
802	8	1366.9	1	1	-1
802	8	1148.4	1	1	-1
802	8	1196.6	1	1	-1
802	8	2378.1	1	1	-1
802	8	2416.4	1	1	-1
802	8	1474.9	0	1	-1
802	8	1936.6	1	1	-1
802	8	2463.9	1	1	-1
802	8	1534.2	0	1	-1
802	8	1962.8	1	1	-1
802	8	1556.8	1	1	-1
802	8	2324.2	0	1	-1
802	8	1737	0	1	-1
802	8	2590.7	1	1	-1
802	8	2391.7	1	1	-1
802	8	2955.8	0	1	-1
802	8	1822.9	1	1	-1
802	8	2502.4	1	1	-1
802	8	3269.2	0	1	-1
802	8	2315.7	1	1	-1
802	8	1860.9	0	1	-1
802	8	1719.3	1	1	-1
802	8	1553.9	1	1	-1
802	8	2106.5	1	1	-1
802	8	1528.9	1	1	-1
802	8	1925.2	1	1	-1
802	8	1510.8	1	1	-1
802	8	1185.5	1	1	-1
802	8	1300.1	1	1	-1
802	8	1156.5	1	1	-1
802	8	1214.4	1	1	-1
802	8	1481.5	1	1	-1
802	8	1407	1	1	-1
802	8	1286.7	1	1	-1
802	8	1315.1	1	1	-1
802	8	1365.9	1	1	-1
802	8	1067.7	1	1	-1
802	8	1341.4	1	1	-1
802	8	1629.6	1	1	-1
802	8	1270.9	1	1	-1
802	8	1624.3	1	1	-1
802	8	1267.9	1	1	-1
802	8	1108.3	1	1	-1
802	8	1272.2	1	1	-1
802	8	1435.2	1	1	-1
802	8	1589.5	1	1	-1
802	8	1209.3	1	1	-1
802	8	1388.5	1	1	-1
802	8	1222.1	1	1	-1
802	8	1177.5	1	1	-1
802	8	1385.3	1	1	-1
802	8	1459.5	1	1	-1
802	8	1394.9	1	1	-1
802	8	1257.7	1	1	-1
802	8	1299.5	1	1	-1
802	8	1206.8	1	1	-1
802	8	1467.6	1	1	-1
802	8	1368.2	1	1	-1
802	8	1458.5	1	1	-1
802	8	1485.7	1	1	-1
802	8	1441.6	1	1	-1
802	8	1422.8	1	1	-1
802	8	1364.1	1	1	-1
802	8	1604	1	1	-1
802	8	1682.6	1	1	-1
802	8	1275.9	1	1	-1
802	8	1431.9	1	1	-1
802	8	1632	1	1	-1
802	8	1549.8	1	1	-1
802	8	1352.3	1	1	-1
802	8	1819.8	1	1	-1
802	8	1608.5	1	1	-1
802	8	1382.1	1	1	-1
802	8	1433	1	1	-1
802	8	1462.2	1	1	-1
802	8	1144.2	1	1	-1
802	8	1736.9	1	1	-1
802	8	1309.5	1	1	-1
802	8	1578.8	1	1	-1
802	8	2376.6	1	1	-1
802	8	2692.5	0	1	-1
802	8	1208.2	1	1	-1
802	8	1506.6	1	1	-1
802	8	1932	1	1	-1
802	8	1509.4	1	1	-1
802	8	1330.5	1	1	-1
802	8	1312.7	1	1	-1
802	8	2191.1	1	1	-1
802	8	1302.3	1	1	-1
802	8	1148.8	1	1	-1
802	8	1649.5	1	1	-1
802	8	1357.4	1	1	-1
802	8	1419.7	1	1	-1
802	8	1409.2	1	1	-1
802	8	1311	1	1	-1
802	8	1295	1	1	-1
802	8	1139.2	1	1	-1
802	8	1351.5	1	1	-1
802	8	1247.7	1	1	-1
802	8	1478.6	1	1	-1
802	8	1896.4	0	1	-1
802	8	1455.3	1	1	-1
802	8	1227.8	1	1	-1
802	8	1105.3	1	1	-1
802	8	1072.5	1	1	-1
802	8	1291.4	1	1	-1
802	8	1086.5	1	1	-1
802	8	1282.7	1	1	-1
802	8	1344.5	1	1	-1
802	8	1235.3	1	1	-1
802	8	1224.1	1	1	-1
802	8	947.93	1	1	-1
802	8	1562.3	1	1	-1
802	8	1488	1	1	-1
802	8	1558.9	1	1	-1
802	8	1289.4	1	1	-1
802	8	1197.3	1	1	-1
802	8	1199	1	1	-1
802	8	1538.7	1	1	-1
802	8	1921.1	1	1	-1
802	8	1602.7	1	1	-1
802	8	2414.6	0	1	-1
802	8	2016.5	1	1	-1
802	8	1198.8	1	1	-1
802	8	2105	0	1	-1
802	8	1065.3	1	1	-1
802	8	978.44	1	1	-1
802	8	1168.6	1	1	-1
802	8	1963.4	1	1	-1
802	8	2527.9	1	1	-1
802	8	1637.6	1	1	-1
802	8	1670.9	1	1	-1
802	8	2319.8	1	1	-1
802	8	1277.7	1	1	-1
802	8	1949.4	1	1	-1
802	8	1644.8	1	1	-1
802	8	1087.2	1	1	-1
802	8	1459.9	1	1	-1
802	8	1705.4	1	1	-1
802	8	1627	1	1	-1
802	8	2102.3	1	1	-1
802	8	1385.6	1	1	-1
802	8	1836.6	1	1	-1
802	8	2298.7	1	1	-1
802	8	2031.8	1	1	-1
802	8	1496.2	1	1	-1
802	8	1126.7	1	1	-1
802	8	1243.5	1	1	-1
802	8	1301.7	1	1	-1
802	8	1154.8	1	1	-1
802	8	1476.8	1	1	-1
802	8	1324.1	1	1	-1
802	8	2451.2	1	1	-1
802	8	1444.4	1	1	-1
802	8	2521.4	1	1	-1
802	8	1657.8	1	1	-1
802	8	2369.5	1	1	-1
802	8	1345	1	1	-1
802	8	1692.4	1	1	-1
802	8	1654	1	1	-1
802	8	1543.3	1	1	-1
802	8	1394.1	1	1	-1
802	8	1804.3	1	1	-1
802	8	1713	1	1	-1
802	8	2105	1	1	-1
802	8	1500.6	1	1	-1
802	8	1323.5	1	1	-1
802	8	1549.2	1	1	-1
802	8	3301.4	1	1	-1
802	8	1804.5	1	1	-1
802	8	1721.9	1	1	-1
802	8	1710.7	1	1	-1
802	8	1953.2	1	1	-1
802	8	1377.9	1	1	-1
802	8	2275	1	1	-1
802	8	1132.8	1	1	-1
802	8	1325.4	1	1	-1
802	8	1305.5	1	1	-1
802	8	1395.8	1	1	-1
802	8	1467.4	1	1	-1
802	8	2416.7	1	1	-1
802	8	2209.7	1	1	-1
802	8	1434.5	1	1	-1
802	8	1578.6	1	1	-1
802	8	1180.7	1	1	-1
802	8	1777.1	1	1	-1
802	8	1156.7	1	1	-1
802	8	1457	1	1	-1
802	8	1494.9	1	1	-1
802	8	1613.1	1	1	-1
802	8	1436.6	1	1	-1
802	8	1035.2	1	1	-1
802	8	1070.6	1	1	-1
802	8	1385.8	1	1	-1
802	8	1836.1	1	1	-1
802	8	1552.4	1	1	-1
802	8	1542.2	1	1	-1
802	8	2162.7	1	1	-1
802	8	1720.4	1	1	-1
802	8	1885.6	1	1	-1
802	8	1787.9	1	1	-1
802	8	1266.9	1	1	-1
802	8	1317.4	1	1	-1
802	8	1531.4	1	1	-1
802	8	1335.6	1	1	-1
802	8	1454.8	1	1	-1
802	8	1715.3	1	1	-1
802	8	1420.3	1	1	-1
802	8	1650.2	1	1	-1
802	8	1780.3	1	1	-1
802	8	1344.7	1	1	-1
802	8	1403.2	1	1	-1
802	8	1124	1	1	-1
802	8	982.86	1	1	-1
802	8	1949.5	1	1	-1
802	8	1248.9	1	1	-1
802	8	1305.8	1	1	-1
802	8	1207.2	1	1	-1
802	8	1736.7	1	1	-1
802	8	1298.9	1	1	-1
802	8	1253.9	1	1	-1
802	8	1121.5	1	1	-1
802	8	1725.8	1	1	-1
802	8	1594.8	1	1	-1
802	8	1345.1	1	1	-1
802	8	1065.4	1	1	-1
802	8	1062.8	1	1	-1
802	8	1139	1	1	-1
802	8	1240.7	1	1	-1
802	8	1161.2	1	1	-1
802	8	1286.2	1	1	-1
802	8	1239.7	1	1	-1
802	8	1708.5	1	1	-1
802	8	1499.5	1	1	-1
802	8	1337.4	1	1	-1
802	8	1196	1	1	-1
802	8	1298.6	1	1	-1
802	8	1269.4	1	1	-1
802	8	1147.4	1	1	-1
802	8	937.48	1	1	-1
802	8	1326.4	1	1	-1
802	8	1159.4	1	1	-1
802	8	1199.9	1	1	-1
802	8	1552.8	1	1	-1
802	8	1272.9	1	1	-1
802	8	1247.6	1	1	-1
802	8	1297.5	1	1	-1
802	8	1233.7	1	1	-1
802	8	1596.2	1	1	-1
802	8	1106.8	1	1	-1
802	8	1552.6	1	1	-1
802	8	1420.7	1	1	-1
802	8	1058	1	1	-1
802	8	1270	1	1	-1
802	8	1074.4	1	1	-1
802	8	2639.8	0	1	-1
802	8	1333	1	1	-1
802	8	1318	1	1	-1
802	8	1448.6	1	1	-1
802	8	1545.5	1	1	-1
802	8	1572	1	1	-1
802	8	1158.3	1	1	-1
802	8	1350.6	1	1	-1
802	8	1182.7	1	1	-1
802	8	1700.4	1	1	-1
802	8	1231.8	1	1	-1
802	8	1360.4	1	1	-1
802	8	1307	1	1	-1
802	8	1145.6	1	1	-1
802	8	1584.5	1	1	-1
802	8	1270.2	1	1	-1
802	8	1436.7	1	1	-1
802	8	1098	1	1	-1
802	8	1379.7	1	1	-1
802	8	1232.7	1	1	-1
802	8	1262.6	1	1	-1
802	8	1011.8	1	1	-1
802	8	1223.1	1	1	-1
802	8	1176.4	1	1	-1
802	8	1120.9	1	1	-1
802	8	1492.9	1	1	-1
802	8	1475.9	1	1	-1
802	8	1235	1	1	-1
802	8	1033.7	1	1	-1
802	8	1787.4	1	1	-1
802	8	1175.8	1	1	-1
802	8	1369.4	1	1	-1
802	8	1004.6	1	1	-1
802	8	982.82	1	1	-1
802	8	1136.1	1	1	-1
802	8	1273.4	1	1	-1
802	8	1326.5	1	1	-1
802	8	1183.4	1	1	-1
802	8	2097.3	1	1	-1
802	8	1195.9	1	1	-1
802	8	1344.6	1	1	-1
802	8	3128.3	1	-1	2
802	8	2466.4	1	-1	2
802	8	2677.3	1	-1	2
802	8	1788.3	1	-1	2
802	8	3649.6	1	-1	2
802	8	2902.5	1	-1	2
802	8	2822.1	1	-1	2
802	8	3178	1	-1	2
802	8	4078	1	-1	2
802	8	2747.8	1	-1	2
802	8	2723	1	-1	2
802	8	1466.5	1	-1	2
802	8	3805.3	1	-1	2
802	8	3762.6	1	-1	2
802	8	2670.4	1	-1	2
802	8	1743.9	1	-1	2
802	8	2583.3	1	-1	2
802	8	2941.3	1	-1	2
802	8	2326.5	1	-1	2
802	8	4144.7	1	-1	2
802	8	923.32	1	-1	2
802	8	1977.5	1	-1	2
802	8	2688.8	0	-1	2
802	8	926.67	1	-1	2
802	8	1754.3	1	-1	2
802	8	1336.6	1	-1	2
802	8	2062	1	-1	2
802	8	2077.7	0	-1	2
802	8	2038.4	1	-1	2
802	8	1268	1	-1	2
802	8	2333	1	-1	2
802	8	955.15	1	-1	2
802	8	3874.8	1	-1	2
802	8	4289.9	1	-1	2
802	8	2266.7	1	-1	2
802	8	1873.3	1	-1	2
802	8	3407.7	1	-1	2
802	8	2989.4	1	-1	2
802	8	1797.5	1	-1	2
802	8	2595.2	1	-1	2
802	8	1566.6	1	-1	2
802	8	1917.7	1	-1	2
802	8	1560.2	1	-1	2
802	8	2184.4	1	-1	2
802	8	2151.9	1	-1	2
802	8	2799.2	0	-1	2
802	8	1226.4	1	-1	2
802	8	1711	1	-1	2
802	8	2592.2	1	-1	2
802	8	1962.2	0	-1	2
802	8	1902.6	0	-1	2
802	8	1962.9	0	-1	2
802	8	2071.4	1	-1	2
802	8	2064.1	0	-1	2
802	8	1919.2	1	-1	2
802	8	1557.5	1	-1	2
802	8	1607.3	1	-1	2
802	8	1926.3	1	-1	2
802	8	1776	1	-1	2
802	8	1242.9	1	-1	2
802	8	2301.7	1	-1	2
802	8	2096.6	1	-1	2
802	8	1984.2	1	-1	2
802	8	1799.7	1	-1	2
802	8	2608.6	1	-1	2
802	8	1963.3	1	-1	2
802	8	1844.5	1	-1	2
802	8	2202.9	1	-1	2
802	8	2109.3	1	-1	2
802	8	1647.7	1	-1	2
802	8	1711.3	1	-1	2
802	8	2447.9	1	-1	2
802	8	2045.4	1	-1	2
802	8	1740.7	1	-1	2
802	8	2211.8	1	-1	2
802	8	1784.4	1	-1	2
802	8	1867.5	1	-1	2
802	8	1982.4	1	-1	2
802	8	1827.2	1	-1	2
802	8	1542.8	1	-1	2
802	8	1308.6	1	-1	2
802	8	1619.7	1	-1	2
802	8	1608	1	-1	2
802	8	1947.1	1	-1	2
802	8	1447.3	1	-1	2
802	8	1854.8	1	-1	2
802	8	1777.9	1	-1	2
802	8	1377.9	1	-1	2
802	8	1074.6	1	-1	2
802	8	2031.7	1	-1	2
802	8	1796.6	1	-1	2
802	8	1748.2	1	-1	2
802	8	1655.4	1	-1	2
802	8	1444.3	1	-1	2
802	8	1832.1	1	-1	2
802	8	1820.1	1	-1	2
802	8	1623.7	1	-1	2
802	8	1506	1	-1	2
802	8	1890.7	1	-1	2
802	8	1705.5	1	-1	2
802	8	1905.1	1	-1	2
802	8	1769.9	0	-1	2
802	8	2200.1	1	-1	2
802	8	1991.9	1	-1	2
802	8	2878	0	-1	2
802	8	1578.7	1	-1	2
802	8	1312.9	1	-1	2
802	8	1549.3	0	-1	2
802	8	1729.8	1	-1	2
802	8	1681.3	1	-1	2
802	8	1809.9	0	-1	2
802	8	1117.4	1	-1	2
802	8	3617.8	0	-1	2
802	8	1227.2	1	-1	2
802	8	1661.6	0	-1	2
802	8	2425.6	0	-1	2
802	8	1685.5	0	-1	2
802	8	1168	1	-1	2
802	8	1222	1	-1	2
802	8	1171.8	1	-1	2
802	8	3209.3	1	-1	2
802	8	3080.1	1	-1	2
802	8	1767.3	1	-1	2
802	8	2660.8	1	-1	2
802	8	3183.5	1	-1	2
802	8	1497.9	1	-1	2
802	8	1287.5	1	-1	2
802	8	1235.5	1	-1	2
802	8	1679.2	1	-1	2
802	8	1616.4	1	-1	2
802	8	1561.8	1	-1	2
802	8	1503.5	1	-1	2
802	8	1397.6	1	-1	2
802	8	1803.4	1	-1	2
802	8	1916.7	1	-1	2
802	8	1920.5	1	-1	2
802	8	1482.1	1	-1	2
802	8	1758.9	1	-1	2
802	8	3525.5	0	-1	2
802	8	1272.5	1	-1	2
802	8	1692.5	1	-1	2
802	8	3858	0	-1	2
802	8	3662.3	1	-1	2
802	8	3026.7	1	-1	2
802	8	1601.8	1	-1	2
802	8	1935.6	1	-1	2
802	8	1836.9	1	-1	2
802	8	1394.3	1	-1	2
802	8	1124.6	1	-1	2
802	8	1087.2	1	-1	2
802	8	1465.9	1	-1	2
802	8	1277.6	1	-1	2
802	8	1328.2	1	-1	2
802	8	1440.1	1	-1	2
802	8	1440.5	1	-1	2
802	8	1413.8	1	-1	2
802	8	1348.6	1	-1	2
802	8	1202.9	1	-1	2
802	8	1033.9	1	-1	2
802	8	990.56	1	-1	2
802	8	1277.9	1	-1	2
802	8	1091.1	1	-1	2
802	8	1453.8	1	-1	2
802	8	1501.8	1	-1	2
802	8	1480.2	1	-1	2
802	8	1702.2	1	-1	2
802	8	1169.4	1	-1	2
802	8	1865.2	1	-1	2
802	8	1727.8	0	-1	2
802	8	1223.1	1	-1	2
802	8	1678.4	1	-1	2
802	8	1693.9	1	-1	2
802	8	1140.2	1	-1	2
802	8	1366.1	1	-1	2
802	8	1631.8	1	-1	2
802	8	1099.7	1	-1	2
802	8	1136	1	-1	2
802	8	1826.3	1	-1	2
802	8	1602.5	1	-1	2
802	8	1272.4	1	-1	2
802	8	2072.9	1	-1	2
802	8	1182.5	1	-1	2
802	8	4136.7	1	-1	2
802	8	1457.4	1	-1	2
802	8	1224.2	1	-1	2
802	8	1062.6	1	-1	2
802	8	1239.9	1	-1	2
802	8	2868.2	1	-1	2
802	8	1429.2	1	-1	2
802	8	1243.6	1	-1	2
802	8	1001.1	1	-1	2
802	8	955.41	1	-1	2
802	8	1304.8	1	-1	2
802	8	1443.7	1	-1	2
802	8	1261.1	1	-1	2
802	8	2949	1	-1	2
802	8	1289.2	1	-1	2
802	8	1221.4	1	-1	2
802	8	1173.8	1	-1	2
802	8	1013.4	1	-1	2
802	8	961.8	1	-1	2
802	8	1027.3	1	-1	2
802	8	863.14	1	-1	2
802	8	1279.7	1	-1	2
802	8	1355.5	1	-1	2
802	8	1490.1	1	-1	2
802	8	1746	1	-1	2
802	8	1334.1	1	-1	2
802	8	1317.5	1	-1	2
802	8	1680.5	1	-1	2
802	8	1352.8	1	-1	2
802	8	1335.9	1	-1	2
802	8	1556.2	1	-1	2
802	8	1105.4	1	-1	2
802	8	1678.6	1	-1	2
802	8	1942.7	1	-1	2
802	8	2555.7	1	-1	2
802	8	1653.7	1	-1	2
802	8	1337.3	1	-1	2
802	8	1072.1	1	-1	2
802	8	1672.8	1	-1	2
802	8	1825.5	1	-1	2
802	8	1328.5	1	-1	2
802	8	1056.2	1	-1	2
802	8	1612.9	1	-1	2
802	8	1864.8	1	-1	2
802	8	846	1	-1	2
802	8	2900.5	1	-1	2
802	8	2108.4	1	-1	2
802	8	3039.9	1	-1	2
802	8	1562.4	1	-1	2
802	8	4047.5	0	-1	2
802	8	1653.6	1	-1	2
802	8	1703.1	1	-1	2
802	8	1599.6	1	-1	2
802	8	1118.5	1	-1	2
802	8	1123.1	1	-1	2
802	8	2534.3	1	-1	2
802	8	1188.3	1	-1	2
802	8	1417.4	1	-1	2
802	8	1401.1	1	-1	2
802	8	1467.9	1	-1	2
802	8	1500.2	1	-1	2
802	8	1719.8	1	-1	2
802	8	1617.9	1	-1	2
802	8	1623	1	-1	2
802	8	1918.5	1	-1	2
802	8	1275.8	1	-1	2
802	8	2427.6	1	-1	2
802	8	2074.9	1	-1	2
802	8	1582.5	1	-1	2
802	8	1290.6	1	-1	2
802	8	1741.4	1	-1	2
802	8	1385.6	1	-1	2
802	8	1193.5	1	-1	2
802	8	3665.1	0	-1	2
802	8	1680.7	1	-1	2
802	8	1903.7	1	-1	2
802	8	2185.9	1	-1	2
802	8	1303.7	1	-1	2
802	8	1580.8	1	-1	2
802	8	2127.8	1	-1	2
802	8	1469.2	1	-1	2
802	8	1745.2	1	-1	2
802	8	861.56	1	-1	2
802	8	1379.7	1	-1	2
802	8	1057.9	1	-1	2
802	8	1160.7	1	-1	2
802	8	1251.2	1	-1	2
802	8	1597.1	1	-1	2
802	8	1226.5	1	-1	2
802	8	1350.2	1	-1	2
802	8	1150.9	1	-1	2
802	8	1322.8	1	-1	2
802	8	1480.6	1	-1	2
802	8	1271.2	1	-1	2
802	8	1194.1	1	-1	2
802	8	1077.5	1	-1	2
802	8	1231.7	1	-1	2
802	8	1207.9	1	-1	2
802	8	1587.2	1	-1	2
802	8	1359.1	1	-1	2
802	8	1192.8	1	-1	2
802	8	1077.1	1	-1	2
802	8	1129.7	1	-1	2
802	8	1486.8	1	-1	2
802	8	1158.3	1	-1	2
802	8	1153.8	1	-1	2
802	8	1050.7	1	-1	2
802	8	2139.9	1	-1	2
802	8	1014.8	1	-1	2
802	8	944.05	1	-1	2
802	8	1048.2	1	-1	2
802	8	891.99	1	-1	2
802	8	976.73	1	-1	2
802	8	1220	1	-1	2
802	8	1432.9	1	-1	2
802	8	1181.8	1	-1	2
802	8	1763.9	1	-1	2
802	8	2628.8	1	-1	2
802	8	1362.6	1	-1	2
802	8	1741.2	1	-1	2
802	8	1588.5	1	-1	2
802	8	1178.4	1	-1	2
802	8	1247.6	1	-1	2
802	8	1288.6	1	-1	2
802	8	1217.2	1	-1	2
802	8	1488.7	1	-1	2
802	8	1159.2	1	-1	2
802	8	1404.7	1	-1	2
802	8	1807.8	1	-1	2
802	8	1197.6	1	-1	2
802	8	1070.8	1	-1	2
802	8	1078.7	1	-1	2
802	8	1280.9	1	-1	2
802	8	1175.1	1	-1	2
802	8	1193	1	-1	2
802	8	1121.6	1	-1	2
802	8	3602.3	1	-1	2
802	8	1133	1	-1	2
802	8	1145.9	1	-1	2
802	8	1487.4	1	-1	2
802	8	1257.6	1	-1	2
802	8	1383.4	1	-1	2
802	8	1192.3	1	-1	2
802	8	1326.5	1	-1	2
802	8	1187.1	1	-1	2
802	8	1349.9	1	-1	2
802	8	1028.7	1	-1	2
802	8	1509.6	1	-1	2
802	8	1022.7	1	-1	2
802	8	987.12	1	-1	2
802	8	1363.6	1	-1	2
802	8	1089	1	-1	2
802	8	1068.3	1	-1	2
802	8	1168.4	1	-1	2
802	8	1117.4	1	-1	2
802	8	1001.7	1	-1	2
802	8	988.22	1	-1	2
802	8	1208.9	1	-1	2
802	8	1161.8	1	-1	2
802	8	1085	1	-1	2
802	8	1165	1	-1	2
802	8	1186.4	1	-1	2
802	8	1182.2	1	-1	2
802	8	1166.2	1	-1	2
802	8	1020.3	1	-1	2
802	8	1096.7	1	-1	2
802	8	3226.8	1	-1	1
802	8	2788.2	1	-1	1
802	8	1553.9	1	-1	1
802	8	4143.1	1	-1	1
802	8	1224.7	1	-1	1
802	8	3669.5	1	-1	1
802	8	2968.9	1	-1	1
802	8	2165.1	1	-1	1
802	8	3272.6	1	-1	1
802	8	2336.8	1	-1	1
802	8	923.55	1	-1	1
802	8	862.3	1	-1	1
802	8	992.97	1	-1	1
802	8	1152.5	1	-1	1
802	8	1612.5	1	-1	1
802	8	3257.6	0	-1	1
802	8	2917.6	1	-1	1
802	8	2748.1	1	-1	1
802	8	2357.3	0	-1	1
802	8	3376.8	1	-1	1
802	8	4282.8	1	-1	1
802	8	2856.4	1	-1	1
802	8	1473.5	1	-1	1
802	8	1495.3	1	-1	1
802	8	1889.6	1	-1	1
802	8	1373.1	1	-1	1
802	8	1135.7	1	-1	1
802	8	1322.1	1	-1	1
802	8	1760.5	1	-1	1
802	8	1616.9	1	-1	1
802	8	978.42	0	-1	1
802	8	1055.6	1	-1	1
802	8	2712.3	0	-1	1
802	8	2719.1	1	-1	1
802	8	1954.6	1	-1	1
802	8	2387	1	-1	1
802	8	3015.6	1	-1	1
802	8	2184.9	1	-1	1
802	8	1947	1	-1	1
802	8	1775.1	1	-1	1
802	8	1556.2	1	-1	1
802	8	1377.8	1	-1	1
802	8	1994.7	1	-1	1
802	8	2371.1	1	-1	1
802	8	1049.3	1	-1	1
802	8	1459.2	1	-1	1
802	8	1597.2	1	-1	1
802	8	1353.1	1	-1	1
802	8	1862.2	1	-1	1
802	8	1669.4	1	-1	1
802	8	1925.8	0	-1	1
802	8	2734.5	1	-1	1
802	8	2018.6	1	-1	1
802	8	2180.5	1	-1	1
802	8	1831.2	1	-1	1
802	8	1864.9	1	-1	1
802	8	1993.3	1	-1	1
802	8	1147.2	1	-1	1
802	8	1873.4	1	-1	1
802	8	2045.1	1	-1	1
802	8	2072.9	1	-1	1
802	8	2994.4	1	-1	1
802	8	1694.9	1	-1	1
802	8	1900.3	1	-1	1
802	8	1774.4	1	-1	1
802	8	1882	1	-1	1
802	8	1339.9	1	-1	1
802	8	1667.8	1	-1	1
802	8	2226.7	1	-1	1
802	8	2174.1	1	-1	1
802	8	1927.5	1	-1	1
802	8	2687.6	1	-1	1
802	8	2177.1	1	-1	1
802	8	1570	1	-1	1
802	8	3167.1	1	-1	1
802	8	1565.7	1	-1	1
802	8	1615.9	1	-1	1
802	8	1077.7	1	-1	1
802	8	1137.9	1	-1	1
802	8	1320.7	1	-1	1
802	8	1559.4	1	-1	1
802	8	1060.2	1	-1	1
802	8	1246.5	1	-1	1
802	8	1350.6	1	-1	1
802	8	1615	1	-1	1
802	8	1878.9	1	-1	1
802	8	1064.1	1	-1	1
802	8	1056.6	1	-1	1
802	8	1019.1	1	-1	1
802	8	1542.8	1	-1	1
802	8	1233.1	1	-1	1
802	8	968.1	1	-1	1
802	8	1539.8	1	-1	1
802	8	1427.5	1	-1	1
802	8	1220.8	1	-1	1
802	8	1464	1	-1	1
802	8	1284.8	1	-1	1
802	8	1279.2	1	-1	1
802	8	1291.6	1	-1	1
802	8	1525.3	1	-1	1
802	8	1184.8	1	-1	1
802	8	1247	1	-1	1
802	8	1257.4	1	-1	1
802	8	1069.2	1	-1	1
802	8	1249.4	1	-1	1
802	8	1568.7	1	-1	1
802	8	1190.9	1	-1	1
802	8	1401.2	1	-1	1
802	8	1318.9	1	-1	1
802	8	1074	1	-1	1
802	8	1404.5	1	-1	1
802	8	1205.4	1	-1	1
802	8	1089.2	1	-1	1
802	8	1212	1	-1	1
802	8	1366.9	1	-1	1
802	8	1231	1	-1	1
802	8	1485.3	1	-1	1
802	8	1166.6	1	-1	1
802	8	1088.2	1	-1	1
802	8	1393.3	1	-1	1
802	8	1236	1	-1	1
802	8	1091.6	1	-1	1
802	8	1102.9	1	-1	1
802	8	1373.9	1	-1	1
802	8	1540.8	1	-1	1
802	8	1833.4	1	-1	1
802	8	1365.8	1	-1	1
802	8	1632	1	-1	1
802	8	1525.7	1	-1	1
802	8	1191.7	1	-1	1
802	8	2003	1	-1	1
802	8	1367.7	1	-1	1
802	8	1292.3	1	-1	1
802	8	1670.5	1	-1	1
802	8	2086.1	1	-1	1
802	8	3671.8	1	-1	1
802	8	1602.3	1	-1	1
802	8	1668	1	-1	1
802	8	1429.5	1	-1	1
802	8	1352.2	1	-1	1
802	8	2731.8	1	-1	1
802	8	1546.9	1	-1	1
802	8	1735	1	-1	1
802	8	1815.4	1	-1	1
802	8	1466.8	1	-1	1
802	8	1905.6	1	-1	1
802	8	1831.9	1	-1	1
802	8	1251.3	1	-1	1
802	8	1300.8	1	-1	1
802	8	1158.5	1	-1	1
802	8	1247.6	1	-1	1
802	8	2051.1	1	-1	1
802	8	1160.1	1	-1	1
802	8	1302.9	1	-1	1
802	8	1216.8	1	-1	1
802	8	1423.6	1	-1	1
802	8	1333.6	1	-1	1
802	8	1232	1	-1	1
802	8	1578.1	1	-1	1
802	8	1460	1	-1	1
802	8	1408.2	1	-1	1
802	8	1361.8	1	-1	1
802	8	1563.9	1	-1	1
802	8	1115.8	1	-1	1
802	8	1204.3	1	-1	1
802	8	1603.3	1	-1	1
802	8	1556.9	1	-1	1
802	8	1485.2	1	-1	1
802	8	1671.5	1	-1	1
802	8	1343.4	1	-1	1
802	8	1600.6	1	-1	1
802	8	1651	1	-1	1
802	8	1552.2	1	-1	1
802	8	983.7	1	-1	1
802	8	1336.4	1	-1	1
802	8	2833.9	0	-1	1
802	8	1744.8	1	-1	1
802	8	1440.9	1	-1	1
802	8	1673.2	1	-1	1
802	8	1551.1	1	-1	1
802	8	1646.3	1	-1	1
802	8	1659.2	1	-1	1
802	8	1292.1	1	-1	1
802	8	1410	1	-1	1
802	8	1671.9	1	-1	1
802	8	1311.4	1	-1	1
802	8	1300.6	1	-1	1
802	8	1099.3	1	-1	1
802	8	1429.6	1	-1	1
802	8	1746.9	1	-1	1
802	8	1717.3	1	-1	1
802	8	1249.3	1	-1	1
802	8	1422.2	1	-1	1
802	8	1182.3	1	-1	1
802	8	1381.5	1	-1	1
802	8	1328	1	-1	1
802	8	1043.6	1	-1	1
802	8	1633.3	1	-1	1
802	8	1356	1	-1	1
802	8	1462.5	1	-1	1
802	8	1541.5	1	-1	1
802	8	1268.4	1	-1	1
802	8	1227.2	1	-1	1
802	8	1081.6	1	-1	1
802	8	1063.3	1	-1	1
802	8	1100.6	1	-1	1
802	8	1142.8	1	-1	1
802	8	1147.7	1	-1	1
802	8	1221.2	1	-1	1
802	8	1181.1	1	-1	1
802	8	1219.4	1	-1	1
802	8	1899.9	1	-1	1
802	8	1364.7	1	-1	1
802	8	2228.6	1	-1	1
802	8	1178.7	1	-1	1
802	8	3449.6	1	-1	1
802	8	1063.8	1	-1	1
802	8	1381.6	1	-1	1
802	8	1848.3	1	-1	1
802	8	1528.8	1	-1	1
802	8	1002.2	1	-1	1
802	8	1425.2	1	-1	1
802	8	1558.1	1	-1	1
802	8	1548.3	1	-1	1
802	8	1257.6	1	-1	1
802	8	1811.4	1	-1	1
802	8	1327.2	1	-1	1
802	8	1679.1	1	-1	1
802	8	1630.6	1	-1	1
802	8	2533.3	1	-1	1
802	8	1470.3	1	-1	1
802	8	1672.2	1	-1	1
802	8	2248.7	1	-1	1
802	8	1286.9	1	-1	1
802	8	1749.6	1	-1	1
802	8	1221.1	1	-1	1
802	8	1230.4	1	-1	1
802	8	1190.3	1	-1	1
802	8	1731.2	1	-1	1
802	8	1995.7	1	-1	1
802	8	1097.3	1	-1	1
802	8	1098.2	1	-1	1
802	8	3772.1	1	-1	1
802	8	1173.9	1	-1	1
802	8	1274.5	1	-1	1
802	8	1547.2	1	-1	1
802	8	1325.1	1	-1	1
802	8	1137.1	1	-1	1
802	8	1998.7	1	-1	1
802	8	1238.5	1	-1	1
802	8	1668.1	1	-1	1
802	8	1485.6	1	-1	1
802	8	1099.6	1	-1	1
802	8	1423.2	1	-1	1
802	8	2094	1	-1	1
802	8	1338.8	1	-1	1
802	8	1471.7	1	-1	1
802	8	1646	1	-1	1
802	8	1382.6	1	-1	1
802	8	1532.7	1	-1	1
802	8	1194	1	-1	1
802	8	1929.4	1	-1	1
802	8	1311.6	1	-1	1
802	8	1494.8	1	-1	1
802	8	3100.9	0	-1	1
802	8	1193	1	-1	1
802	8	1111.3	1	-1	1
802	8	1001.7	1	-1	1
802	8	1114.4	1	-1	1
802	8	1448.6	1	-1	1
802	8	1318.3	1	-1	1
802	8	1173.9	1	-1	1
802	8	1254.1	1	-1	1
802	8	1207.5	1	-1	1
802	8	1052.9	1	-1	1
802	8	1093.3	1	-1	1
802	8	1276.4	1	-1	1
802	8	1018.1	1	-1	1
802	8	1074.1	1	-1	1
802	8	1116.8	1	-1	1
802	8	1164.9	1	-1	1
802	8	1599.8	1	-1	1
802	8	1234.5	1	-1	1
802	8	1238.6	1	-1	1
802	8	1420.9	1	-1	1
802	8	1845	1	-1	1
802	8	1025.5	1	-1	1
802	8	1197.9	1	-1	1
802	8	1018.9	1	-1	1
802	8	2638.9	0	-1	1
802	8	1899.8	1	-1	1
802	8	1296.9	1	-1	1
802	8	1014.9	1	-1	1
802	8	1587.2	1	-1	1
802	8	1000.6	1	-1	1
802	8	925.18	1	-1	1
802	8	1197.5	1	-1	1
802	8	1217.6	1	-1	1
802	8	1225.8	1	-1	1
802	8	1460.9	1	-1	1
802	8	1454.4	1	-1	1
802	8	1038.5	1	-1	1
802	8	1233.1	1	-1	1
802	8	1293.6	1	-1	1
802	8	1349.6	1	-1	1
802	8	1187.7	1	-1	1
802	8	1248.8	1	-1	1
802	8	1242.9	1	-1	1
802	8	1129.9	1	-1	1
802	8	1032.9	1	-1	1
802	8	1043.2	1	-1	1
802	8	1327.9	1	-1	1
802	8	1086.8	1	-1	1
802	8	1184.9	1	-1	1
802	8	1682.8	1	-1	1
802	8	991.79	1	-1	1
802	8	1159.5	1	-1	1
802	8	1200.1	1	-1	1
802	8	1192.4	1	-1	1
802	8	1068.3	1	-1	1
802	8	1032	1	-1	1
802	8	1231	1	-1	1
802	8	1148.2	1	-1	1
802	8	1049	1	-1	1
802	8	1312.2	1	-1	1
802	8	1160.3	1	-1	1
802	8	1124.8	1	-1	1
802	8	1146.2	1	-1	1
802	8	1014.2	1	-1	1
802	8	1050	1	-1	1
802	8	930.37	1	-1	1
802	8	1070.3	1	-1	1
802	8	1108.6	1	-1	1
802	8	1304.3	1	-1	1
802	8	1120.6	1	-1	1
802	8	1044.9	1	-1	1
802	8	983.83	1	-1	1
802	8	1123.4	1	-1	1
802	8	1041	1	-1	1
802	8	1014.8	1	-1	1
802	8	962.86	1	-1	1
802	8	828.87	1	-1	1
802	8	1052.8	1	-1	1
802	8	1056.4	1	-1	1
802	8	1087.2	1	-1	1
802	8	1048.6	1	-1	1
802	8	1299.7	1	-1	1
802	8	1023.8	1	-1	1
802	8	1446.4	1	-1	1
802	8	2052.3	1	-1	-1
802	8	2816.7	1	-1	-1
802	8	1752.1	1	-1	-1
802	8	2945.5	1	-1	-1
802	8	2113.5	1	-1	-1
802	8	2956.3	1	-1	-1
802	8	3296	1	-1	-1
802	8	1825.4	1	-1	-1
802	8	2311.6	1	-1	-1
802	8	2795.1	1	-1	-1
802	8	3643.4	1	-1	-1
802	8	908.57	1	-1	-1
802	8	1161.7	0	-1	-1
802	8	2039.1	1	-1	-1
802	8	2559.9	1	-1	-1
802	8	2252.1	1	-1	-1
802	8	2796.8	1	-1	-1
802	8	1945.4	1	-1	-1
802	8	1828.5	1	-1	-1
802	8	2205.8	1	-1	-1
802	8	2403.1	0	-1	-1
802	8	1001.3	0	-1	-1
802	8	1044.1	1	-1	-1
802	8	1498.3	1	-1	-1
802	8	1113.3	1	-1	-1
802	8	1696	1	-1	-1
802	8	1886.3	1	-1	-1
802	8	2349.1	1	-1	-1
802	8	1827.6	1	-1	-1
802	8	1207.6	1	-1	-1
802	8	1160.7	1	-1	-1
802	8	1604.5	1	-1	-1
802	8	1130.1	1	-1	-1
802	8	1097.2	1	-1	-1
802	8	1043.2	1	-1	-1
802	8	1440.7	1	-1	-1
802	8	1386.3	1	-1	-1
802	8	2328.1	1	-1	-1
802	8	2475	1	-1	-1
802	8	1943.8	1	-1	-1
802	8	1662.9	1	-1	-1
802	8	930.93	1	-1	-1
802	8	1724.6	1	-1	-1
802	8	2369.6	1	-1	-1
802	8	890.89	1	-1	-1
802	8	1512.8	1	-1	-1
802	8	1306.8	0	-1	-1
802	8	962.93	1	-1	-1
802	8	1499.2	1	-1	-1
802	8	2289.5	1	-1	-1
802	8	1456.2	1	-1	-1
802	8	1233.8	1	-1	-1
802	8	1878.9	1	-1	-1
802	8	1638.3	1	-1	-1
802	8	1278.1	1	-1	-1
802	8	1260.5	1	-1	-1
802	8	1098.2	1	-1	-1
802	8	1631.5	1	-1	-1
802	8	992.91	1	-1	-1
802	8	1400	1	-1	-1
802	8	1572.6	1	-1	-1
802	8	1958.8	1	-1	-1
802	8	1579.4	1	-1	-1
802	8	1785.2	1	-1	-1
802	8	2240.4	1	-1	-1
802	8	1918.8	1	-1	-1
802	8	1312.7	1	-1	-1
802	8	1770	1	-1	-1
802	8	1551.5	1	-1	-1
802	8	1908.3	1	-1	-1
802	8	1564.1	1	-1	-1
802	8	1586.7	1	-1	-1
802	8	1627.4	1	-1	-1
802	8	1319	1	-1	-1
802	8	1840.6	1	-1	-1
802	8	1670.8	1	-1	-1
802	8	1544.4	1	-1	-1
802	8	1966.6	1	-1	-1
802	8	1315.4	1	-1	-1
802	8	1227.7	1	-1	-1
802	8	1264.2	1	-1	-1
802	8	1131	1	-1	-1
802	8	1223.7	1	-1	-1
802	8	933.49	1	-1	-1
802	8	1195.1	1	-1	-1
802	8	1028.5	1	-1	-1
802	8	1088.9	1	-1	-1
802	8	1109.7	1	-1	-1
802	8	1170.6	1	-1	-1
802	8	1162.7	1	-1	-1
802	8	1163.9	1	-1	-1
802	8	1235.8	1	-1	-1
802	8	1345.6	1	-1	-1
802	8	1366.8	1	-1	-1
802	8	1048.7	1	-1	-1
802	8	1157.8	1	-1	-1
802	8	1014.1	1	-1	-1
802	8	1098.2	1	-1	-1
802	8	1460.1	1	-1	-1
802	8	1278.1	1	-1	-1
802	8	1119.1	1	-1	-1
802	8	1152.9	1	-1	-1
802	8	1167.2	1	-1	-1
802	8	1339.4	1	-1	-1
802	8	1401.7	1	-1	-1
802	8	1128.7	1	-1	-1
802	8	1179.6	1	-1	-1
802	8	1067.2	1	-1	-1
802	8	1458.4	1	-1	-1
802	8	1335.6	1	-1	-1
802	8	1265.5	1	-1	-1
802	8	1133.1	1	-1	-1
802	8	1237.8	1	-1	-1
802	8	1286.2	1	-1	-1
802	8	1257.3	1	-1	-1
802	8	1128.3	1	-1	-1
802	8	1238.7	1	-1	-1
802	8	1574.1	1	-1	-1
802	8	1217.1	1	-1	-1
802	8	975.12	1	-1	-1
802	8	1353.2	1	-1	-1
802	8	1044.2	1	-1	-1
802	8	1204.6	1	-1	-1
802	8	1198.8	1	-1	-1
802	8	1123.7	1	-1	-1
802	8	1388.1	1	-1	-1
802	8	1314.6	1	-1	-1
802	8	1259.2	1	-1	-1
802	8	1205	1	-1	-1
802	8	1101.7	1	-1	-1
802	8	1308	1	-1	-1
802	8	1095.6	1	-1	-1
802	8	1253.5	1	-1	-1
802	8	1230.1	1	-1	-1
802	8	1189.2	1	-1	-1
802	8	1192.5	1	-1	-1
802	8	1254.8	1	-1	-1
802	8	1252.8	1	-1	-1
802	8	1334.1	1	-1	-1
802	8	1143.9	1	-1	-1
802	8	1380.9	1	-1	-1
802	8	1141.9	1	-1	-1
802	8	1117.8	1	-1	-1
802	8	1242.6	1	-1	-1
802	8	1134.9	1	-1	-1
802	8	1073.2	1	-1	-1
802	8	1202.2	1	-1	-1
802	8	1383	1	-1	-1
802	8	1057.9	1	-1	-1
802	8	1056	1	-1	-1
802	8	1120.1	1	-1	-1
802	8	1366.8	1	-1	-1
802	8	1254	1	-1	-1
802	8	1139.4	1	-1	-1
802	8	1232.5	1	-1	-1
802	8	1182.8	1	-1	-1
802	8	1015.8	1	-1	-1
802	8	1089.8	1	-1	-1
802	8	1368.5	1	-1	-1
802	8	1044.8	1	-1	-1
802	8	1077	1	-1	-1
802	8	1197	1	-1	-1
802	8	953.76	1	-1	-1
802	8	1065.9	1	-1	-1
802	8	1196.9	1	-1	-1
802	8	1024.3	1	-1	-1
802	8	1224.7	1	-1	-1
802	8	1064.9	1	-1	-1
802	8	1130.6	1	-1	-1
802	8	1029.3	1	-1	-1
802	8	1013.5	1	-1	-1
802	8	995.8	1	-1	-1
802	8	981.12	1	-1	-1
802	8	1068.9	1	-1	-1
802	8	1039.1	1	-1	-1
802	8	1189	1	-1	-1
802	8	987.86	1	-1	-1
802	8	1038.8	1	-1	-1
802	8	1471.1	1	-1	-1
802	8	1620.7	1	-1	-1
802	8	1501.4	1	-1	-1
802	8	1228.1	1	-1	-1
802	8	989.42	1	-1	-1
802	8	1014.3	1	-1	-1
802	8	1293.1	1	-1	-1
802	8	1121.3	1	-1	-1
802	8	1420.7	1	-1	-1
802	8	1122.5	1	-1	-1
802	8	957.49	1	-1	-1
802	8	1253.4	1	-1	-1
802	8	1203.5	1	-1	-1
802	8	1233.3	1	-1	-1
802	8	1039.3	1	-1	-1
802	8	1046.7	1	-1	-1
802	8	877.72	1	-1	-1
802	8	895.55	1	-1	-1
802	8	985.2	1	-1	-1
802	8	1051.2	1	-1	-1
802	8	1301.5	1	-1	-1
802	8	1241.4	1	-1	-1
802	8	1202.7	1	-1	-1
802	8	955.18	1	-1	-1
802	8	1308.8	1	-1	-1
802	8	1097.8	1	-1	-1
802	8	1034.6	1	-1	-1
802	8	1077.4	1	-1	-1
802	8	1003.9	1	-1	-1
802	8	1207.8	1	-1	-1
802	8	1288.2	1	-1	-1
802	8	1626.9	1	-1	-1
802	8	1100.1	1	-1	-1
802	8	1322.2	1	-1	-1
802	8	1225.2	1	-1	-1
802	8	1175.5	1	-1	-1
802	8	1474	1	-1	-1
802	8	1583.1	1	-1	-1
802	8	1550	1	-1	-1
802	8	1239.1	1	-1	-1
802	8	1462.7	1	-1	-1
802	8	1439.1	1	-1	-1
802	8	1085.1	1	-1	-1
802	8	1081.7	1	-1	-1
802	8	1523.7	1	-1	-1
802	8	1615.2	1	-1	-1
802	8	1194.2	1	-1	-1
802	8	1030.8	1	-1	-1
802	8	1361.8	1	-1	-1
802	8	1370.1	1	-1	-1
802	8	1295	1	-1	-1
802	8	1448.6	1	-1	-1
802	8	1202.1	1	-1	-1
802	8	1283.2	1	-1	-1
802	8	1294.6	1	-1	-1
802	8	1262.1	1	-1	-1
802	8	1635.1	1	-1	-1
802	8	1371.3	1	-1	-1
802	8	1150.5	1	-1	-1
802	8	1146.2	1	-1	-1
802	8	1055.7	1	-1	-1
802	8	1181.3	1	-1	-1
802	8	1344.4	1	-1	-1
802	8	1193.7	1	-1	-1
802	8	1068.8	1	-1	-1
802	8	1022.3	1	-1	-1
802	8	1368.5	1	-1	-1
802	8	1154.4	1	-1	-1
802	8	1207.5	1	-1	-1
802	8	1255	1	-1	-1
802	8	1135.6	1	-1	-1
802	8	1039.7	1	-1	-1
802	8	1187.9	1	-1	-1
802	8	1414.4	1	-1	-1
802	8	1428.8	1	-1	-1
802	8	1830.3	1	-1	-1
802	8	1384.3	1	-1	-1
802	8	1194.1	1	-1	-1
802	8	1042.1	1	-1	-1
802	8	1462.3	1	-1	-1
802	8	1199.9	1	-1	-1
802	8	1213.5	1	-1	-1
802	8	1136.3	1	-1	-1
802	8	1107.7	1	-1	-1
802	8	1649.6	1	-1	-1
802	8	1263.2	1	-1	-1
802	8	1009.9	1	-1	-1
802	8	1766.9	1	-1	-1
802	8	1193.9	1	-1	-1
802	8	938.42	1	-1	-1
802	8	1042	1	-1	-1
802	8	1131	1	-1	-1
802	8	1364.1	1	-1	-1
802	8	1450	1	-1	-1
802	8	1045.9	1	-1	-1
802	8	1110.1	1	-1	-1
802	8	1110.4	1	-1	-1
802	8	1170	1	-1	-1
802	8	1341.9	1	-1	-1
802	8	1255	1	-1	-1
802	8	967.05	1	-1	-1
802	8	1269.4	1	-1	-1
802	8	1124.8	1	-1	-1
802	8	1276	1	-1	-1
802	8	1241.2	1	-1	-1
802	8	1268.4	1	-1	-1
802	8	1233.3	1	-1	-1
802	8	1349.4	1	-1	-1
802	8	938.28	1	-1	-1
802	8	1041.3	1	-1	-1
802	8	1285.4	1	-1	-1
802	8	1154.6	1	-1	-1
802	8	1085.8	1	-1	-1
802	8	994.19	1	-1	-1
802	8	1097.4	1	-1	-1
802	8	1333.7	1	-1	-1
802	8	936.39	1	-1	-1
802	8	1095.4	1	-1	-1
802	8	958.75	1	-1	-1
802	8	959.53	1	-1	-1
802	8	863.57	1	-1	-1
802	8	994.03	1	-1	-1
802	8	1480.1	1	-1	-1
802	8	1138.9	1	-1	-1
802	8	1303.4	1	-1	-1
802	8	1365.6	1	-1	-1
802	8	1524.5	1	-1	-1
802	8	1077.3	1	-1	-1
802	8	1211.1	1	-1	-1
802	8	1306.2	1	-1	-1
802	8	1056.3	1	-1	-1
802	8	1085.3	1	-1	-1
802	8	1060.1	1	-1	-1
802	8	1057.6	1	-1	-1
802	8	1078.2	1	-1	-1
802	8	1113.3	1	-1	-1
802	8	1323.1	1	-1	-1
802	8	1036.7	1	-1	-1
802	8	1241.3	1	-1	-1
802	8	1057.6	1	-1	-1
802	8	966.95	1	-1	-1
802	8	1174.9	1	-1	-1
802	8	2269	1	-1	-1
802	8	1343.3	1	-1	-1
802	8	1035.8	1	-1	-1
802	8	1130.5	1	-1	-1
802	8	1218.4	1	-1	-1
802	8	1187	1	-1	-1
802	8	1059.5	1	-1	-1
802	8	1178.5	1	-1	-1
802	8	976.68	1	-1	-1
802	8	1009.7	1	-1	-1
802	8	910.96	1	-1	-1
802	8	1230.9	1	-1	-1
802	8	1011.5	1	-1	-1
802	8	1046.4	1	-1	-1
802	8	1030.7	1	-1	-1
802	8	1222.9	1	-1	-1
802	8	1051.7	1	-1	-1
802	8	1063.1	1	-1	-1
802	8	1105	1	-1	-1
802	8	976.47	1	-1	-1
802	8	1030	1	-1	-1
802	8	1101.5	1	-1	-1
802	8	1022.8	1	-1	-1
802	8	1042.9	1	-1	-1
802	8	1218.7	1	-1	-1
802	8	1208.4	1	-1	-1
802	8	1415.7	1	-1	-1
802	8	1044.6	1	-1	-1
802	8	1254.3	1	-1	-1
802	8	968.93	1	-1	-1
