506	5	1607.1	1	2	2
506	5	1324.8	1	2	2
506	5	1393.5	1	2	2
506	5	1238.1	1	2	2
506	5	1752.7	1	2	2
506	5	1404.6	1	2	2
506	5	1277.4	1	2	2
506	5	1533.7	1	2	2
506	5	1337.4	1	2	2
506	5	1936.2	1	2	2
506	5	1404.6	1	2	2
506	5	899.15	1	2	2
506	5	2042.7	0	2	2
506	5	1465.5	1	2	2
506	5	1659.1	1	2	2
506	5	1605.8	0	2	2
506	5	1661.5	0	2	2
506	5	1335.2	1	2	2
506	5	1162.6	1	2	2
506	5	1513.8	1	2	2
506	5	1047.5	1	2	2
506	5	505.12	1	2	2
506	5	1312.2	0	2	2
506	5	1277.1	1	2	2
506	5	1425.8	0	2	2
506	5	1084.5	0	2	2
506	5	2023	1	2	2
506	5	2005.8	0	2	2
506	5	1638.1	1	2	2
506	5	1765.8	1	2	2
506	5	987.38	1	2	2
506	5	1377.5	0	2	2
506	5	1100	1	2	2
506	5	1882.4	1	2	2
506	5	1295.5	1	2	2
506	5	1384.1	1	2	2
506	5	1569.8	1	2	2
506	5	2050	1	2	2
506	5	1544.3	1	2	2
506	5	1766.3	1	2	2
506	5	1118.4	1	2	2
506	5	1275	1	2	2
506	5	1324.7	1	2	2
506	5	1434.9	1	2	2
506	5	1684.1	1	2	2
506	5	1135.6	1	2	2
506	5	1607.8	1	2	2
506	5	1442.9	1	2	2
506	5	839.37	1	2	2
506	5	1318	1	2	2
506	5	838.35	1	2	2
506	5	1022.9	1	2	2
506	5	833.63	0	2	2
506	5	1884.3	1	2	2
506	5	1257	1	2	2
506	5	1483.6	1	2	2
506	5	1134.4	1	2	2
506	5	1160.7	1	2	2
506	5	1279	1	2	2
506	5	1147	1	2	2
506	5	1131.7	1	2	2
506	5	1138.7	1	2	2
506	5	881.53	1	2	2
506	5	855.56	1	2	2
506	5	728.9	1	2	2
506	5	949.11	1	2	2
506	5	795.84	1	2	2
506	5	1352	1	2	2
506	5	754.48	1	2	2
506	5	1069.8	1	2	2
506	5	941.53	1	2	2
506	5	735.22	1	2	2
506	5	1230.3	1	2	2
506	5	1402.1	1	2	2
506	5	1143.6	1	2	2
506	5	819.67	1	2	2
506	5	1004.7	1	2	2
506	5	914.73	1	2	2
506	5	736.38	1	2	2
506	5	789.26	1	2	2
506	5	811.56	1	2	2
506	5	1093.6	1	2	2
506	5	1001	1	2	2
506	5	880.57	1	2	2
506	5	1303.5	1	2	2
506	5	1121.3	1	2	2
506	5	1019.6	1	2	2
506	5	1408.8	1	2	2
506	5	1145.1	1	2	2
506	5	1183.4	1	2	2
506	5	1206.4	1	2	2
506	5	1560.8	1	2	2
506	5	949.82	1	2	2
506	5	1365.3	1	2	2
506	5	800.5	1	2	2
506	5	992.14	1	2	2
506	5	785.61	1	2	2
506	5	896.91	1	2	2
506	5	600.1	1	2	2
506	5	953.6	1	2	2
506	5	934.48	1	2	2
506	5	880.78	1	2	2
506	5	1281.5	1	2	2
506	5	940.58	1	2	2
506	5	1046.5	1	2	2
506	5	854.86	1	2	2
506	5	1471.5	1	2	2
506	5	1231.4	1	2	2
506	5	795.12	1	2	2
506	5	1111.9	1	2	2
506	5	1341.5	1	2	2
506	5	1269.2	1	2	2
506	5	1462	1	2	2
506	5	1051.7	1	2	2
506	5	1798.4	1	2	2
506	5	1170.8	1	2	2
506	5	1042.6	1	2	2
506	5	1462.6	1	2	2
506	5	1234	1	2	2
506	5	899.28	1	2	2
506	5	936.72	1	2	2
506	5	840.27	1	2	2
506	5	925.18	1	2	2
506	5	886.5	1	2	2
506	5	881.75	1	2	2
506	5	1087.3	1	2	2
506	5	1058.4	1	2	2
506	5	965.63	1	2	2
506	5	1227.8	1	2	2
506	5	1059.8	1	2	2
506	5	1029.6	1	2	2
506	5	1200.7	1	2	2
506	5	1128.3	1	2	2
506	5	1778.5	1	2	2
506	5	1421.1	1	2	2
506	5	1551.8	1	2	2
506	5	1157.9	1	2	2
506	5	1225.3	1	2	2
506	5	1335.1	1	2	2
506	5	1464.8	1	2	2
506	5	1346	1	2	2
506	5	1274.3	1	2	2
506	5	1243	1	2	2
506	5	1057.4	1	2	2
506	5	1016.7	1	2	2
506	5	1271.6	1	2	2
506	5	923.39	1	2	2
506	5	792.91	1	2	2
506	5	1399.5	1	2	2
506	5	1000.8	1	2	2
506	5	1165	1	2	2
506	5	1202.7	1	2	2
506	5	957.29	1	2	2
506	5	1258.4	1	2	2
506	5	969.63	1	2	2
506	5	1141.2	1	2	2
506	5	817.07	1	2	2
506	5	1011.3	1	2	2
506	5	706.75	1	2	2
506	5	837.05	1	2	2
506	5	881.65	1	2	2
506	5	724.25	1	2	2
506	5	717.25	1	2	2
506	5	1179.6	1	2	2
506	5	796.96	1	2	2
506	5	854.88	1	2	2
506	5	877.82	1	2	2
506	5	803.74	1	2	2
506	5	698.18	1	2	2
506	5	732.8	1	2	2
506	5	933.05	1	2	2
506	5	947.94	1	2	2
506	5	732.36	1	2	2
506	5	792.08	1	2	2
506	5	806.44	1	2	2
506	5	1233.7	1	2	2
506	5	787.58	1	2	2
506	5	820.61	1	2	2
506	5	790.01	1	2	2
506	5	910.51	1	2	2
506	5	848.66	1	2	2
506	5	1535.4	1	2	2
506	5	1235.5	1	2	2
506	5	1136.1	1	2	2
506	5	1766.1	1	2	2
506	5	1509.6	1	2	2
506	5	1353.8	1	2	2
506	5	1318	1	2	2
506	5	1512.7	1	2	2
506	5	708.44	1	2	2
506	5	1474.9	1	2	2
506	5	997.04	1	2	2
506	5	906.65	1	2	2
506	5	1632.3	1	2	2
506	5	1419	1	2	2
506	5	919.18	1	2	2
506	5	1280.8	1	2	2
506	5	1080.1	1	2	2
506	5	950.28	1	2	2
506	5	1375.7	1	2	2
506	5	1413.1	1	2	2
506	5	1153	1	2	2
506	5	987.53	1	2	2
506	5	1477.4	1	2	2
506	5	944.24	1	2	2
506	5	1351.4	1	2	2
506	5	1240.1	1	2	2
506	5	1997.7	1	2	2
506	5	1458.5	1	2	2
506	5	972.95	1	2	2
506	5	1267.7	1	2	2
506	5	1327.6	1	2	2
506	5	1155.3	1	2	2
506	5	1381.9	1	2	2
506	5	1178.7	1	2	2
506	5	1005.6	1	2	2
506	5	1919.6	1	2	2
506	5	1630.5	1	2	2
506	5	1083.9	1	2	2
506	5	977.09	1	2	2
506	5	3187	1	2	2
506	5	1982	1	2	2
506	5	2146.1	1	2	2
506	5	1956.5	1	2	2
506	5	1424.6	1	2	2
506	5	862.5	1	2	2
506	5	818.89	1	2	2
506	5	1368.6	1	2	2
506	5	1609.7	1	2	2
506	5	1781.7	1	2	2
506	5	1388.4	1	2	2
506	5	1440.3	1	2	2
506	5	992.86	1	2	2
506	5	2187.4	1	2	2
506	5	1528.3	1	2	2
506	5	2132.1	1	2	2
506	5	1704.8	1	2	2
506	5	1377.2	1	2	2
506	5	1557.7	1	2	2
506	5	1056.4	1	2	2
506	5	1012	1	2	2
506	5	1380.4	1	2	2
506	5	1352	1	2	2
506	5	908.3	1	2	2
506	5	1951.4	1	2	2
506	5	1567.6	1	2	2
506	5	1587.9	1	2	2
506	5	1580.3	1	2	2
506	5	1056	1	2	2
506	5	2271.8	1	2	2
506	5	1381.6	1	2	2
506	5	1555.2	1	2	2
506	5	1697.3	1	2	2
506	5	1970.3	1	2	2
506	5	2477.8	1	2	2
506	5	916.87	1	2	2
506	5	932.17	1	2	2
506	5	795.76	1	2	2
506	5	866.22	1	2	2
506	5	836.85	1	2	2
506	5	821.72	1	2	2
506	5	957.18	1	2	2
506	5	1169.1	1	2	2
506	5	1331.6	1	2	2
506	5	1016.2	1	2	2
506	5	1292.1	1	2	2
506	5	783.09	1	2	2
506	5	685.82	1	2	2
506	5	1104.2	1	2	2
506	5	806.43	1	2	2
506	5	981.4	1	2	2
506	5	1793.2	1	2	2
506	5	855	1	2	2
506	5	831.03	1	2	2
506	5	1302.9	1	2	2
506	5	1602.6	1	2	2
506	5	770.56	1	2	2
506	5	1950.1	1	2	2
506	5	2197.2	1	2	2
506	5	1270.9	1	2	2
506	5	1250.6	1	2	2
506	5	2679.4	1	2	2
506	5	938.27	1	2	2
506	5	805.06	1	2	2
506	5	1021.9	1	2	2
506	5	852.51	1	2	2
506	5	699.83	1	2	2
506	5	816.16	1	2	2
506	5	1156	1	2	2
506	5	923.05	1	2	2
506	5	1046.2	1	2	2
506	5	2665.2	1	2	2
506	5	703.75	1	2	2
506	5	1193.3	1	2	2
506	5	869.32	1	2	2
506	5	1033.3	1	2	2
506	5	852.28	1	2	2
506	5	1026.6	1	2	2
506	5	1092.4	1	2	2
506	5	1593.5	1	2	2
506	5	1074.3	1	2	2
506	5	1555.6	1	2	2
506	5	984.29	1	2	2
506	5	1472.9	1	2	2
506	5	1226.6	1	2	2
506	5	1190.1	1	2	2
506	5	1385.4	1	2	2
506	5	1203.8	1	2	2
506	5	1176.2	1	2	2
506	5	1310.3	1	2	2
506	5	924.55	1	2	2
506	5	1297.6	1	2	2
506	5	1322.6	1	2	2
506	5	1660.4	1	2	2
506	5	3174.7	1	2	2
506	5	1304.5	1	2	2
506	5	1138.7	1	2	2
506	5	858.56	1	2	2
506	5	1178.9	1	2	2
506	5	1221.8	1	2	2
506	5	1282.6	1	2	2
506	5	1272.4	1	2	2
506	5	873.63	1	2	2
506	5	1265	1	2	2
506	5	1028.1	1	2	2
506	5	1041.9	1	2	2
506	5	1185.8	1	2	2
506	5	1007.8	1	2	2
506	5	1035.4	1	2	2
506	5	1205.1	1	2	2
506	5	1695.4	1	2	2
506	5	1438.8	1	2	2
506	5	1103.7	1	2	2
506	5	1176.6	1	2	2
506	5	893.08	1	2	2
506	5	820.22	1	2	2
506	5	1578.5	1	2	2
506	5	768.62	1	2	2
506	5	1294	1	2	2
506	5	886.94	1	2	2
506	5	1151.8	1	2	2
506	5	1051.7	1	2	2
506	5	1174.3	1	2	2
506	5	1548.7	1	2	2
506	5	1095.8	1	2	2
506	5	838.04	1	2	2
506	5	725.17	1	2	2
506	5	650.66	1	2	2
506	5	761.02	1	2	2
506	5	1560.7	1	2	2
506	5	1616.1	1	2	2
506	5	782.72	1	2	2
506	5	901.53	1	2	2
506	5	2383.6	1	2	2
506	5	881.67	1	2	2
506	5	913.49	1	2	2
506	5	662.89	1	2	2
506	5	1522.2	1	2	1
506	5	969.64	1	2	1
506	5	1436.5	0	2	1
506	5	862.14	1	2	1
506	5	776.06	1	2	1
506	5	1320.5	1	2	1
506	5	1555	1	2	1
506	5	1569	1	2	1
506	5	1378.4	1	2	1
506	5	1498.3	1	2	1
506	5	1135.4	0	2	1
506	5	1609	0	2	1
506	5	1898.7	0	2	1
506	5	1629	1	2	1
506	5	1319.1	0	2	1
506	5	1643.1	1	2	1
506	5	1294.3	0	2	1
506	5	1389.1	0	2	1
506	5	1575.2	1	2	1
506	5	1867.5	0	2	1
506	5	1631.5	0	2	1
506	5	1136.1	0	2	1
506	5	1247.5	0	2	1
506	5	1277.2	0	2	1
506	5	1677.5	0	2	1
506	5	688.91	0	2	1
506	5	1678.3	0	2	1
506	5	1946.2	0	2	1
506	5	2382.7	0	2	1
506	5	2354.8	0	2	1
506	5	1750.4	0	2	1
506	5	1850.8	0	2	1
506	5	1462.8	0	2	1
506	5	1481.5	1	2	1
506	5	1639.8	1	2	1
506	5	2064.7	1	2	1
506	5	2449.2	0	2	1
506	5	1627	0	2	1
506	5	2524.6	1	2	1
506	5	2064.9	1	2	1
506	5	1527.9	1	2	1
506	5	1824.1	1	2	1
506	5	1581.8	0	2	1
506	5	1110.3	1	2	1
506	5	1437.9	1	2	1
506	5	1326.8	1	2	1
506	5	1374	0	2	1
506	5	1421.9	1	2	1
506	5	2168.9	1	2	1
506	5	1423.2	1	2	1
506	5	1652.4	0	2	1
506	5	1278.8	0	2	1
506	5	1452.2	0	2	1
506	5	904.15	1	2	1
506	5	1679.9	1	2	1
506	5	1541.1	1	2	1
506	5	1366.9	1	2	1
506	5	1143.3	1	2	1
506	5	1006	1	2	1
506	5	1426	1	2	1
506	5	1766.4	1	2	1
506	5	1527	1	2	1
506	5	447.99	0	2	1
506	5	1133.1	1	2	1
506	5	1340.7	1	2	1
506	5	1346.4	1	2	1
506	5	1322.6	1	2	1
506	5	1339.5	1	2	1
506	5	1505.3	1	2	1
506	5	1418.2	1	2	1
506	5	1156.9	1	2	1
506	5	1276.2	1	2	1
506	5	845.79	1	2	1
506	5	1757.9	1	2	1
506	5	1601.5	1	2	1
506	5	1324.6	1	2	1
506	5	1192.2	1	2	1
506	5	746.68	1	2	1
506	5	1252.9	1	2	1
506	5	1391	1	2	1
506	5	1926.4	1	2	1
506	5	1663.8	1	2	1
506	5	1598.1	1	2	1
506	5	1859	1	2	1
506	5	1650.5	1	2	1
506	5	1239.1	1	2	1
506	5	1180.4	1	2	1
506	5	950.98	0	2	1
506	5	1263.2	1	2	1
506	5	1183.4	1	2	1
506	5	1830.2	1	2	1
506	5	1415.6	1	2	1
506	5	1280.1	1	2	1
506	5	1501	1	2	1
506	5	1690.4	1	2	1
506	5	1371.3	1	2	1
506	5	858.65	1	2	1
506	5	1357.3	1	2	1
506	5	1491	1	2	1
506	5	1616	1	2	1
506	5	1338.4	1	2	1
506	5	1600.9	1	2	1
506	5	1096.9	1	2	1
506	5	1680.3	1	2	1
506	5	1348.9	1	2	1
506	5	1917.7	1	2	1
506	5	1464.5	1	2	1
506	5	820.78	1	2	1
506	5	1503.8	1	2	1
506	5	1499.1	1	2	1
506	5	1644.3	1	2	1
506	5	1242.2	1	2	1
506	5	1875.4	1	2	1
506	5	1655.5	1	2	1
506	5	1555.2	1	2	1
506	5	885.76	1	2	1
506	5	1651.8	1	2	1
506	5	1592.9	1	2	1
506	5	1515.8	1	2	1
506	5	1136	1	2	1
506	5	1942.6	1	2	1
506	5	1579	1	2	1
506	5	1502.6	1	2	1
506	5	1407.3	1	2	1
506	5	1452.8	1	2	1
506	5	1884.5	1	2	1
506	5	1422.9	1	2	1
506	5	1441.9	1	2	1
506	5	1795.9	1	2	1
506	5	1653.4	1	2	1
506	5	1958.3	1	2	1
506	5	1807	1	2	1
506	5	1962.6	1	2	1
506	5	1801.8	1	2	1
506	5	1815.3	1	2	1
506	5	2060	1	2	1
506	5	2051	1	2	1
506	5	1840.3	1	2	1
506	5	2097.2	1	2	1
506	5	1735.1	1	2	1
506	5	1155.3	1	2	1
506	5	1563.5	1	2	1
506	5	1434.4	1	2	1
506	5	1422.9	1	2	1
506	5	2069.4	1	2	1
506	5	1811.1	1	2	1
506	5	1443.5	1	2	1
506	5	2307.6	1	2	1
506	5	1088.2	1	2	1
506	5	1476.5	1	2	1
506	5	2020.4	1	2	1
506	5	1800.3	1	2	1
506	5	1531	1	2	1
506	5	1269	1	2	1
506	5	1680.2	1	2	1
506	5	1007.7	1	2	1
506	5	1607.6	1	2	1
506	5	932.75	1	2	1
506	5	1631.5	1	2	1
506	5	1042.3	1	2	1
506	5	1523.7	1	2	1
506	5	730.85	1	2	1
506	5	1550.9	1	2	1
506	5	1679.3	1	2	1
506	5	915.72	1	2	1
506	5	1406.5	1	2	1
506	5	1393.8	1	2	1
506	5	1269	1	2	1
506	5	1663.8	1	2	1
506	5	1034.1	1	2	1
506	5	1496.9	1	2	1
506	5	889.14	1	2	1
506	5	936.22	1	2	1
506	5	802.51	1	2	1
506	5	1570.7	1	2	1
506	5	1019.9	1	2	1
506	5	1059.2	1	2	1
506	5	809.24	1	2	1
506	5	1304.5	1	2	1
506	5	1032.3	1	2	1
506	5	1975.1	1	2	1
506	5	1307.5	1	2	1
506	5	1365.4	1	2	1
506	5	923.85	1	2	1
506	5	1794.6	1	2	1
506	5	1822.6	1	2	1
506	5	1454.5	1	2	1
506	5	1768.6	1	2	1
506	5	1727.3	1	2	1
506	5	1227.6	1	2	1
506	5	2143.2	1	2	1
506	5	1791.7	1	2	1
506	5	1537.8	1	2	1
506	5	2021.1	1	2	1
506	5	1290.6	1	2	1
506	5	1175.2	1	2	1
506	5	1034.4	1	2	1
506	5	1749.4	1	2	1
506	5	1482.4	1	2	1
506	5	1721.5	1	2	1
506	5	1720.3	1	2	1
506	5	1934.2	1	2	1
506	5	1712.7	1	2	1
506	5	1587.7	1	2	1
506	5	1883.2	1	2	1
506	5	1765.6	1	2	1
506	5	1873.4	1	2	1
506	5	1913.2	1	2	1
506	5	1722.3	1	2	1
506	5	2128	1	2	1
506	5	1462.2	1	2	1
506	5	1306.2	1	2	1
506	5	2713.1	1	2	1
506	5	1160	1	2	1
506	5	956.22	1	2	1
506	5	1612.7	1	2	1
506	5	2166.3	1	2	1
506	5	2307.3	1	2	1
506	5	1719.9	1	2	1
506	5	2205.8	1	2	1
506	5	1401.6	1	2	1
506	5	2294.1	1	2	1
506	5	1717.5	1	2	1
506	5	1693.8	1	2	1
506	5	1958.1	1	2	1
506	5	888.08	1	2	1
506	5	1493.9	1	2	1
506	5	1651.3	1	2	1
506	5	1727.6	1	2	1
506	5	1829.5	1	2	1
506	5	1675.5	1	2	1
506	5	1745.4	1	2	1
506	5	1234.5	1	2	1
506	5	1339.9	1	2	1
506	5	2176.9	1	2	1
506	5	1011.1	1	2	1
506	5	2083.7	1	2	1
506	5	2586.3	1	2	1
506	5	1525.4	1	2	1
506	5	2227.3	1	2	1
506	5	2636.7	1	2	1
506	5	1713.7	1	2	1
506	5	2001.7	1	2	1
506	5	2022.5	1	2	1
506	5	1819.9	1	2	1
506	5	2152	1	2	1
506	5	1520.5	1	2	1
506	5	2240.3	1	2	1
506	5	1851.7	1	2	1
506	5	1929.8	1	2	1
506	5	2134.9	1	2	1
506	5	2728.6	1	2	1
506	5	1839.3	1	2	1
506	5	3661.1	1	2	1
506	5	1501.1	1	2	1
506	5	2117.6	1	2	1
506	5	1159.3	1	2	1
506	5	1782.3	1	2	1
506	5	1594.2	1	2	1
506	5	792.97	1	2	1
506	5	957.17	1	2	1
506	5	744.24	1	2	1
506	5	1312.2	1	2	1
506	5	955.05	1	2	1
506	5	1685	1	2	1
506	5	1144.8	1	2	1
506	5	1519.6	1	2	1
506	5	1669.1	1	2	1
506	5	1420.4	1	2	1
506	5	1418	1	2	1
506	5	1769.1	1	2	1
506	5	1344.7	1	2	1
506	5	1998.7	1	2	1
506	5	1248.9	1	2	1
506	5	1600.4	1	2	1
506	5	1769.8	1	2	1
506	5	1232.9	1	2	1
506	5	1553.1	1	2	1
506	5	2298.2	1	2	1
506	5	1490.7	1	2	1
506	5	1900.1	1	2	1
506	5	1673.9	1	2	1
506	5	2163.1	1	2	1
506	5	1581.2	1	2	1
506	5	1803.4	1	2	1
506	5	1629.9	1	2	1
506	5	1263	1	2	1
506	5	2207.9	1	2	1
506	5	1499	1	2	1
506	5	1741.9	1	2	1
506	5	1481	1	2	1
506	5	883.97	1	2	1
506	5	879.67	1	2	1
506	5	2267.1	1	2	1
506	5	822.57	1	2	1
506	5	1399.9	1	2	1
506	5	1259.4	1	2	1
506	5	1363.5	1	2	1
506	5	1322.6	1	2	1
506	5	1814.9	1	2	1
506	5	2017.7	1	2	1
506	5	1569.6	1	2	1
506	5	1867.5	1	2	1
506	5	2577.5	1	2	1
506	5	1880.8	1	2	1
506	5	1632.3	1	2	1
506	5	1469.9	1	2	1
506	5	1464.9	1	2	1
506	5	2036.3	1	2	1
506	5	1252	1	2	1
506	5	1738.9	1	2	1
506	5	1882.2	1	2	1
506	5	1341.2	1	2	1
506	5	2657.8	1	2	1
506	5	2442.2	1	2	1
506	5	2119.7	1	2	1
506	5	1242	1	2	1
506	5	1462.1	1	2	1
506	5	1810.3	1	2	1
506	5	1329.9	1	2	1
506	5	1841.2	1	2	1
506	5	2135.3	1	2	1
506	5	1696.4	1	2	1
506	5	1647.3	1	2	1
506	5	1245.7	1	2	1
506	5	1272.2	1	2	1
506	5	1448.8	1	2	1
506	5	1679.5	1	2	1
506	5	2190.2	1	2	1
506	5	1016.4	1	2	1
506	5	2406.5	1	2	1
506	5	2445	0	2	1
506	5	1619.1	1	2	1
506	5	2547.3	1	2	1
506	5	2959.7	1	2	1
506	5	1008.5	1	2	1
506	5	1881.1	1	2	1
506	5	1376.7	1	2	1
506	5	2519.5	1	2	1
506	5	1032.4	1	2	1
506	5	1146.5	1	2	1
506	5	959.25	1	2	1
506	5	1487.9	1	2	1
506	5	1426.8	1	2	1
506	5	2891.6	1	2	1
506	5	2892.3	1	2	1
506	5	2872.5	1	2	1
506	5	896.18	1	2	1
506	5	1030.9	1	2	1
506	5	1143.5	1	2	1
506	5	1891.5	1	2	1
506	5	791.02	1	2	1
506	5	902.12	1	2	1
506	5	2620	1	2	1
506	5	850.58	1	2	1
506	5	920.4	1	2	1
506	5	1645	1	1	2
506	5	1555.3	1	1	2
506	5	1153.3	1	1	2
506	5	1311.5	1	1	2
506	5	1289.5	1	1	2
506	5	1406.1	1	1	2
506	5	1556.5	1	1	2
506	5	1394.2	1	1	2
506	5	1671.5	1	1	2
506	5	1615.7	1	1	2
506	5	1644.6	1	1	2
506	5	1530.1	1	1	2
506	5	1771.4	0	1	2
506	5	1862.1	1	1	2
506	5	1961.2	1	1	2
506	5	1779.1	1	1	2
506	5	1500.6	1	1	2
506	5	1467.2	1	1	2
506	5	1536.9	1	1	2
506	5	1665.1	1	1	2
506	5	1194.9	1	1	2
506	5	1541.5	0	1	2
506	5	1131	1	1	2
506	5	1392.2	1	1	2
506	5	1269.3	1	1	2
506	5	1747.4	1	1	2
506	5	1878.2	0	1	2
506	5	1958.3	0	1	2
506	5	1737.8	1	1	2
506	5	2292.4	1	1	2
506	5	1537.9	0	1	2
506	5	1965	0	1	2
506	5	1361.4	1	1	2
506	5	1728.5	1	1	2
506	5	1393.9	1	1	2
506	5	1467.3	1	1	2
506	5	1349.3	1	1	2
506	5	1710.3	0	1	2
506	5	1324	1	1	2
506	5	1449.4	1	1	2
506	5	2350.5	1	1	2
506	5	1702.4	1	1	2
506	5	1382.4	1	1	2
506	5	2004.7	0	1	2
506	5	1198.3	0	1	2
506	5	1230.5	1	1	2
506	5	1389.4	1	1	2
506	5	1772.3	1	1	2
506	5	1667.9	1	1	2
506	5	1598.3	1	1	2
506	5	1734.1	1	1	2
506	5	1045.1	1	1	2
506	5	976.18	0	1	2
506	5	1293.2	0	1	2
506	5	1918.3	0	1	2
506	5	1111.4	0	1	2
506	5	1016.6	1	1	2
506	5	1288.5	0	1	2
506	5	1128	1	1	2
506	5	961.91	1	1	2
506	5	1128.3	1	1	2
506	5	1334.2	1	1	2
506	5	1047.9	1	1	2
506	5	1495.4	1	1	2
506	5	1126.2	1	1	2
506	5	770.42	1	1	2
506	5	1035.1	0	1	2
506	5	1009.7	0	1	2
506	5	1631.6	1	1	2
506	5	1021.4	1	1	2
506	5	850.88	1	1	2
506	5	1112.8	1	1	2
506	5	1147.2	0	1	2
506	5	1316.8	1	1	2
506	5	1283	1	1	2
506	5	1180.9	1	1	2
506	5	1671.3	1	1	2
506	5	1349.6	1	1	2
506	5	1287.6	1	1	2
506	5	1619.9	1	1	2
506	5	1603	1	1	2
506	5	1515.1	0	1	2
506	5	1416.8	1	1	2
506	5	1728.7	1	1	2
506	5	1364.1	0	1	2
506	5	939.48	1	1	2
506	5	1248.3	1	1	2
506	5	1233.2	1	1	2
506	5	1265.6	1	1	2
506	5	1474.3	1	1	2
506	5	1778.7	1	1	2
506	5	1634.6	1	1	2
506	5	906.2	1	1	2
506	5	884.06	1	1	2
506	5	1166.4	1	1	2
506	5	1323	1	1	2
506	5	1325.1	1	1	2
506	5	1207.4	1	1	2
506	5	902.44	1	1	2
506	5	1187.2	1	1	2
506	5	1460.8	1	1	2
506	5	1695.1	1	1	2
506	5	1346	1	1	2
506	5	1381.6	1	1	2
506	5	1669	1	1	2
506	5	1342.4	1	1	2
506	5	1813.1	1	1	2
506	5	1099.8	1	1	2
506	5	1802.2	1	1	2
506	5	1429.1	1	1	2
506	5	1403.6	1	1	2
506	5	1561.6	1	1	2
506	5	1657.3	1	1	2
506	5	2348.2	1	1	2
506	5	1802.4	1	1	2
506	5	1347	1	1	2
506	5	1760.4	1	1	2
506	5	1306.7	1	1	2
506	5	1432.2	1	1	2
506	5	1701.4	1	1	2
506	5	1505	1	1	2
506	5	1900.9	1	1	2
506	5	1210.8	1	1	2
506	5	1217.5	1	1	2
506	5	1268.3	1	1	2
506	5	1705.8	1	1	2
506	5	1878.4	1	1	2
506	5	1369.6	1	1	2
506	5	1554.3	1	1	2
506	5	983.72	1	1	2
506	5	1609	1	1	2
506	5	1567	1	1	2
506	5	1451.8	1	1	2
506	5	1189.5	1	1	2
506	5	1564	1	1	2
506	5	1532.1	1	1	2
506	5	1683.7	1	1	2
506	5	1646.2	1	1	2
506	5	1147.7	1	1	2
506	5	1675.4	1	1	2
506	5	1278	1	1	2
506	5	1995.4	1	1	2
506	5	1524.5	1	1	2
506	5	1055.3	1	1	2
506	5	1895.4	1	1	2
506	5	1237	1	1	2
506	5	1246.2	1	1	2
506	5	2384.9	1	1	2
506	5	1360.7	1	1	2
506	5	1283.1	1	1	2
506	5	1791.4	1	1	2
506	5	1214.4	1	1	2
506	5	1268.6	1	1	2
506	5	1296.6	1	1	2
506	5	1471.5	1	1	2
506	5	1209.5	1	1	2
506	5	987.24	1	1	2
506	5	738.98	1	1	2
506	5	1132.1	1	1	2
506	5	1361.2	1	1	2
506	5	1146.9	1	1	2
506	5	1487.8	1	1	2
506	5	1064.2	1	1	2
506	5	905.52	1	1	2
506	5	1406.4	1	1	2
506	5	2029.7	0	1	2
506	5	992.65	1	1	2
506	5	1339	1	1	2
506	5	1219	1	1	2
506	5	880.34	1	1	2
506	5	1655.2	1	1	2
506	5	1170.7	1	1	2
506	5	916.97	1	1	2
506	5	881.1	1	1	2
506	5	1207.8	1	1	2
506	5	977.11	1	1	2
506	5	921.98	1	1	2
506	5	859.83	1	1	2
506	5	1558.7	1	1	2
506	5	985.56	1	1	2
506	5	1922.2	1	1	2
506	5	1157.2	1	1	2
506	5	1255.7	1	1	2
506	5	2189.1	1	1	2
506	5	1669.4	1	1	2
506	5	1668.8	1	1	2
506	5	1311.1	1	1	2
506	5	1423.6	1	1	2
506	5	1743.7	1	1	2
506	5	1641	1	1	2
506	5	1631.3	1	1	2
506	5	1547.6	1	1	2
506	5	1729.7	1	1	2
506	5	1194.9	1	1	2
506	5	1791.2	1	1	2
506	5	962.1	1	1	2
506	5	1192.7	1	1	2
506	5	1134.2	1	1	2
506	5	959.19	1	1	2
506	5	2078.5	1	1	2
506	5	1318.5	1	1	2
506	5	2257.6	1	1	2
506	5	1914.6	1	1	2
506	5	2269	1	1	2
506	5	1300.1	1	1	2
506	5	1303.4	1	1	2
506	5	2555.7	1	1	2
506	5	2358.4	1	1	2
506	5	1435.4	1	1	2
506	5	1039.4	1	1	2
506	5	1080.1	1	1	2
506	5	2453.4	1	1	2
506	5	938.19	1	1	2
506	5	1221.5	1	1	2
506	5	1057.4	1	1	2
506	5	1287	1	1	2
506	5	2172.1	1	1	2
506	5	1926.2	1	1	2
506	5	2155	1	1	2
506	5	2040.4	1	1	2
506	5	2405.5	1	1	2
506	5	1775.9	1	1	2
506	5	2283.2	1	1	2
506	5	1936.6	1	1	2
506	5	2257.8	1	1	2
506	5	1122.4	1	1	2
506	5	1838.5	1	1	2
506	5	1597.1	1	1	2
506	5	2542.3	0	1	2
506	5	1655.5	1	1	2
506	5	2748.3	1	1	2
506	5	1424.9	1	1	2
506	5	2218.7	1	1	2
506	5	1850.5	1	1	2
506	5	1786.3	1	1	2
506	5	1621.4	1	1	2
506	5	1562.8	1	1	2
506	5	1539.2	1	1	2
506	5	1400.4	1	1	2
506	5	1549.1	1	1	2
506	5	2105.5	1	1	2
506	5	2943.5	1	1	2
506	5	1456.2	1	1	2
506	5	1981.3	1	1	2
506	5	2300.2	1	1	2
506	5	1839.5	1	1	2
506	5	3599.9	1	1	2
506	5	2087.5	1	1	2
506	5	1610.4	1	1	2
506	5	1635.9	1	1	2
506	5	1977.6	1	1	2
506	5	2146.1	1	1	2
506	5	1954.7	1	1	2
506	5	2369.6	1	1	2
506	5	1601.2	1	1	2
506	5	1002.3	1	1	2
506	5	1193.5	1	1	2
506	5	1140.1	1	1	2
506	5	1164.2	1	1	2
506	5	914.47	1	1	2
506	5	953.03	1	1	2
506	5	1336	1	1	2
506	5	1543.8	1	1	2
506	5	1451.2	1	1	2
506	5	1093.7	1	1	2
506	5	1216.9	1	1	2
506	5	1225.7	1	1	2
506	5	1028.1	1	1	2
506	5	1405.2	1	1	2
506	5	1206.5	1	1	2
506	5	1109.1	1	1	2
506	5	900.22	1	1	2
506	5	1166.5	1	1	2
506	5	905.77	1	1	2
506	5	1298.6	1	1	2
506	5	1545	1	1	2
506	5	1928.6	1	1	2
506	5	1071.3	1	1	2
506	5	1471.2	1	1	2
506	5	1375.5	1	1	2
506	5	2230.6	1	1	2
506	5	2010.5	1	1	2
506	5	2934.7	1	1	2
506	5	1278.2	1	1	2
506	5	1671	1	1	2
506	5	1830.7	1	1	2
506	5	930.28	1	1	2
506	5	1683.9	1	1	2
506	5	1791.7	1	1	2
506	5	1891	1	1	2
506	5	1292.4	1	1	2
506	5	1311.4	1	1	2
506	5	1222.2	1	1	2
506	5	3103.2	1	1	2
506	5	1586.7	1	1	2
506	5	1200.2	1	1	2
506	5	858.01	1	1	2
506	5	1173	1	1	2
506	5	1681.2	1	1	2
506	5	2043	1	1	2
506	5	2114.6	1	1	2
506	5	1437.5	1	1	2
506	5	1312.1	1	1	2
506	5	4012	1	1	2
506	5	1315.2	1	1	2
506	5	1185.7	1	1	2
506	5	1534.6	1	1	2
506	5	1574.8	1	1	2
506	5	2131.2	1	1	2
506	5	1664.3	1	1	2
506	5	1228.8	1	1	2
506	5	4088.2	1	1	2
506	5	1276.6	1	1	2
506	5	1926	1	1	2
506	5	2071.7	1	1	2
506	5	2533.5	1	1	2
506	5	2872.6	1	1	2
506	5	1723.6	1	1	2
506	5	882.52	1	1	2
506	5	3911.8	1	1	2
506	5	2164.5	1	1	2
506	5	1208.7	1	1	2
506	5	1414.5	1	1	2
506	5	1684.8	1	1	2
506	5	1208.6	1	1	2
506	5	986.17	1	1	2
506	5	1752.5	1	1	2
506	5	2122.9	1	1	2
506	5	1400.2	1	1	2
506	5	1453.2	1	1	2
506	5	1519.7	1	1	2
506	5	1445.2	1	1	2
506	5	2224.9	1	1	2
506	5	3735.8	1	1	2
506	5	1111.4	1	1	2
506	5	1769.1	1	1	2
506	5	1294.5	1	1	2
506	5	1115.5	1	1	2
506	5	1750.8	1	1	2
506	5	1439.9	1	1	2
506	5	1646.9	1	1	2
506	5	867.91	1	1	2
506	5	1410.7	1	1	2
506	5	2040.9	1	1	2
506	5	1822	1	1	2
506	5	2655.4	1	1	2
506	5	1961.8	1	1	2
506	5	1589.5	1	1	2
506	5	1008.7	1	1	2
506	5	1188.4	1	1	2
506	5	926.58	1	1	2
506	5	1171.1	1	1	2
506	5	1124.2	1	1	2
506	5	1018.9	1	1	2
506	5	954.51	1	1	2
506	5	1751.2	1	1	2
506	5	1353	0	1	1
506	5	1372.3	0	1	1
506	5	996.34	0	1	1
506	5	1388.8	0	1	1
506	5	1441.7	1	1	1
506	5	1720.9	0	1	1
506	5	1677	0	1	1
506	5	1543.4	0	1	1
506	5	2000.9	1	1	1
506	5	1922.8	0	1	1
506	5	1232.7	0	1	1
506	5	619.37	0	1	1
506	5	1713	0	1	1
506	5	1676.8	0	1	1
506	5	2019.9	0	1	1
506	5	1448.4	0	1	1
506	5	1423.3	1	1	1
506	5	1583.3	0	1	1
506	5	1263	0	1	1
506	5	1477.3	1	1	1
506	5	1417.1	1	1	1
506	5	1057.1	0	1	1
506	5	1483.2	0	1	1
506	5	1314.5	0	1	1
506	5	1077.4	0	1	1
506	5	1275.7	1	1	1
506	5	1365.9	0	1	1
506	5	805.75	0	1	1
506	5	1044.8	0	1	1
506	5	2194.3	0	1	1
506	5	1789.1	0	1	1
506	5	528.28	0	1	1
506	5	1504.5	1	1	1
506	5	1310.8	1	1	1
506	5	1744.8	1	1	1
506	5	1335.8	1	1	1
506	5	1707.2	1	1	1
506	5	1541.4	0	1	1
506	5	1167.2	0	1	1
506	5	1725.6	1	1	1
506	5	1500.4	0	1	1
506	5	1432.9	1	1	1
506	5	1742.6	0	1	1
506	5	1485.8	1	1	1
506	5	1304.8	0	1	1
506	5	1831	0	1	1
506	5	1547.8	1	1	1
506	5	1931.2	0	1	1
506	5	1184.1	1	1	1
506	5	1465.6	0	1	1
506	5	1439.4	0	1	1
506	5	910.83	0	1	1
506	5	1181	0	1	1
506	5	1088.3	1	1	1
506	5	1063.1	1	1	1
506	5	1634.7	0	1	1
506	5	1357.4	1	1	1
506	5	1062.5	1	1	1
506	5	870.63	1	1	1
506	5	1665.6	0	1	1
506	5	1087.3	0	1	1
506	5	1503.4	1	1	1
506	5	1133.6	1	1	1
506	5	1113.2	1	1	1
506	5	1223.7	1	1	1
506	5	1570.6	1	1	1
506	5	1103.4	1	1	1
506	5	1066.7	0	1	1
506	5	1202.3	1	1	1
506	5	1168.4	1	1	1
506	5	1786.6	1	1	1
506	5	1580.4	1	1	1
506	5	1431.9	0	1	1
506	5	1546.6	1	1	1
506	5	1196.3	0	1	1
506	5	1110	0	1	1
506	5	1582	0	1	1
506	5	1123.3	1	1	1
506	5	1960.5	1	1	1
506	5	1291.2	0	1	1
506	5	1244.8	1	1	1
506	5	1044.7	0	1	1
506	5	1538	1	1	1
506	5	1152.2	1	1	1
506	5	1493.9	1	1	1
506	5	1048.6	0	1	1
506	5	1404.3	1	1	1
506	5	1818.8	1	1	1
506	5	1628.6	1	1	1
506	5	1777.2	1	1	1
506	5	1472.5	1	1	1
506	5	1741	1	1	1
506	5	1239.1	0	1	1
506	5	842.32	0	1	1
506	5	948.92	0	1	1
506	5	1753.6	1	1	1
506	5	1710.4	1	1	1
506	5	1344.2	0	1	1
506	5	1839.1	1	1	1
506	5	899.64	0	1	1
506	5	1562.1	1	1	1
506	5	1490.3	1	1	1
506	5	2184.5	1	1	1
506	5	2042.3	1	1	1
506	5	1761.7	1	1	1
506	5	1286.4	1	1	1
506	5	1984.8	1	1	1
506	5	1929.6	1	1	1
506	5	2468.9	1	1	1
506	5	2197.4	1	1	1
506	5	2110.9	1	1	1
506	5	1433.6	1	1	1
506	5	2524.6	1	1	1
506	5	2412.3	1	1	1
506	5	1848.4	0	1	1
506	5	1898.6	0	1	1
506	5	2189.9	0	1	1
506	5	2315.6	1	1	1
506	5	1976	1	1	1
506	5	1522.2	1	1	1
506	5	1876.8	0	1	1
506	5	1761.2	1	1	1
506	5	1702.7	1	1	1
506	5	1174.4	0	1	1
506	5	2257.2	0	1	1
506	5	2260.1	1	1	1
506	5	2109	1	1	1
506	5	1857.6	1	1	1
506	5	1617.3	1	1	1
506	5	1921.1	1	1	1
506	5	1168.2	0	1	1
506	5	1436.5	0	1	1
506	5	2029.9	1	1	1
506	5	2088	1	1	1
506	5	1725.8	1	1	1
506	5	1516.4	1	1	1
506	5	2548.8	0	1	1
506	5	1897.5	1	1	1
506	5	1885.3	1	1	1
506	5	2289.9	1	1	1
506	5	2232.3	1	1	1
506	5	1380.9	0	1	1
506	5	2153.7	1	1	1
506	5	2804.8	1	1	1
506	5	1356	1	1	1
506	5	2830.6	0	1	1
506	5	2652.6	0	1	1
506	5	1471.8	1	1	1
506	5	1073.6	0	1	1
506	5	1833	1	1	1
506	5	1949.6	1	1	1
506	5	1427.2	0	1	1
506	5	1523.4	1	1	1
506	5	1559.7	1	1	1
506	5	1685.6	0	1	1
506	5	1663.9	1	1	1
506	5	1642.9	1	1	1
506	5	1502.9	1	1	1
506	5	1776.6	0	1	1
506	5	1358.5	1	1	1
506	5	1485.7	1	1	1
506	5	1460	1	1	1
506	5	2294.2	1	1	1
506	5	2283	0	1	1
506	5	2109.8	1	1	1
506	5	1586.1	1	1	1
506	5	1734.3	1	1	1
506	5	1985.7	1	1	1
506	5	2483.6	0	1	1
506	5	1309.6	1	1	1
506	5	2150.3	1	1	1
506	5	2085.3	1	1	1
506	5	1712.1	1	1	1
506	5	1573.5	1	1	1
506	5	1519.9	1	1	1
506	5	1938.9	1	1	1
506	5	1836.1	1	1	1
506	5	1610.1	1	1	1
506	5	1667.7	1	1	1
506	5	2183.4	1	1	1
506	5	2343	1	1	1
506	5	1539	1	1	1
506	5	1660.1	1	1	1
506	5	2007.9	1	1	1
506	5	2112.5	1	1	1
506	5	2317.9	1	1	1
506	5	2223.5	1	1	1
506	5	2011.7	1	1	1
506	5	2020.6	1	1	1
506	5	1935.4	1	1	1
506	5	2241.6	1	1	1
506	5	2499.1	1	1	1
506	5	2458	1	1	1
506	5	1941.2	1	1	1
506	5	1673	1	1	1
506	5	1836	1	1	1
506	5	2151.9	1	1	1
506	5	2056.4	1	1	1
506	5	2199.3	1	1	1
506	5	1770.4	1	1	1
506	5	1703.5	1	1	1
506	5	2658.4	0	1	1
506	5	2644.4	1	1	1
506	5	1701.5	1	1	1
506	5	2497.9	1	1	1
506	5	1979.8	1	1	1
506	5	2080.3	1	1	1
506	5	1872	1	1	1
506	5	3072.1	1	1	1
506	5	1667.3	1	1	1
506	5	1823.4	1	1	1
506	5	1974.3	1	1	1
506	5	2357.5	1	1	1
506	5	2008.6	1	1	1
506	5	1813.2	1	1	1
506	5	2074.3	1	1	1
506	5	1989.6	1	1	1
506	5	2312.3	1	1	1
506	5	1683.6	1	1	1
506	5	2503	1	1	1
506	5	1988.5	0	1	1
506	5	1849.2	1	1	1
506	5	1898.9	1	1	1
506	5	2841.6	1	1	1
506	5	2500	1	1	1
506	5	1905.7	1	1	1
506	5	1664.1	1	1	1
506	5	2811.4	1	1	1
506	5	2279.9	1	1	1
506	5	2337.2	1	1	1
506	5	1642.4	1	1	1
506	5	1979.9	1	1	1
506	5	1719.7	1	1	1
506	5	3039.9	1	1	1
506	5	1727.1	1	1	1
506	5	1585.1	1	1	1
506	5	2061.1	1	1	1
506	5	1975	1	1	1
506	5	2304.5	1	1	1
506	5	2560.3	1	1	1
506	5	2266.9	1	1	1
506	5	2014.2	1	1	1
506	5	3233.3	1	1	1
506	5	2857	1	1	1
506	5	3078.7	1	1	1
506	5	1790.5	1	1	1
506	5	2731.6	1	1	1
506	5	3113.4	1	1	1
506	5	1670.5	1	1	1
506	5	2325.4	1	1	1
506	5	2418.6	1	1	1
506	5	1854.1	1	1	1
506	5	1797.7	1	1	1
506	5	2721.6	1	1	1
506	5	2975.2	1	1	1
506	5	1638.5	0	1	1
506	5	1683.2	1	1	1
506	5	1364.4	1	1	1
506	5	2367.2	0	1	1
506	5	2014.3	1	1	1
506	5	1904.3	1	1	1
506	5	1674.5	1	1	1
506	5	1559.8	1	1	1
506	5	2123.6	1	1	1
506	5	2235.1	1	1	1
506	5	1863.6	1	1	1
506	5	2307.7	1	1	1
506	5	1834.1	1	1	1
506	5	1435.3	1	1	1
506	5	2306.9	1	1	1
506	5	2155	1	1	1
506	5	2174.6	1	1	1
506	5	1532.6	1	1	1
506	5	1789.8	1	1	1
506	5	1863.9	1	1	1
506	5	2153.1	1	1	1
506	5	2694.7	1	1	1
506	5	2678.6	1	1	1
506	5	2952.3	1	1	1
506	5	2453.7	1	1	1
506	5	2022.2	1	1	1
506	5	1567.2	1	1	1
506	5	1777.9	1	1	1
506	5	1803.4	1	1	1
506	5	1374.1	1	1	1
506	5	1835.5	1	1	1
506	5	2045.2	1	1	1
506	5	1493.6	1	1	1
506	5	2214.6	1	1	1
506	5	1791.6	1	1	1
506	5	2421.7	1	1	1
506	5	1374.8	1	1	1
506	5	2149.6	1	1	1
506	5	1460.1	1	1	1
506	5	1766.3	1	1	1
506	5	1935.1	1	1	1
506	5	1858.4	1	1	1
506	5	1809.4	1	1	1
506	5	1072.5	1	1	1
506	5	2776.7	1	1	1
506	5	2321.6	1	1	1
506	5	2378	1	1	1
506	5	2945.2	1	1	1
506	5	2592	1	1	1
506	5	2464.3	1	1	1
506	5	2193.3	1	1	1
506	5	1783.4	1	1	1
506	5	3242.2	1	1	1
506	5	2459.8	1	1	1
506	5	2925.2	1	1	1
506	5	2851.2	1	1	1
506	5	1883.1	1	1	1
506	5	3145.7	1	1	1
506	5	1555.4	1	1	1
506	5	3023.1	1	1	1
506	5	3250.6	1	1	1
506	5	2718.3	1	1	1
506	5	2214.2	1	1	1
506	5	883.74	1	1	1
506	5	1841.2	1	1	1
506	5	2277.8	1	1	1
506	5	1590.9	1	1	1
506	5	2163.6	1	1	1
506	5	2910.5	1	1	1
506	5	2463.1	1	1	1
506	5	1824.9	1	1	1
506	5	3152.4	1	1	1
506	5	2724.9	1	1	1
506	5	2195.2	1	1	1
506	5	3340.3	1	1	1
506	5	1917	1	1	1
506	5	3713	1	1	1
506	5	2207.3	1	1	1
506	5	1967.5	1	1	1
506	5	2119.2	1	1	1
506	5	1698.2	1	1	1
506	5	1480.7	1	1	1
506	5	2124.4	1	1	1
506	5	1665.5	1	1	1
506	5	1720.6	1	1	1
506	5	1985	1	1	1
506	5	1652.7	1	1	1
506	5	2237.8	1	1	1
506	5	1425.9	1	1	1
506	5	1935.7	1	1	1
506	5	3592.8	1	1	1
506	5	1431.5	1	1	1
506	5	3052.4	1	1	1
506	5	1565.9	1	1	1
506	5	1526.4	1	1	1
506	5	1157.6	1	1	1
506	5	1551.6	1	1	1
506	5	1477.4	1	1	1
506	5	2722.4	0	1	1
506	5	1509	1	1	1
506	5	1654.7	1	1	1
506	5	1353.7	1	2	-1
506	5	1295.2	1	2	-1
506	5	1382.7	0	2	-1
506	5	1069.9	0	2	-1
506	5	1085.8	1	2	-1
506	5	1218.8	1	2	-1
506	5	1507.6	0	2	-1
506	5	1528.1	1	2	-1
506	5	1351.3	1	2	-1
506	5	1871.9	1	2	-1
506	5	1698.9	1	2	-1
506	5	844.1	1	2	-1
506	5	766.2	1	2	-1
506	5	1004.7	1	2	-1
506	5	1090	1	2	-1
506	5	1336.5	1	2	-1
506	5	1122.7	1	2	-1
506	5	1238.4	1	2	-1
506	5	768.35	1	2	-1
506	5	1066	1	2	-1
506	5	1048	1	2	-1
506	5	599.42	1	2	-1
506	5	892.07	1	2	-1
506	5	1034.5	1	2	-1
506	5	896.17	1	2	-1
506	5	626.69	1	2	-1
506	5	1607.4	1	2	-1
506	5	1403.2	1	2	-1
506	5	863.14	1	2	-1
506	5	520.5	1	2	-1
506	5	1859.3	1	2	-1
506	5	1355.1	1	2	-1
506	5	1383.1	1	2	-1
506	5	714.1	1	2	-1
506	5	980.77	1	2	-1
506	5	1969.2	1	2	-1
506	5	1269.3	0	2	-1
506	5	804.13	1	2	-1
506	5	2364	0	2	-1
506	5	1502.2	1	2	-1
506	5	1131.5	1	2	-1
506	5	1323.4	1	2	-1
506	5	1228.5	1	2	-1
506	5	1031.9	1	2	-1
506	5	842.65	1	2	-1
506	5	1025.1	1	2	-1
506	5	749.99	1	2	-1
506	5	792.09	1	2	-1
506	5	1005.4	1	2	-1
506	5	1039.5	1	2	-1
506	5	923.33	1	2	-1
506	5	877.69	1	2	-1
506	5	770.4	1	2	-1
506	5	1214.4	0	2	-1
506	5	771.5	1	2	-1
506	5	445.79	1	2	-1
506	5	1227.5	1	2	-1
506	5	585.22	1	2	-1
506	5	899.73	1	2	-1
506	5	683.44	1	2	-1
506	5	786.42	1	2	-1
506	5	1933.4	0	2	-1
506	5	603.86	1	2	-1
506	5	1191	0	2	-1
506	5	739.15	1	2	-1
506	5	755.4	1	2	-1
506	5	692.64	1	2	-1
506	5	510.17	1	2	-1
506	5	1381.1	0	2	-1
506	5	683.47	1	2	-1
506	5	1152.3	0	2	-1
506	5	773.64	0	2	-1
506	5	675.95	1	2	-1
506	5	1060.2	1	2	-1
506	5	1049.3	1	2	-1
506	5	917.49	1	2	-1
506	5	724.66	1	2	-1
506	5	616.94	1	2	-1
506	5	903.33	0	2	-1
506	5	902.44	1	2	-1
506	5	684.14	1	2	-1
506	5	812.65	1	2	-1
506	5	986.01	1	2	-1
506	5	708.84	1	2	-1
506	5	1154.7	1	2	-1
506	5	1420.9	0	2	-1
506	5	847.97	1	2	-1
506	5	843.99	1	2	-1
506	5	896.7	1	2	-1
506	5	754.37	1	2	-1
506	5	768.43	1	2	-1
506	5	887.62	1	2	-1
506	5	676.1	1	2	-1
506	5	1445.6	1	2	-1
506	5	1252	0	2	-1
506	5	1986	1	2	-1
506	5	1162.7	1	2	-1
506	5	913.17	1	2	-1
506	5	976.86	1	2	-1
506	5	993.71	1	2	-1
506	5	779.83	0	2	-1
506	5	1138.8	1	2	-1
506	5	1936.9	0	2	-1
506	5	1672.3	1	2	-1
506	5	1842.6	0	2	-1
506	5	1436.8	1	2	-1
506	5	1763.8	1	2	-1
506	5	1436.6	1	2	-1
506	5	1705	1	2	-1
506	5	1355.5	1	2	-1
506	5	1718.2	1	2	-1
506	5	1511.9	1	2	-1
506	5	2600.8	1	2	-1
506	5	1439.5	1	2	-1
506	5	2084.9	1	2	-1
506	5	2046.5	1	2	-1
506	5	1270.2	1	2	-1
506	5	826.61	1	2	-1
506	5	1506.7	1	2	-1
506	5	1196.3	1	2	-1
506	5	1389.5	1	2	-1
506	5	1160.5	1	2	-1
506	5	1570.8	1	2	-1
506	5	1207.8	1	2	-1
506	5	1084.1	1	2	-1
506	5	1761.5	1	2	-1
506	5	1468.2	1	2	-1
506	5	939.98	1	2	-1
506	5	1312.7	1	2	-1
506	5	2012.9	1	2	-1
506	5	1677	1	2	-1
506	5	1694.1	1	2	-1
506	5	1238.7	1	2	-1
506	5	1403.9	1	2	-1
506	5	1289.1	1	2	-1
506	5	1312.2	1	2	-1
506	5	1354.6	1	2	-1
506	5	1112	1	2	-1
506	5	1390.4	1	2	-1
506	5	1255.2	1	2	-1
506	5	1323.9	1	2	-1
506	5	1088	1	2	-1
506	5	1003.2	1	2	-1
506	5	1519.4	1	2	-1
506	5	2102.3	0	2	-1
506	5	2217.9	0	2	-1
506	5	855.35	1	2	-1
506	5	877.02	1	2	-1
506	5	1069.7	1	2	-1
506	5	2131.6	1	2	-1
506	5	1569.4	1	2	-1
506	5	1612.6	1	2	-1
506	5	1570	1	2	-1
506	5	935.18	1	2	-1
506	5	1926.7	1	2	-1
506	5	1428.2	1	2	-1
506	5	1592.5	1	2	-1
506	5	1184.9	1	2	-1
506	5	984.93	1	2	-1
506	5	1393.4	1	2	-1
506	5	1081.9	1	2	-1
506	5	878.84	1	2	-1
506	5	787.45	1	2	-1
506	5	1186.6	1	2	-1
506	5	1281.1	1	2	-1
506	5	1264.9	1	2	-1
506	5	1219.5	1	2	-1
506	5	883.94	1	2	-1
506	5	897.81	1	2	-1
506	5	872.49	1	2	-1
506	5	852.2	1	2	-1
506	5	913.09	1	2	-1
506	5	1352.2	1	2	-1
506	5	1131.3	1	2	-1
506	5	561.56	1	2	-1
506	5	1274.1	1	2	-1
506	5	1062.7	1	2	-1
506	5	1400.3	1	2	-1
506	5	1583.9	1	2	-1
506	5	1073.5	0	2	-1
506	5	1290.9	1	2	-1
506	5	873.67	1	2	-1
506	5	1492.8	1	2	-1
506	5	1905.1	1	2	-1
506	5	1274.7	1	2	-1
506	5	1245.3	1	2	-1
506	5	969.47	1	2	-1
506	5	1654	1	2	-1
506	5	1320.1	1	2	-1
506	5	2223.9	1	2	-1
506	5	2620.6	0	2	-1
506	5	1208.1	1	2	-1
506	5	1419.5	1	2	-1
506	5	1648.2	1	2	-1
506	5	957.58	1	2	-1
506	5	1184.4	1	2	-1
506	5	999.51	1	2	-1
506	5	1436.3	1	2	-1
506	5	1310.9	1	2	-1
506	5	1469.8	1	2	-1
506	5	1277.3	1	2	-1
506	5	1545.4	0	2	-1
506	5	1404.3	1	2	-1
506	5	1400.3	1	2	-1
506	5	1324.9	1	2	-1
506	5	1373.9	1	2	-1
506	5	1233.3	1	2	-1
506	5	1539.4	1	2	-1
506	5	1556.7	1	2	-1
506	5	1683	1	2	-1
506	5	918.74	1	2	-1
506	5	1478.4	1	2	-1
506	5	2805.1	0	2	-1
506	5	1382.1	1	2	-1
506	5	1097.5	1	2	-1
506	5	1569.8	1	2	-1
506	5	1379.2	1	2	-1
506	5	1368.7	1	2	-1
506	5	1608	1	2	-1
506	5	1677.2	1	2	-1
506	5	1664.4	1	2	-1
506	5	1050.9	1	2	-1
506	5	2511.3	1	2	-1
506	5	2936.3	1	2	-1
506	5	1397.3	1	2	-1
506	5	1102.5	1	2	-1
506	5	947.65	1	2	-1
506	5	966.33	1	2	-1
506	5	1618.8	1	2	-1
506	5	1296.1	1	2	-1
506	5	1213.7	1	2	-1
506	5	1225.3	1	2	-1
506	5	1270.4	1	2	-1
506	5	1529.4	1	2	-1
506	5	1241.5	1	2	-1
506	5	1081.4	1	2	-1
506	5	1517.7	1	2	-1
506	5	1665.1	1	2	-1
506	5	1694.3	1	2	-1
506	5	1427.4	1	2	-1
506	5	1463.3	1	2	-1
506	5	1344.1	1	2	-1
506	5	2908.9	1	2	-1
506	5	1710	1	2	-1
506	5	895.13	1	2	-1
506	5	1116.4	1	2	-1
506	5	990.77	1	2	-1
506	5	1177.4	1	2	-1
506	5	2646.8	1	2	-1
506	5	1131.4	1	2	-1
506	5	1222.9	1	2	-1
506	5	1472.6	1	2	-1
506	5	1086.2	1	2	-1
506	5	3555.4	1	2	-1
506	5	1888.5	1	2	-1
506	5	2120.4	1	2	-1
506	5	1025.8	1	2	-1
506	5	1178.7	1	2	-1
506	5	1061.8	1	2	-1
506	5	996.98	1	2	-1
506	5	870.41	1	2	-1
506	5	1117.5	1	2	-1
506	5	1143.1	1	2	-1
506	5	2698.4	0	2	-1
506	5	957.37	1	2	-1
506	5	2387.9	1	2	-1
506	5	1433.6	1	2	-1
506	5	1289.9	1	2	-1
506	5	1170.8	1	2	-1
506	5	1999.9	1	2	-1
506	5	1043.9	1	2	-1
506	5	1967.2	1	2	-1
506	5	1150.4	1	2	-1
506	5	996.44	1	2	-1
506	5	1362.2	1	2	-1
506	5	1368.5	1	2	-1
506	5	1082.4	1	2	-1
506	5	1555	1	2	-1
506	5	1107.6	1	2	-1
506	5	2725.7	1	2	-1
506	5	1256.8	1	2	-1
506	5	937.89	1	2	-1
506	5	883.94	1	2	-1
506	5	1220.9	1	2	-1
506	5	1566.5	1	2	-1
506	5	1390.9	1	2	-1
506	5	1227.7	1	2	-1
506	5	892.76	1	2	-1
506	5	784.58	1	2	-1
506	5	2057.2	1	2	-1
506	5	2359.9	1	2	-1
506	5	1147.6	1	2	-1
506	5	785.43	1	2	-1
506	5	1715.8	1	2	-1
506	5	658.5	1	2	-1
506	5	885.62	1	2	-1
506	5	1248.5	1	2	-1
506	5	1321.9	1	2	-1
506	5	1244.2	1	2	-1
506	5	1277	1	2	-1
506	5	962.54	1	2	-1
506	5	1016.2	1	2	-1
506	5	2166.5	1	2	-1
506	5	1701.6	1	2	-1
506	5	1242.4	1	2	-1
506	5	964.33	1	2	-1
506	5	1299.5	1	2	-1
506	5	1723.7	1	2	-1
506	5	1392.8	1	2	-1
506	5	1128.3	1	2	-1
506	5	2390.8	1	2	-1
506	5	3136	1	2	-1
506	5	1044.3	1	2	-1
506	5	2156.3	1	2	-1
506	5	1920	1	2	-1
506	5	2516.6	1	2	-1
506	5	3164.4	1	2	-1
506	5	1499	1	2	-1
506	5	1155.1	1	2	-1
506	5	2151.4	1	2	-1
506	5	3243.8	1	2	-1
506	5	738.05	1	2	-1
506	5	1504.2	1	2	-1
506	5	1891.4	1	2	-1
506	5	1269.4	1	2	-1
506	5	986.78	1	2	-1
506	5	1201	1	2	-1
506	5	896.28	1	2	-1
506	5	822.48	1	2	-1
506	5	1525	1	2	-1
506	5	971.61	1	2	-1
506	5	931.47	1	2	-1
506	5	1355.6	1	2	-1
506	5	1086.3	1	2	-1
506	5	833.89	1	2	-1
506	5	851.11	1	2	-1
506	5	997.2	1	2	-1
506	5	1040.5	1	2	-1
506	5	766.65	1	2	-1
506	5	2699	1	2	-1
506	5	803.1	1	2	-1
506	5	1653.7	1	2	-1
506	5	1177.4	1	2	-1
506	5	968.12	1	2	-1
506	5	936.5	1	2	-1
506	5	1232.7	1	2	-1
506	5	887.68	1	2	-1
506	5	1012.3	1	2	-1
506	5	1061	1	2	-1
506	5	781.73	1	2	-1
506	5	789.1	1	2	-1
506	5	809.79	1	2	-1
506	5	1186.3	1	2	-1
506	5	1144.5	1	2	-1
506	5	760.32	1	2	-1
506	5	1206.4	1	2	-1
506	5	860.47	1	2	-1
506	5	1253.8	1	1	-1
506	5	1548.9	0	1	-1
506	5	1048.7	0	1	-1
506	5	787.54	1	1	-1
506	5	775.74	1	1	-1
506	5	991.86	1	1	-1
506	5	1350.8	1	1	-1
506	5	1058.3	1	1	-1
506	5	1297	1	1	-1
506	5	993.59	1	1	-1
506	5	973.43	1	1	-1
506	5	745.52	1	1	-1
506	5	863.82	1	1	-1
506	5	781.53	1	1	-1
506	5	1401.5	1	1	-1
506	5	1808.9	1	1	-1
506	5	848.68	1	1	-1
506	5	1723.1	1	1	-1
506	5	733.01	1	1	-1
506	5	752.74	1	1	-1
506	5	1067.7	1	1	-1
506	5	547.63	1	1	-1
506	5	631.23	1	1	-1
506	5	1187.3	1	1	-1
506	5	710.71	1	1	-1
506	5	713.44	1	1	-1
506	5	1258.8	1	1	-1
506	5	1626	1	1	-1
506	5	1357	1	1	-1
506	5	955.15	1	1	-1
506	5	501.62	1	1	-1
506	5	783.36	1	1	-1
506	5	710.02	1	1	-1
506	5	1276.2	1	1	-1
506	5	579.55	1	1	-1
506	5	909.44	1	1	-1
506	5	1390.9	1	1	-1
506	5	901.79	1	1	-1
506	5	753.86	1	1	-1
506	5	908.05	1	1	-1
506	5	807.82	1	1	-1
506	5	856.06	1	1	-1
506	5	952.78	1	1	-1
506	5	766.63	1	1	-1
506	5	1802.2	1	1	-1
506	5	764.14	1	1	-1
506	5	743.71	1	1	-1
506	5	801.51	1	1	-1
506	5	764.57	1	1	-1
506	5	1180.7	1	1	-1
506	5	735.4	1	1	-1
506	5	659.68	1	1	-1
506	5	1015.2	1	1	-1
506	5	917.21	1	1	-1
506	5	972.52	1	1	-1
506	5	733.66	1	1	-1
506	5	895.45	1	1	-1
506	5	692.86	1	1	-1
506	5	1016.5	1	1	-1
506	5	681.94	1	1	-1
506	5	1160.9	1	1	-1
506	5	966.58	1	1	-1
506	5	743.37	1	1	-1
506	5	559.42	1	1	-1
506	5	631.8	1	1	-1
506	5	542.65	1	1	-1
506	5	920.5	1	1	-1
506	5	796.45	1	1	-1
506	5	1539.6	1	1	-1
506	5	635.7	1	1	-1
506	5	786.26	1	1	-1
506	5	1279.5	1	1	-1
506	5	611.72	1	1	-1
506	5	1093	1	1	-1
506	5	970.3	1	1	-1
506	5	828.74	1	1	-1
506	5	1162.8	1	1	-1
506	5	910.72	1	1	-1
506	5	658.94	1	1	-1
506	5	784.39	1	1	-1
506	5	634.75	1	1	-1
506	5	836.57	1	1	-1
506	5	799.78	1	1	-1
506	5	1031.9	1	1	-1
506	5	903.61	1	1	-1
506	5	1069.3	1	1	-1
506	5	916.53	1	1	-1
506	5	963.4	1	1	-1
506	5	988.43	1	1	-1
506	5	1175.5	1	1	-1
506	5	1208.3	1	1	-1
506	5	937.39	1	1	-1
506	5	478.78	1	1	-1
506	5	1280.7	1	1	-1
506	5	1148.2	1	1	-1
506	5	832.71	1	1	-1
506	5	906.65	1	1	-1
506	5	731.27	1	1	-1
506	5	814.34	1	1	-1
506	5	824.29	1	1	-1
506	5	1178.9	1	1	-1
506	5	1934.1	1	1	-1
506	5	972.21	1	1	-1
506	5	1247.4	1	1	-1
506	5	945.65	1	1	-1
506	5	822.75	1	1	-1
506	5	1360	0	1	-1
506	5	1327.5	1	1	-1
506	5	1279.4	1	1	-1
506	5	1458.5	1	1	-1
506	5	1285	1	1	-1
506	5	1044.1	1	1	-1
506	5	921.26	1	1	-1
506	5	1271.1	1	1	-1
506	5	1637.8	1	1	-1
506	5	972.22	1	1	-1
506	5	727.44	1	1	-1
506	5	679.86	1	1	-1
506	5	937.04	1	1	-1
506	5	1406	1	1	-1
506	5	1681	1	1	-1
506	5	1443.5	1	1	-1
506	5	1502.8	1	1	-1
506	5	1145.2	1	1	-1
506	5	933.47	1	1	-1
506	5	1193	1	1	-1
506	5	1060.4	1	1	-1
506	5	1287.9	1	1	-1
506	5	1466.3	1	1	-1
506	5	1595.1	1	1	-1
506	5	892.28	1	1	-1
506	5	1029	1	1	-1
506	5	993.12	1	1	-1
506	5	1043.5	1	1	-1
506	5	1962.5	1	1	-1
506	5	1202.3	1	1	-1
506	5	1083.8	1	1	-1
506	5	1699.5	1	1	-1
506	5	1116.7	1	1	-1
506	5	1308.3	1	1	-1
506	5	935.77	1	1	-1
506	5	1339.2	1	1	-1
506	5	1230.6	1	1	-1
506	5	1705.8	1	1	-1
506	5	919.68	1	1	-1
506	5	1052.8	1	1	-1
506	5	751.52	1	1	-1
506	5	1389.9	1	1	-1
506	5	1295.7	1	1	-1
506	5	2163.2	1	1	-1
506	5	1446.2	1	1	-1
506	5	1576.4	1	1	-1
506	5	2149.6	0	1	-1
506	5	890.25	1	1	-1
506	5	1295.2	1	1	-1
506	5	872.72	1	1	-1
506	5	726.61	1	1	-1
506	5	762.4	1	1	-1
506	5	768.82	1	1	-1
506	5	1254.4	1	1	-1
506	5	1358.5	1	1	-1
506	5	821.61	1	1	-1
506	5	956.37	1	1	-1
506	5	926.43	1	1	-1
506	5	1252.6	1	1	-1
506	5	1025.3	1	1	-1
506	5	1181.3	1	1	-1
506	5	1032.7	1	1	-1
506	5	1286.7	1	1	-1
506	5	695	1	1	-1
506	5	888.31	1	1	-1
506	5	1226.4	1	1	-1
506	5	1144.4	1	1	-1
506	5	867.07	1	1	-1
506	5	1075.1	1	1	-1
506	5	1178.3	1	1	-1
506	5	1215.1	1	1	-1
506	5	948.61	1	1	-1
506	5	1325.5	1	1	-1
506	5	1291.3	1	1	-1
506	5	1196.4	1	1	-1
506	5	1108	1	1	-1
506	5	1049	1	1	-1
506	5	1804.5	1	1	-1
506	5	1362.2	1	1	-1
506	5	1299.6	1	1	-1
506	5	1649.5	1	1	-1
506	5	954.34	1	1	-1
506	5	1503.3	1	1	-1
506	5	1494.2	1	1	-1
506	5	1124.1	1	1	-1
506	5	934.82	1	1	-1
506	5	1865.7	1	1	-1
506	5	1393.9	1	1	-1
506	5	1141.1	1	1	-1
506	5	1181.7	1	1	-1
506	5	779.93	1	1	-1
506	5	1099.8	1	1	-1
506	5	906.8	1	1	-1
506	5	791.95	1	1	-1
506	5	911.85	1	1	-1
506	5	1296.4	1	1	-1
506	5	1190.3	1	1	-1
506	5	1121.1	1	1	-1
506	5	1574	1	1	-1
506	5	933.76	1	1	-1
506	5	1835.9	1	1	-1
506	5	1523.6	1	1	-1
506	5	1404	1	1	-1
506	5	1285.5	1	1	-1
506	5	1075.2	1	1	-1
506	5	1231.9	1	1	-1
506	5	1331	1	1	-1
506	5	1808.1	1	1	-1
506	5	1164.8	1	1	-1
506	5	697	1	1	-1
506	5	1148.5	1	1	-1
506	5	1367.1	1	1	-1
506	5	1348.5	1	1	-1
506	5	1977.6	1	1	-1
506	5	1274.4	1	1	-1
506	5	1438.6	1	1	-1
506	5	2076	1	1	-1
506	5	1220.1	1	1	-1
506	5	1368.5	1	1	-1
506	5	1337.9	1	1	-1
506	5	1175.8	1	1	-1
506	5	1009.4	1	1	-1
506	5	1200.9	1	1	-1
506	5	1505.3	1	1	-1
506	5	1619	1	1	-1
506	5	1215.4	1	1	-1
506	5	1475.4	1	1	-1
506	5	1571.8	1	1	-1
506	5	1108	1	1	-1
506	5	1191.2	1	1	-1
506	5	1293.3	1	1	-1
506	5	1302.3	1	1	-1
506	5	1441.3	1	1	-1
506	5	2038.1	1	1	-1
506	5	1698.8	1	1	-1
506	5	1122.8	1	1	-1
506	5	2016.3	1	1	-1
506	5	1157.4	1	1	-1
506	5	789.77	1	1	-1
506	5	1704.1	1	1	-1
506	5	1581.7	1	1	-1
506	5	1312.1	1	1	-1
506	5	1990.9	1	1	-1
506	5	939.93	1	1	-1
506	5	1635.1	1	1	-1
506	5	1731.1	1	1	-1
506	5	2554.8	1	1	-1
506	5	1371.4	1	1	-1
506	5	1761.1	1	1	-1
506	5	933.4	1	1	-1
506	5	1508.4	1	1	-1
506	5	1055.1	1	1	-1
506	5	935.62	1	1	-1
506	5	1801.1	1	1	-1
506	5	977.68	1	1	-1
506	5	995.18	1	1	-1
506	5	746.39	1	1	-1
506	5	822.13	1	1	-1
506	5	1259.2	1	1	-1
506	5	972.35	1	1	-1
506	5	1594.3	1	1	-1
506	5	1368.2	1	1	-1
506	5	1050.5	1	1	-1
506	5	1098.4	1	1	-1
506	5	915.53	1	1	-1
506	5	1171.7	1	1	-1
506	5	1007.1	1	1	-1
506	5	1274.2	1	1	-1
506	5	1948.7	1	1	-1
506	5	1093	1	1	-1
506	5	878.31	1	1	-1
506	5	1323.3	1	1	-1
506	5	2234.1	1	1	-1
506	5	1404.4	1	1	-1
506	5	1480.7	1	1	-1
506	5	722.52	1	1	-1
506	5	2154.7	1	1	-1
506	5	2552.9	1	1	-1
506	5	864.95	1	1	-1
506	5	1882.4	1	1	-1
506	5	1544.7	1	1	-1
506	5	1325.6	1	1	-1
506	5	952.99	1	1	-1
506	5	2000.5	1	1	-1
506	5	1299.4	1	1	-1
506	5	976.72	1	1	-1
506	5	914.44	1	1	-1
506	5	687.99	1	1	-1
506	5	1986.7	1	1	-1
506	5	941.64	1	1	-1
506	5	1144.4	1	1	-1
506	5	1449.6	1	1	-1
506	5	1409.3	1	1	-1
506	5	2211	1	1	-1
506	5	1227.3	1	1	-1
506	5	1689.4	1	1	-1
506	5	941.01	1	1	-1
506	5	2273.6	1	1	-1
506	5	1424.9	1	1	-1
506	5	1078.4	1	1	-1
506	5	1175.9	1	1	-1
506	5	1024.2	1	1	-1
506	5	2061.5	1	1	-1
506	5	2448.1	1	1	-1
506	5	1045	1	1	-1
506	5	2114	1	1	-1
506	5	1108.4	1	1	-1
506	5	1632.3	1	1	-1
506	5	2550.3	1	1	-1
506	5	1213.3	1	1	-1
506	5	1483.6	1	1	-1
506	5	1192.9	1	1	-1
506	5	2163.5	1	1	-1
506	5	970.64	1	1	-1
506	5	914.9	1	1	-1
506	5	1183.7	1	1	-1
506	5	2017.9	1	1	-1
506	5	2039.4	1	1	-1
506	5	984.35	1	1	-1
506	5	917.41	1	1	-1
506	5	1158.5	1	1	-1
506	5	1422.8	1	1	-1
506	5	1164.8	1	1	-1
506	5	2821.6	1	1	-1
506	5	1253.3	1	1	-1
506	5	1277.3	1	1	-1
506	5	929.4	1	1	-1
506	5	1001.8	1	1	-1
506	5	781.77	1	1	-1
506	5	858.17	1	1	-1
506	5	1369.8	1	1	-1
506	5	1329	1	1	-1
506	5	1035.7	1	1	-1
506	5	1052.8	1	1	-1
506	5	917.53	1	1	-1
506	5	1081.7	1	1	-1
506	5	1067.7	1	1	-1
506	5	895.57	1	1	-1
506	5	1018.6	1	1	-1
506	5	921.63	1	1	-1
506	5	2350.6	1	1	-1
506	5	1482.6	1	1	-1
506	5	1232.9	1	1	-1
506	5	1102	1	1	-1
506	5	878.04	1	1	-1
506	5	881.54	1	1	-1
506	5	911.61	1	1	-1
506	5	1482.8	1	1	-1
506	5	1189.9	1	1	-1
506	5	1058.5	1	1	-1
506	5	1076.3	1	1	-1
506	5	1176.8	0	-1	2
506	5	851.93	1	-1	2
506	5	934.43	1	-1	2
506	5	1068.7	1	-1	2
506	5	1360.1	0	-1	2
506	5	1261.9	0	-1	2
506	5	1210	1	-1	2
506	5	1056.8	0	-1	2
506	5	1047.8	0	-1	2
506	5	884.69	0	-1	2
506	5	1558.6	1	-1	2
506	5	1735.6	0	-1	2
506	5	1930.3	0	-1	2
506	5	1794.1	0	-1	2
506	5	1724.8	1	-1	2
506	5	1965.1	0	-1	2
506	5	1415.8	0	-1	2
506	5	1631.4	0	-1	2
506	5	1371.1	0	-1	2
506	5	1589.3	1	-1	2
506	5	1280.1	1	-1	2
506	5	954.52	0	-1	2
506	5	1474	0	-1	2
506	5	1469.8	1	-1	2
506	5	1369.8	0	-1	2
506	5	1916.3	1	-1	2
506	5	1383.6	1	-1	2
506	5	1342.5	1	-1	2
506	5	1338.1	0	-1	2
506	5	2008	1	-1	2
506	5	1109.9	0	-1	2
506	5	1530.5	0	-1	2
506	5	1159.9	0	-1	2
506	5	807.88	0	-1	2
506	5	1832.6	1	-1	2
506	5	1587.2	0	-1	2
506	5	1811	1	-1	2
506	5	2107.7	0	-1	2
506	5	1513.5	1	-1	2
506	5	2037.3	1	-1	2
506	5	1250	1	-1	2
506	5	1401.7	1	-1	2
506	5	870.24	1	-1	2
506	5	1571.7	1	-1	2
506	5	1015.3	1	-1	2
506	5	840.43	1	-1	2
506	5	1181.1	1	-1	2
506	5	1225.3	1	-1	2
506	5	1272	0	-1	2
506	5	1831.3	1	-1	2
506	5	1055.9	1	-1	2
506	5	936.46	0	-1	2
506	5	997.56	0	-1	2
506	5	1315.7	1	-1	2
506	5	954.98	1	-1	2
506	5	1519.8	1	-1	2
506	5	932.35	1	-1	2
506	5	940.21	1	-1	2
506	5	1050.4	1	-1	2
506	5	1559.9	1	-1	2
506	5	815.7	1	-1	2
506	5	1016.7	1	-1	2
506	5	951.98	1	-1	2
506	5	814.61	1	-1	2
506	5	953.55	1	-1	2
506	5	1025.7	1	-1	2
506	5	1192	1	-1	2
506	5	1039.5	1	-1	2
506	5	1358.4	1	-1	2
506	5	1100	1	-1	2
506	5	1117.4	1	-1	2
506	5	1645.5	0	-1	2
506	5	1436.6	1	-1	2
506	5	1214.6	1	-1	2
506	5	1048.7	1	-1	2
506	5	1249	1	-1	2
506	5	1180.9	1	-1	2
506	5	1089.1	0	-1	2
506	5	1307.1	1	-1	2
506	5	1277.1	1	-1	2
506	5	1666.2	1	-1	2
506	5	1195.8	1	-1	2
506	5	1197.8	1	-1	2
506	5	1157.1	1	-1	2
506	5	934.4	1	-1	2
506	5	1300.1	1	-1	2
506	5	1410.9	1	-1	2
506	5	1223	0	-1	2
506	5	1081.8	1	-1	2
506	5	1461	1	-1	2
506	5	1662	1	-1	2
506	5	1177.1	1	-1	2
506	5	1741.3	0	-1	2
506	5	1031.3	1	-1	2
506	5	1111.1	1	-1	2
506	5	1429.8	0	-1	2
506	5	1646.4	1	-1	2
506	5	1674.4	0	-1	2
506	5	2098.4	1	-1	2
506	5	2331.1	0	-1	2
506	5	1738	1	-1	2
506	5	1579.9	1	-1	2
506	5	2488.9	1	-1	2
506	5	1871.5	1	-1	2
506	5	1332.9	1	-1	2
506	5	1039.3	1	-1	2
506	5	1356.9	1	-1	2
506	5	1334.4	1	-1	2
506	5	1880.4	1	-1	2
506	5	1215.2	1	-1	2
506	5	1432.6	1	-1	2
506	5	1561.1	1	-1	2
506	5	1144.2	1	-1	2
506	5	1438.3	1	-1	2
506	5	2090.2	1	-1	2
506	5	1312.6	1	-1	2
506	5	967.12	1	-1	2
506	5	1430.1	1	-1	2
506	5	1670.7	1	-1	2
506	5	1591.8	1	-1	2
506	5	1614.1	1	-1	2
506	5	1636.8	1	-1	2
506	5	1824.6	1	-1	2
506	5	1467.5	1	-1	2
506	5	1234	1	-1	2
506	5	1069.7	1	-1	2
506	5	1322.3	1	-1	2
506	5	1077	1	-1	2
506	5	1388.6	1	-1	2
506	5	1535	1	-1	2
506	5	1152.7	1	-1	2
506	5	1544.3	1	-1	2
506	5	1505.5	1	-1	2
506	5	1122.3	0	-1	2
506	5	1592.8	1	-1	2
506	5	2178.4	1	-1	2
506	5	2174.1	1	-1	2
506	5	1309.3	1	-1	2
506	5	1907.8	1	-1	2
506	5	1764.1	1	-1	2
506	5	1546	1	-1	2
506	5	1105.1	1	-1	2
506	5	1493.4	1	-1	2
506	5	2338.9	1	-1	2
506	5	1639.4	1	-1	2
506	5	1553.5	1	-1	2
506	5	2291.3	1	-1	2
506	5	1899.3	0	-1	2
506	5	1875.7	1	-1	2
506	5	1991.9	1	-1	2
506	5	1933.8	1	-1	2
506	5	1626.9	1	-1	2
506	5	1415.5	1	-1	2
506	5	1243	1	-1	2
506	5	1743.7	1	-1	2
506	5	1427.1	1	-1	2
506	5	1331.4	1	-1	2
506	5	986.35	1	-1	2
506	5	923.44	1	-1	2
506	5	1575.3	1	-1	2
506	5	1295	1	-1	2
506	5	1781.7	1	-1	2
506	5	781.74	0	-1	2
506	5	1303	1	-1	2
506	5	1735	1	-1	2
506	5	1035.3	1	-1	2
506	5	1160.4	1	-1	2
506	5	1219.8	1	-1	2
506	5	1446.3	1	-1	2
506	5	1660.8	1	-1	2
506	5	1011	1	-1	2
506	5	1427.4	1	-1	2
506	5	1560.3	1	-1	2
506	5	992.77	1	-1	2
506	5	1177.3	1	-1	2
506	5	1113.8	1	-1	2
506	5	1287.2	1	-1	2
506	5	1483.8	1	-1	2
506	5	956.17	1	-1	2
506	5	1328.6	1	-1	2
506	5	1184.5	1	-1	2
506	5	1239.3	1	-1	2
506	5	998.28	1	-1	2
506	5	1425.5	1	-1	2
506	5	2845.8	1	-1	2
506	5	1496.8	1	-1	2
506	5	1565.2	1	-1	2
506	5	1103.4	1	-1	2
506	5	1633.1	1	-1	2
506	5	1903.5	1	-1	2
506	5	1853.7	1	-1	2
506	5	2291.7	1	-1	2
506	5	1785.1	1	-1	2
506	5	1878.6	1	-1	2
506	5	1316.5	1	-1	2
506	5	1044.8	1	-1	2
506	5	1666.7	1	-1	2
506	5	1440.1	1	-1	2
506	5	1262.6	1	-1	2
506	5	2411.1	1	-1	2
506	5	1173.3	1	-1	2
506	5	1489	1	-1	2
506	5	1662.8	1	-1	2
506	5	1086.4	1	-1	2
506	5	1217.1	1	-1	2
506	5	1812.8	1	-1	2
506	5	1860.2	1	-1	2
506	5	1817.1	1	-1	2
506	5	1980.9	1	-1	2
506	5	1344.2	1	-1	2
506	5	1131.2	0	-1	2
506	5	1366.3	1	-1	2
506	5	1458.2	1	-1	2
506	5	1129.7	1	-1	2
506	5	1791.7	1	-1	2
506	5	1273.9	1	-1	2
506	5	1677.5	1	-1	2
506	5	1586.4	1	-1	2
506	5	1385.1	1	-1	2
506	5	1338.6	1	-1	2
506	5	1666.8	1	-1	2
506	5	1921.8	1	-1	2
506	5	1336.7	1	-1	2
506	5	2073.7	0	-1	2
506	5	2446.2	1	-1	2
506	5	2116.7	1	-1	2
506	5	1815.4	1	-1	2
506	5	1405.4	1	-1	2
506	5	1537.3	1	-1	2
506	5	2195.5	1	-1	2
506	5	1796.2	1	-1	2
506	5	1274.1	1	-1	2
506	5	2054.6	1	-1	2
506	5	1746.9	1	-1	2
506	5	1464.7	1	-1	2
506	5	1499.4	0	-1	2
506	5	2214.4	1	-1	2
506	5	2004	1	-1	2
506	5	1620.6	1	-1	2
506	5	1706.5	1	-1	2
506	5	2032.1	1	-1	2
506	5	1665	1	-1	2
506	5	1077.2	1	-1	2
506	5	1784.2	1	-1	2
506	5	2017.7	1	-1	2
506	5	1470.5	1	-1	2
506	5	978.47	1	-1	2
506	5	2074	1	-1	2
506	5	1317	1	-1	2
506	5	1572.7	1	-1	2
506	5	1324.5	1	-1	2
506	5	2130.3	1	-1	2
506	5	3006.5	1	-1	2
506	5	3234.2	1	-1	2
506	5	1664	1	-1	2
506	5	1061.7	1	-1	2
506	5	1270.1	1	-1	2
506	5	970.42	1	-1	2
506	5	1330.9	1	-1	2
506	5	921.03	1	-1	2
506	5	1183.3	1	-1	2
506	5	1219	1	-1	2
506	5	1138.2	1	-1	2
506	5	1021.2	1	-1	2
506	5	1159.6	1	-1	2
506	5	968.85	1	-1	2
506	5	2100.7	1	-1	2
506	5	942.29	1	-1	2
506	5	1391.3	1	-1	2
506	5	1347	1	-1	2
506	5	1183.1	1	-1	2
506	5	1225.9	1	-1	2
506	5	1151.7	1	-1	2
506	5	1444.9	1	-1	2
506	5	1240.9	1	-1	2
506	5	1286.3	1	-1	2
506	5	1175.8	1	-1	2
506	5	1225	1	-1	2
506	5	1968.3	1	-1	2
506	5	1732.6	1	-1	2
506	5	1004.1	1	-1	2
506	5	1146.4	1	-1	2
506	5	1091.2	1	-1	2
506	5	1442.4	1	-1	2
506	5	1501.7	1	-1	2
506	5	2519.9	1	-1	2
506	5	1756	1	-1	2
506	5	1174.3	0	-1	2
506	5	2035.8	1	-1	2
506	5	1546.5	1	-1	2
506	5	1755.1	1	-1	2
506	5	1633.5	1	-1	2
506	5	1847	1	-1	2
506	5	1999.2	1	-1	2
506	5	2317.3	0	-1	2
506	5	1310	0	-1	2
506	5	1173.8	1	-1	2
506	5	1600	1	-1	2
506	5	1935.1	1	-1	2
506	5	1836.4	1	-1	2
506	5	1898	1	-1	2
506	5	1579.7	1	-1	2
506	5	1893.4	1	-1	2
506	5	1352.9	1	-1	2
506	5	2779.2	1	-1	2
506	5	1056.2	1	-1	2
506	5	1483.6	1	-1	2
506	5	1616.3	1	-1	2
506	5	1736.7	1	-1	2
506	5	1419.7	1	-1	2
506	5	2703.1	1	-1	2
506	5	1914.3	1	-1	2
506	5	1349.3	1	-1	2
506	5	1923	1	-1	2
506	5	1916	1	-1	2
506	5	2465.7	0	-1	2
506	5	1955.7	1	-1	2
506	5	1785.4	1	-1	2
506	5	1749.7	1	-1	2
506	5	1213.9	1	-1	2
506	5	1128.6	1	-1	2
506	5	1305.3	1	-1	2
506	5	2300.5	1	-1	2
506	5	2833.9	0	-1	2
506	5	2557.2	1	-1	2
506	5	2529.4	1	-1	2
506	5	1374.2	1	-1	2
506	5	1336.6	1	-1	2
506	5	1518.7	1	-1	2
506	5	1122.9	0	-1	2
506	5	3066.7	1	-1	2
506	5	3022.6	1	-1	2
506	5	1803	1	-1	2
506	5	2058.8	1	-1	2
506	5	1403	1	-1	2
506	5	890.35	1	-1	2
506	5	1770.2	1	-1	2
506	5	1008.6	1	-1	2
506	5	1702.9	1	-1	2
506	5	3096.8	1	-1	2
506	5	1547.3	1	-1	2
506	5	1388	1	-1	2
506	5	2619.1	1	-1	2
506	5	2125.3	0	-1	2
506	5	1544.6	1	-1	2
506	5	2527	1	-1	2
506	5	1793.5	1	-1	2
506	5	1919.5	1	-1	2
506	5	3031.5	1	-1	2
506	5	1461.2	1	-1	2
506	5	2770.8	1	-1	2
506	5	1461.2	1	-1	2
506	5	2071.7	1	-1	2
506	5	2051.7	1	-1	2
506	5	1819.5	1	-1	2
506	5	1723.1	1	-1	2
506	5	1498.8	1	-1	2
506	5	1799.3	1	-1	1
506	5	1299.9	1	-1	1
506	5	970.11	1	-1	1
506	5	1385.6	1	-1	1
506	5	1199.7	1	-1	1
506	5	983.93	1	-1	1
506	5	1097.4	1	-1	1
506	5	717.57	1	-1	1
506	5	1736	0	-1	1
506	5	1284.1	0	-1	1
506	5	1395.7	1	-1	1
506	5	1522.3	0	-1	1
506	5	1767.6	1	-1	1
506	5	1538	1	-1	1
506	5	1095.2	1	-1	1
506	5	1623.7	1	-1	1
506	5	2147	1	-1	1
506	5	2069.2	1	-1	1
506	5	1577.9	1	-1	1
506	5	1072.1	1	-1	1
506	5	1102.8	1	-1	1
506	5	1469.8	1	-1	1
506	5	880.33	1	-1	1
506	5	1014	1	-1	1
506	5	1645	1	-1	1
506	5	678.2	1	-1	1
506	5	651.05	1	-1	1
506	5	1717.8	1	-1	1
506	5	1987.9	1	-1	1
506	5	1380.6	1	-1	1
506	5	1069	1	-1	1
506	5	1467.3	0	-1	1
506	5	1332.4	1	-1	1
506	5	1611.4	1	-1	1
506	5	1487.6	1	-1	1
506	5	1324.4	1	-1	1
506	5	1829.5	1	-1	1
506	5	1063.4	1	-1	1
506	5	907.98	1	-1	1
506	5	806.05	1	-1	1
506	5	971.1	1	-1	1
506	5	2222.2	1	-1	1
506	5	1103.1	1	-1	1
506	5	982.62	1	-1	1
506	5	813.1	1	-1	1
506	5	1748.8	0	-1	1
506	5	1183.1	1	-1	1
506	5	960.41	1	-1	1
506	5	1451.5	1	-1	1
506	5	1602.7	1	-1	1
506	5	1932.4	1	-1	1
506	5	911.73	1	-1	1
506	5	1086.5	0	-1	1
506	5	1253	1	-1	1
506	5	1677.8	0	-1	1
506	5	1627.8	0	-1	1
506	5	1517.6	1	-1	1
506	5	1779	1	-1	1
506	5	1068.8	1	-1	1
506	5	918.74	1	-1	1
506	5	1309.1	1	-1	1
506	5	1292.2	1	-1	1
506	5	867.97	1	-1	1
506	5	964.68	1	-1	1
506	5	1005.9	1	-1	1
506	5	1102.2	1	-1	1
506	5	1124.8	1	-1	1
506	5	1606.5	1	-1	1
506	5	1315.1	1	-1	1
506	5	1119.5	1	-1	1
506	5	1086.3	1	-1	1
506	5	1426.3	0	-1	1
506	5	1112.3	1	-1	1
506	5	1492.4	1	-1	1
506	5	1424.2	1	-1	1
506	5	1646.4	1	-1	1
506	5	1061.8	1	-1	1
506	5	1695.5	1	-1	1
506	5	1474.9	1	-1	1
506	5	1309	1	-1	1
506	5	1431.2	1	-1	1
506	5	1430.5	1	-1	1
506	5	1390.3	1	-1	1
506	5	1211	1	-1	1
506	5	1158.6	1	-1	1
506	5	1336.5	1	-1	1
506	5	1291.8	1	-1	1
506	5	1267	1	-1	1
506	5	1836.7	1	-1	1
506	5	1596.5	1	-1	1
506	5	1499.7	1	-1	1
506	5	1202.1	1	-1	1
506	5	1533	1	-1	1
506	5	1806	1	-1	1
506	5	1478.9	0	-1	1
506	5	1933.4	1	-1	1
506	5	1927	1	-1	1
506	5	1087.5	1	-1	1
506	5	1316.2	1	-1	1
506	5	1121.7	1	-1	1
506	5	937.36	1	-1	1
506	5	2463.1	1	-1	1
506	5	2184.4	1	-1	1
506	5	2227.7	1	-1	1
506	5	1605.5	1	-1	1
506	5	1161.3	1	-1	1
506	5	1884.1	1	-1	1
506	5	1788.2	1	-1	1
506	5	1798.8	1	-1	1
506	5	1596.7	1	-1	1
506	5	1619.9	1	-1	1
506	5	1461.8	1	-1	1
506	5	1297.3	1	-1	1
506	5	1402.7	1	-1	1
506	5	877.62	1	-1	1
506	5	2216.1	1	-1	1
506	5	2139.5	0	-1	1
506	5	1876.2	1	-1	1
506	5	1517.2	1	-1	1
506	5	1718	1	-1	1
506	5	1304.6	1	-1	1
506	5	1482.1	1	-1	1
506	5	1641.7	1	-1	1
506	5	2175.1	1	-1	1
506	5	1670.7	1	-1	1
506	5	1433	1	-1	1
506	5	1454.3	1	-1	1
506	5	1586.6	1	-1	1
506	5	1274.1	1	-1	1
506	5	1387	1	-1	1
506	5	1175.2	1	-1	1
506	5	1063.8	1	-1	1
506	5	1375.4	1	-1	1
506	5	3523.3	0	-1	1
506	5	1540.8	1	-1	1
506	5	1514.8	0	-1	1
506	5	1285.4	1	-1	1
506	5	2242	1	-1	1
506	5	2419	0	-1	1
506	5	2031.8	1	-1	1
506	5	2326.7	1	-1	1
506	5	1815.5	1	-1	1
506	5	2794.4	1	-1	1
506	5	2640.7	0	-1	1
506	5	2293.8	1	-1	1
506	5	1938.8	1	-1	1
506	5	2212.1	1	-1	1
506	5	1308	1	-1	1
506	5	2184.3	1	-1	1
506	5	1921.6	1	-1	1
506	5	2133.1	1	-1	1
506	5	2258.7	1	-1	1
506	5	1995.9	1	-1	1
506	5	1179.5	0	-1	1
506	5	1506.2	1	-1	1
506	5	1480.1	1	-1	1
506	5	925.57	1	-1	1
506	5	1202.7	1	-1	1
506	5	1372.5	1	-1	1
506	5	2041.4	1	-1	1
506	5	2039.2	1	-1	1
506	5	1604.6	1	-1	1
506	5	1227	1	-1	1
506	5	2220	1	-1	1
506	5	1410.7	1	-1	1
506	5	1504.2	1	-1	1
506	5	1542.5	1	-1	1
506	5	1422.4	1	-1	1
506	5	1238.5	1	-1	1
506	5	1452.9	1	-1	1
506	5	1407.6	1	-1	1
506	5	911.02	1	-1	1
506	5	1238.4	1	-1	1
506	5	1156.6	1	-1	1
506	5	1529.4	1	-1	1
506	5	1110.7	1	-1	1
506	5	1218.4	1	-1	1
506	5	1262.4	1	-1	1
506	5	1245.1	1	-1	1
506	5	1631.3	1	-1	1
506	5	1959.9	1	-1	1
506	5	1378.7	1	-1	1
506	5	1328.9	1	-1	1
506	5	1807.7	1	-1	1
506	5	2212.6	0	-1	1
506	5	1920.1	1	-1	1
506	5	1652.5	1	-1	1
506	5	2638.4	1	-1	1
506	5	1221.5	1	-1	1
506	5	1706	1	-1	1
506	5	2869.6	1	-1	1
506	5	2261.6	1	-1	1
506	5	3247.4	1	-1	1
506	5	2293.2	1	-1	1
506	5	1384.7	1	-1	1
506	5	2036.9	1	-1	1
506	5	1226.9	1	-1	1
506	5	1160	1	-1	1
506	5	1729.9	1	-1	1
506	5	1526.2	1	-1	1
506	5	1307	1	-1	1
506	5	2241.9	1	-1	1
506	5	1051.2	1	-1	1
506	5	2429.3	0	-1	1
506	5	2324.6	0	-1	1
506	5	1841.7	1	-1	1
506	5	1813.2	1	-1	1
506	5	2482.3	1	-1	1
506	5	2256.3	0	-1	1
506	5	1453.3	1	-1	1
506	5	2189.5	1	-1	1
506	5	1960	1	-1	1
506	5	1863.5	1	-1	1
506	5	1912.3	1	-1	1
506	5	1400.4	1	-1	1
506	5	1405.2	1	-1	1
506	5	1490.3	1	-1	1
506	5	1629	1	-1	1
506	5	2136.1	1	-1	1
506	5	2214.2	1	-1	1
506	5	1707.6	1	-1	1
506	5	1933.8	1	-1	1
506	5	1986.5	1	-1	1
506	5	2297.8	1	-1	1
506	5	2065.5	1	-1	1
506	5	1179.1	1	-1	1
506	5	2422.7	0	-1	1
506	5	1898.9	1	-1	1
506	5	1416.4	1	-1	1
506	5	1170.7	1	-1	1
506	5	2488.5	1	-1	1
506	5	1765	1	-1	1
506	5	1511.8	1	-1	1
506	5	1443.8	1	-1	1
506	5	2107.3	1	-1	1
506	5	2264.7	0	-1	1
506	5	2050.8	1	-1	1
506	5	2313.4	1	-1	1
506	5	3462.7	1	-1	1
506	5	1799.2	1	-1	1
506	5	2186.4	1	-1	1
506	5	2020.8	1	-1	1
506	5	1296.6	1	-1	1
506	5	2356.3	1	-1	1
506	5	1346.3	1	-1	1
506	5	2268.1	1	-1	1
506	5	1834.2	1	-1	1
506	5	2638.8	1	-1	1
506	5	2089.2	1	-1	1
506	5	1146.2	1	-1	1
506	5	1531.4	1	-1	1
506	5	1227	1	-1	1
506	5	2369.3	1	-1	1
506	5	2781.1	1	-1	1
506	5	2637	1	-1	1
506	5	1620.1	1	-1	1
506	5	1177.4	1	-1	1
506	5	2303.3	1	-1	1
506	5	1629.6	1	-1	1
506	5	1767.3	1	-1	1
506	5	1461.4	1	-1	1
506	5	1101.3	1	-1	1
506	5	1097.3	1	-1	1
506	5	1264.1	1	-1	1
506	5	1691.3	1	-1	1
506	5	1862.5	1	-1	1
506	5	1212.8	1	-1	1
506	5	1703.5	1	-1	1
506	5	1376.6	1	-1	1
506	5	1235.7	1	-1	1
506	5	1847.6	1	-1	1
506	5	2403.9	1	-1	1
506	5	1813.1	1	-1	1
506	5	1639.3	1	-1	1
506	5	2803.2	0	-1	1
506	5	1401.2	1	-1	1
506	5	1465.2	1	-1	1
506	5	1779.5	1	-1	1
506	5	2095.8	1	-1	1
506	5	1568.9	1	-1	1
506	5	2110.4	1	-1	1
506	5	1181.5	1	-1	1
506	5	2381.9	1	-1	1
506	5	2909.6	1	-1	1
506	5	3100.1	1	-1	1
506	5	2148.1	1	-1	1
506	5	2235.7	1	-1	1
506	5	2449.3	1	-1	1
506	5	1065.5	1	-1	1
506	5	2393.9	1	-1	1
506	5	2490.6	1	-1	1
506	5	1518.3	1	-1	1
506	5	1693.1	1	-1	1
506	5	1800.8	1	-1	1
506	5	2381.9	1	-1	1
506	5	1472.4	1	-1	1
506	5	3599.3	1	-1	1
506	5	2087.5	1	-1	1
506	5	1354.5	1	-1	1
506	5	1398.8	1	-1	1
506	5	2208.7	1	-1	1
506	5	1538.8	1	-1	1
506	5	2311.3	1	-1	1
506	5	3356.9	1	-1	1
506	5	2644.4	1	-1	1
506	5	2299.9	1	-1	1
506	5	2907.1	1	-1	1
506	5	2012.9	1	-1	1
506	5	2261.1	1	-1	1
506	5	1936.2	1	-1	1
506	5	2162.1	1	-1	1
506	5	2247.2	1	-1	1
506	5	1533.8	1	-1	1
506	5	2620.6	1	-1	1
506	5	3101.8	1	-1	1
506	5	1240.6	1	-1	1
506	5	2526.5	1	-1	1
506	5	1422.5	1	-1	1
506	5	1902	1	-1	1
506	5	2538.6	1	-1	1
506	5	2004.1	1	-1	1
506	5	1351.4	1	-1	1
506	5	3167.4	0	-1	1
506	5	2077.4	1	-1	1
506	5	2826.4	1	-1	1
506	5	2333	1	-1	1
506	5	1524.5	1	-1	1
506	5	1540.3	1	-1	1
506	5	1531.6	1	-1	1
506	5	2142.3	1	-1	1
506	5	1240.8	1	-1	1
506	5	2363.7	1	-1	1
506	5	1413.2	1	-1	1
506	5	2713	1	-1	1
506	5	2571.7	1	-1	1
506	5	1239.3	1	-1	1
506	5	1266.4	1	-1	1
506	5	2076.5	1	-1	1
506	5	1496	1	-1	1
506	5	1904.1	1	-1	1
506	5	2549.4	1	-1	1
506	5	2184	1	-1	1
506	5	1573.2	1	-1	1
506	5	1971.4	1	-1	1
506	5	2002.8	1	-1	1
506	5	3765	1	-1	1
506	5	1949.6	1	-1	1
506	5	1405.1	1	-1	1
506	5	1514.2	1	-1	1
506	5	2489.4	1	-1	1
506	5	1635.6	1	-1	1
506	5	1189.3	1	-1	1
506	5	3612.6	1	-1	1
506	5	1788.3	1	-1	1
506	5	1493.7	1	-1	1
506	5	1333.3	1	-1	1
506	5	1393.1	1	-1	-1
506	5	932.26	1	-1	-1
506	5	1545	0	-1	-1
506	5	1107.7	1	-1	-1
506	5	1381.9	1	-1	-1
506	5	1124.9	1	-1	-1
506	5	956.42	1	-1	-1
506	5	798.96	1	-1	-1
506	5	889.69	1	-1	-1
506	5	1326.6	1	-1	-1
506	5	1332.9	1	-1	-1
506	5	1329.3	1	-1	-1
506	5	708.96	1	-1	-1
506	5	1824.7	1	-1	-1
506	5	1465.6	1	-1	-1
506	5	1082	1	-1	-1
506	5	861.99	1	-1	-1
506	5	1310.2	1	-1	-1
506	5	1122.2	1	-1	-1
506	5	1123.3	1	-1	-1
506	5	1013.1	1	-1	-1
506	5	658.93	1	-1	-1
506	5	1988.8	1	-1	-1
506	5	563.78	1	-1	-1
506	5	733.42	1	-1	-1
506	5	556	1	-1	-1
506	5	1236.6	1	-1	-1
506	5	708.15	1	-1	-1
506	5	1335.9	1	-1	-1
506	5	600.79	1	-1	-1
506	5	1695.9	1	-1	-1
506	5	466.19	1	-1	-1
506	5	1287.4	1	-1	-1
506	5	920.32	1	-1	-1
506	5	878.32	1	-1	-1
506	5	808.33	1	-1	-1
506	5	1075.6	1	-1	-1
506	5	1184.9	1	-1	-1
506	5	1063.1	1	-1	-1
506	5	1211.9	1	-1	-1
506	5	718.44	1	-1	-1
506	5	1116.4	1	-1	-1
506	5	1172.7	1	-1	-1
506	5	674.14	1	-1	-1
506	5	999.34	1	-1	-1
506	5	906.56	1	-1	-1
506	5	665.39	1	-1	-1
506	5	756.61	1	-1	-1
506	5	763.73	1	-1	-1
506	5	870.9	1	-1	-1
506	5	783.66	1	-1	-1
506	5	637.27	1	-1	-1
506	5	502.91	1	-1	-1
506	5	482.42	1	-1	-1
506	5	667.54	1	-1	-1
506	5	843.87	1	-1	-1
506	5	789.84	1	-1	-1
506	5	683.44	1	-1	-1
506	5	601.79	1	-1	-1
506	5	567.21	1	-1	-1
506	5	636.39	1	-1	-1
506	5	571.54	1	-1	-1
506	5	562.77	1	-1	-1
506	5	592.35	1	-1	-1
506	5	585.05	1	-1	-1
506	5	635.62	1	-1	-1
506	5	616.59	1	-1	-1
506	5	583.95	1	-1	-1
506	5	458.11	1	-1	-1
506	5	755.4	1	-1	-1
506	5	704.81	1	-1	-1
506	5	959.73	1	-1	-1
506	5	780.7	1	-1	-1
506	5	688.24	1	-1	-1
506	5	663.35	1	-1	-1
506	5	621.75	1	-1	-1
506	5	1221.2	1	-1	-1
506	5	913.46	1	-1	-1
506	5	671.75	1	-1	-1
506	5	834.2	1	-1	-1
506	5	669.46	1	-1	-1
506	5	791.96	1	-1	-1
506	5	573.7	1	-1	-1
506	5	744.53	1	-1	-1
506	5	1044.2	1	-1	-1
506	5	931.93	1	-1	-1
506	5	760.98	1	-1	-1
506	5	822.31	1	-1	-1
506	5	705.84	1	-1	-1
506	5	740.5	1	-1	-1
506	5	897.39	1	-1	-1
506	5	802.73	1	-1	-1
506	5	744.25	1	-1	-1
506	5	975.54	1	-1	-1
506	5	1117.9	1	-1	-1
506	5	1161.4	1	-1	-1
506	5	894.58	1	-1	-1
506	5	911.43	1	-1	-1
506	5	736.12	1	-1	-1
506	5	1131.6	0	-1	-1
506	5	1012.3	1	-1	-1
506	5	1474.1	1	-1	-1
506	5	670.03	1	-1	-1
506	5	1200.4	1	-1	-1
506	5	1674.6	1	-1	-1
506	5	725.13	1	-1	-1
506	5	808.5	1	-1	-1
506	5	955.96	1	-1	-1
506	5	952.2	1	-1	-1
506	5	1355.8	1	-1	-1
506	5	1192	1	-1	-1
506	5	1155	1	-1	-1
506	5	1532.4	1	-1	-1
506	5	954.05	1	-1	-1
506	5	923.82	1	-1	-1
506	5	850.24	1	-1	-1
506	5	705.49	1	-1	-1
506	5	910.04	1	-1	-1
506	5	947.49	1	-1	-1
506	5	972.77	1	-1	-1
506	5	1201.3	1	-1	-1
506	5	826.17	1	-1	-1
506	5	993.53	1	-1	-1
506	5	1009.6	1	-1	-1
506	5	1078.6	1	-1	-1
506	5	1085.7	1	-1	-1
506	5	1085.6	1	-1	-1
506	5	942.84	1	-1	-1
506	5	814.04	1	-1	-1
506	5	1211	1	-1	-1
506	5	1293	1	-1	-1
506	5	874.07	1	-1	-1
506	5	1021.7	1	-1	-1
506	5	765.75	1	-1	-1
506	5	771.8	1	-1	-1
506	5	930.61	1	-1	-1
506	5	1168.3	1	-1	-1
506	5	1432.9	1	-1	-1
506	5	1696.7	1	-1	-1
506	5	1249.4	1	-1	-1
506	5	986.68	1	-1	-1
506	5	1321.8	1	-1	-1
506	5	1696.1	1	-1	-1
506	5	1375	1	-1	-1
506	5	1163	1	-1	-1
506	5	1038.4	1	-1	-1
506	5	1028.7	1	-1	-1
506	5	984.63	1	-1	-1
506	5	1818	1	-1	-1
506	5	2670	1	-1	-1
506	5	1713.9	1	-1	-1
506	5	841.46	1	-1	-1
506	5	1011.5	1	-1	-1
506	5	842.53	1	-1	-1
506	5	729.23	1	-1	-1
506	5	811.56	1	-1	-1
506	5	906.53	1	-1	-1
506	5	868.63	1	-1	-1
506	5	967.85	1	-1	-1
506	5	1206.7	1	-1	-1
506	5	658.17	1	-1	-1
506	5	818.13	1	-1	-1
506	5	706.39	1	-1	-1
506	5	821.74	1	-1	-1
506	5	1036.7	1	-1	-1
506	5	1008.9	1	-1	-1
506	5	964.63	1	-1	-1
506	5	793.47	1	-1	-1
506	5	908.24	1	-1	-1
506	5	993.71	1	-1	-1
506	5	867.11	1	-1	-1
506	5	1185.9	1	-1	-1
506	5	1185.3	1	-1	-1
506	5	999.91	1	-1	-1
506	5	1089.9	1	-1	-1
506	5	989.29	1	-1	-1
506	5	1081.9	1	-1	-1
506	5	1020.3	1	-1	-1
506	5	1271.4	1	-1	-1
506	5	1133.8	1	-1	-1
506	5	1033.1	1	-1	-1
506	5	768.3	1	-1	-1
506	5	1132.2	1	-1	-1
506	5	1019.8	1	-1	-1
506	5	982.37	1	-1	-1
506	5	951.25	1	-1	-1
506	5	1177.4	1	-1	-1
506	5	1935.1	1	-1	-1
506	5	1440.4	1	-1	-1
506	5	1044.1	1	-1	-1
506	5	974.55	1	-1	-1
506	5	1120	1	-1	-1
506	5	1140.9	1	-1	-1
506	5	1099.4	1	-1	-1
506	5	2057.7	1	-1	-1
506	5	1104.6	1	-1	-1
506	5	1307.6	1	-1	-1
506	5	1342	1	-1	-1
506	5	1217	1	-1	-1
506	5	1176.5	1	-1	-1
506	5	1402.2	1	-1	-1
506	5	813.13	1	-1	-1
506	5	832.59	1	-1	-1
506	5	1181.3	1	-1	-1
506	5	956.67	1	-1	-1
506	5	1089.3	1	-1	-1
506	5	1375	1	-1	-1
506	5	1230	1	-1	-1
506	5	985.77	1	-1	-1
506	5	1038.2	1	-1	-1
506	5	973.42	1	-1	-1
506	5	1012.3	1	-1	-1
506	5	962.91	1	-1	-1
506	5	977.79	1	-1	-1
506	5	1850.1	1	-1	-1
506	5	1122.9	1	-1	-1
506	5	1587	1	-1	-1
506	5	1557.6	1	-1	-1
506	5	973.92	1	-1	-1
506	5	1252	1	-1	-1
506	5	1190.9	1	-1	-1
506	5	927.43	1	-1	-1
506	5	1823.3	1	-1	-1
506	5	1335.8	1	-1	-1
506	5	1162.2	1	-1	-1
506	5	1547.6	1	-1	-1
506	5	1403.9	1	-1	-1
506	5	778.51	1	-1	-1
506	5	1167.4	1	-1	-1
506	5	1002.8	1	-1	-1
506	5	1128.1	1	-1	-1
506	5	1708.4	1	-1	-1
506	5	1752.7	1	-1	-1
506	5	1214.4	1	-1	-1
506	5	2422.2	1	-1	-1
506	5	918.47	1	-1	-1
506	5	1241.4	1	-1	-1
506	5	1212.9	1	-1	-1
506	5	1632.2	1	-1	-1
506	5	1224.7	1	-1	-1
506	5	1332.7	1	-1	-1
506	5	2634.8	1	-1	-1
506	5	771.41	1	-1	-1
506	5	914.38	1	-1	-1
506	5	1473.6	1	-1	-1
506	5	867.89	1	-1	-1
506	5	1853	1	-1	-1
506	5	1198.7	1	-1	-1
506	5	1751.2	1	-1	-1
506	5	1089.1	1	-1	-1
506	5	1210.2	1	-1	-1
506	5	1338.3	1	-1	-1
506	5	1735.2	1	-1	-1
506	5	2053.3	1	-1	-1
506	5	1167.7	1	-1	-1
506	5	840.09	1	-1	-1
506	5	1015.7	1	-1	-1
506	5	867.3	1	-1	-1
506	5	1038.7	1	-1	-1
506	5	949.72	1	-1	-1
506	5	1134.2	1	-1	-1
506	5	1115.8	1	-1	-1
506	5	764.82	1	-1	-1
506	5	790.97	1	-1	-1
506	5	850.28	1	-1	-1
506	5	1007.1	1	-1	-1
506	5	876.07	1	-1	-1
506	5	843.34	1	-1	-1
506	5	702.63	1	-1	-1
506	5	1240.7	1	-1	-1
506	5	1054.2	1	-1	-1
506	5	848.52	1	-1	-1
506	5	781.31	1	-1	-1
506	5	1209.7	1	-1	-1
506	5	1111.6	1	-1	-1
506	5	921.07	1	-1	-1
506	5	1146.9	1	-1	-1
506	5	1794.6	1	-1	-1
506	5	1586.3	1	-1	-1
506	5	1924.4	1	-1	-1
506	5	869.73	1	-1	-1
506	5	805.37	1	-1	-1
506	5	1654.7	1	-1	-1
506	5	1376.9	1	-1	-1
506	5	976.77	1	-1	-1
506	5	1406.2	1	-1	-1
506	5	1140	1	-1	-1
506	5	1341.4	1	-1	-1
506	5	910.91	1	-1	-1
506	5	1880	1	-1	-1
506	5	3913.9	1	-1	-1
506	5	864.71	1	-1	-1
506	5	1213.6	1	-1	-1
506	5	1044.5	1	-1	-1
506	5	1146.7	1	-1	-1
506	5	897.27	1	-1	-1
506	5	1425.7	1	-1	-1
506	5	2364.5	1	-1	-1
506	5	1241.1	1	-1	-1
506	5	1545.6	1	-1	-1
506	5	1105.6	1	-1	-1
506	5	1865	1	-1	-1
506	5	2911	1	-1	-1
506	5	2957.4	1	-1	-1
506	5	1852.3	1	-1	-1
506	5	1151.8	1	-1	-1
506	5	1571.7	1	-1	-1
506	5	1503.2	1	-1	-1
506	5	1055.2	1	-1	-1
506	5	1501.7	1	-1	-1
506	5	1108.9	1	-1	-1
506	5	1177.6	1	-1	-1
506	5	1485.8	1	-1	-1
506	5	1573.3	1	-1	-1
506	5	2393.4	1	-1	-1
506	5	2015.6	1	-1	-1
506	5	968.11	1	-1	-1
506	5	1254.8	1	-1	-1
506	5	1470.7	1	-1	-1
506	5	776.22	1	-1	-1
506	5	1085.5	1	-1	-1
506	5	1566.9	1	-1	-1
506	5	1522.4	1	-1	-1
506	5	1400.8	1	-1	-1
506	5	875.12	1	-1	-1
506	5	785.57	1	-1	-1
506	5	1161.9	1	-1	-1
506	5	738.99	1	-1	-1
506	5	991.47	1	-1	-1
506	5	1632.8	1	-1	-1
506	5	1278.1	1	-1	-1
506	5	977.21	1	-1	-1
506	5	1444.7	1	-1	-1
506	5	949.24	1	-1	-1
506	5	1057.5	1	-1	-1
506	5	953.21	1	-1	-1
506	5	1226.9	1	-1	-1
506	5	1212	1	-1	-1
506	5	790.94	1	-1	-1
506	5	1524.5	1	-1	-1
506	5	1497.4	1	-1	-1
506	5	1313.2	1	-1	-1
506	5	927.06	1	-1	-1
506	5	967.83	1	-1	-1
506	5	1383.8	1	-1	-1
506	5	1412.4	1	-1	-1
506	5	804.2	1	-1	-1
506	5	824.54	1	-1	-1
506	5	1810	1	-1	-1
506	5	1363.5	1	-1	-1
506	5	742.82	1	-1	-1
506	5	1013	1	-1	-1
506	5	1005.7	1	-1	-1
506	5	991.63	1	-1	-1
506	5	2050.6	1	-1	-1
506	5	725.26	1	-1	-1
506	5	876.48	1	-1	-1
