703	7	1075.9	1	2	2
703	7	941.47	1	2	2
703	7	1137.8	1	2	2
703	7	971.12	1	2	2
703	7	982.12	1	2	2
703	7	1142.9	1	2	2
703	7	1094.9	1	2	2
703	7	821.91	1	2	2
703	7	861.96	1	2	2
703	7	983.43	1	2	2
703	7	681.88	1	2	2
703	7	708.29	1	2	2
703	7	1014.3	1	2	2
703	7	850.53	1	2	2
703	7	768.52	1	2	2
703	7	804.26	1	2	2
703	7	848.14	1	2	2
703	7	669.35	1	2	2
703	7	864.53	1	2	2
703	7	952.29	1	2	2
703	7	952.86	1	2	2
703	7	893.17	1	2	2
703	7	795.29	1	2	2
703	7	731.41	1	2	2
703	7	730.47	1	2	2
703	7	1012.5	1	2	2
703	7	1273.7	1	2	2
703	7	1171.3	1	2	2
703	7	917.6	1	2	2
703	7	900.78	1	2	2
703	7	814.2	1	2	2
703	7	965.47	1	2	2
703	7	863.7	1	2	2
703	7	853.19	1	2	2
703	7	716.73	1	2	2
703	7	763.45	1	2	2
703	7	997.81	1	2	2
703	7	919.96	1	2	2
703	7	1052	1	2	2
703	7	907.9	1	2	2
703	7	1562.7	1	2	2
703	7	810.63	1	2	2
703	7	898.06	1	2	2
703	7	750.47	1	2	2
703	7	1017.2	1	2	2
703	7	716.08	1	2	2
703	7	719.92	1	2	2
703	7	698.7	1	2	2
703	7	682.66	1	2	2
703	7	1041.2	1	2	2
703	7	829.14	1	2	2
703	7	1570	1	2	2
703	7	990.94	1	2	2
703	7	1025.2	1	2	2
703	7	1337.5	1	2	2
703	7	1029	1	2	2
703	7	1097	1	2	2
703	7	927.71	1	2	2
703	7	1013	1	2	2
703	7	1504.2	1	2	2
703	7	1059.1	1	2	2
703	7	870.01	1	2	2
703	7	852.42	1	2	2
703	7	838.83	1	2	2
703	7	876.08	1	2	2
703	7	1142.9	1	2	2
703	7	848.59	1	2	2
703	7	823	1	2	2
703	7	1002.6	1	2	2
703	7	857.18	1	2	2
703	7	855.26	1	2	2
703	7	775.63	1	2	2
703	7	827.43	1	2	2
703	7	1224.5	1	2	2
703	7	776.83	1	2	2
703	7	790.99	1	2	2
703	7	636.77	1	2	2
703	7	884.69	1	2	2
703	7	762.04	1	2	2
703	7	832.17	1	2	2
703	7	1142.3	1	2	2
703	7	1004.8	1	2	2
703	7	983.97	1	2	2
703	7	907.86	1	2	2
703	7	1005.1	1	2	2
703	7	1403.6	1	2	2
703	7	869.74	1	2	2
703	7	860.58	1	2	2
703	7	708.11	1	2	2
703	7	1006.7	1	2	2
703	7	771.38	1	2	2
703	7	886.56	1	2	2
703	7	806.26	1	2	2
703	7	1171.5	1	2	2
703	7	838.13	1	2	2
703	7	669.02	1	2	2
703	7	822.91	1	2	2
703	7	818.17	1	2	2
703	7	776.71	1	2	2
703	7	725.75	1	2	2
703	7	891.11	1	2	2
703	7	1020.2	1	2	2
703	7	1130.1	1	2	2
703	7	841.36	1	2	2
703	7	838.17	1	2	2
703	7	862.12	1	2	2
703	7	844.12	1	2	2
703	7	847.74	1	2	2
703	7	1017.7	1	2	2
703	7	794.76	1	2	2
703	7	1294.7	1	2	2
703	7	845.65	1	2	2
703	7	757.66	1	2	2
703	7	804.05	1	2	2
703	7	845.18	1	2	2
703	7	906.83	1	2	2
703	7	832.18	1	2	2
703	7	805.98	1	2	2
703	7	1351.5	1	2	2
703	7	725.19	1	2	2
703	7	691.1	1	2	2
703	7	725.58	1	2	2
703	7	720	1	2	2
703	7	735.68	1	2	2
703	7	739.15	1	2	2
703	7	789.86	1	2	2
703	7	766.92	1	2	2
703	7	830.76	1	2	2
703	7	808.94	1	2	2
703	7	747.76	1	2	2
703	7	1079.7	1	2	2
703	7	1060.1	1	2	2
703	7	939.82	1	2	2
703	7	1012.3	1	2	2
703	7	752.22	1	2	2
703	7	1133	1	2	2
703	7	805.72	1	2	2
703	7	941.24	1	2	2
703	7	811.88	1	2	2
703	7	784.34	1	2	2
703	7	830.46	1	2	2
703	7	760.91	1	2	2
703	7	758.59	1	2	2
703	7	716.97	1	2	2
703	7	731.57	1	2	2
703	7	790.33	1	2	2
703	7	994.88	1	2	2
703	7	850.87	1	2	2
703	7	896.49	1	2	2
703	7	856.23	1	2	2
703	7	692.68	1	2	2
703	7	672.85	1	2	2
703	7	760.44	1	2	2
703	7	616.1	1	2	2
703	7	728.41	1	2	2
703	7	709.05	1	2	2
703	7	666.06	1	2	2
703	7	815.56	1	2	2
703	7	673.28	1	2	2
703	7	759.46	1	2	2
703	7	644.51	1	2	2
703	7	683.66	1	2	2
703	7	783.42	1	2	2
703	7	615.18	1	2	2
703	7	791.02	1	2	2
703	7	768.77	1	2	2
703	7	787.65	1	2	2
703	7	687.48	1	2	2
703	7	874.91	1	2	2
703	7	719.35	1	2	2
703	7	690.38	1	2	2
703	7	625.61	1	2	2
703	7	789.26	1	2	2
703	7	898.73	1	2	2
703	7	704.9	1	2	2
703	7	653.71	1	2	2
703	7	714.05	1	2	2
703	7	859.4	1	2	2
703	7	679.05	1	2	2
703	7	720.56	1	2	2
703	7	834.72	1	2	2
703	7	632.28	1	2	2
703	7	753.39	1	2	2
703	7	686.36	1	2	2
703	7	712.36	1	2	2
703	7	840.57	1	2	2
703	7	804.23	1	2	2
703	7	842.51	1	2	2
703	7	775.91	1	2	2
703	7	894.74	1	2	2
703	7	685.9	1	2	2
703	7	706.36	1	2	2
703	7	756.49	1	2	2
703	7	705.3	1	2	2
703	7	730.28	1	2	2
703	7	657.37	1	2	2
703	7	742.4	1	2	2
703	7	674.43	1	2	2
703	7	695	1	2	2
703	7	709.05	1	2	2
703	7	887.74	1	2	2
703	7	823.69	1	2	2
703	7	870.49	1	2	2
703	7	763.99	1	2	2
703	7	705.87	1	2	2
703	7	685	1	2	2
703	7	758.58	1	2	2
703	7	752.53	1	2	2
703	7	702.88	1	2	2
703	7	899.68	1	2	2
703	7	712.44	1	2	2
703	7	964.35	1	2	2
703	7	812.56	1	2	2
703	7	725.27	1	2	2
703	7	724.99	1	2	2
703	7	707.28	1	2	2
703	7	729.76	1	2	2
703	7	758	1	2	2
703	7	722.46	1	2	2
703	7	820.12	1	2	2
703	7	691.08	1	2	2
703	7	740.16	1	2	2
703	7	765.72	1	2	2
703	7	1052.3	1	2	2
703	7	721.37	1	2	2
703	7	709.83	1	2	2
703	7	885.31	1	2	2
703	7	1043.6	1	2	2
703	7	918.31	1	2	2
703	7	1149.9	1	2	2
703	7	808.93	1	2	2
703	7	979.81	1	2	2
703	7	802.14	1	2	2
703	7	750.68	1	2	2
703	7	810.64	1	2	2
703	7	857.87	1	2	2
703	7	731.1	1	2	2
703	7	742.34	1	2	2
703	7	798.75	1	2	2
703	7	1008.2	1	2	2
703	7	811.76	1	2	2
703	7	793.91	1	2	2
703	7	805.74	1	2	2
703	7	1012.8	1	2	2
703	7	863.51	1	2	2
703	7	722.41	1	2	2
703	7	748.23	1	2	2
703	7	715.36	1	2	2
703	7	803.86	1	2	2
703	7	762	1	2	2
703	7	846.29	1	2	2
703	7	789.94	1	2	2
703	7	995.82	1	2	2
703	7	723.12	1	2	2
703	7	670.76	1	2	2
703	7	862.42	1	2	2
703	7	757.16	1	2	2
703	7	731.96	1	2	2
703	7	736.8	1	2	2
703	7	819.38	1	2	2
703	7	888.97	1	2	2
703	7	977.15	1	2	2
703	7	827.08	1	2	2
703	7	743.05	1	2	2
703	7	705.34	1	2	2
703	7	948.54	1	2	2
703	7	752	1	2	2
703	7	699.65	1	2	2
703	7	1082.2	1	2	2
703	7	779.94	1	2	2
703	7	1142.2	1	2	2
703	7	826.53	1	2	2
703	7	779.55	1	2	2
703	7	739.65	1	2	2
703	7	851.01	1	2	2
703	7	856.69	1	2	2
703	7	791.73	1	2	2
703	7	787.15	1	2	2
703	7	724.72	1	2	2
703	7	585.62	1	2	2
703	7	679.36	1	2	2
703	7	761.64	1	2	2
703	7	715.66	1	2	2
703	7	863.03	1	2	2
703	7	666	1	2	2
703	7	1000.3	1	2	2
703	7	714.67	1	2	2
703	7	612.69	1	2	2
703	7	792.02	1	2	2
703	7	711.11	1	2	2
703	7	936.37	1	2	2
703	7	764.07	1	2	2
703	7	919.81	1	2	2
703	7	736.29	1	2	2
703	7	836.14	1	2	2
703	7	676.57	1	2	2
703	7	661.27	1	2	2
703	7	942.55	1	2	2
703	7	776.03	1	2	2
703	7	722.56	1	2	2
703	7	763.14	1	2	2
703	7	649.93	1	2	2
703	7	735.19	1	2	2
703	7	791.93	1	2	2
703	7	991.52	1	2	2
703	7	671.8	1	2	2
703	7	765.25	1	2	2
703	7	757.41	1	2	2
703	7	776.73	1	2	2
703	7	796.98	1	2	2
703	7	660.04	1	2	2
703	7	892.91	1	2	2
703	7	700.17	1	2	2
703	7	657.53	1	2	2
703	7	720	1	2	2
703	7	828.04	1	2	2
703	7	794.41	1	2	2
703	7	716.84	1	2	2
703	7	726.4	1	2	2
703	7	889.58	1	2	2
703	7	955.85	1	2	2
703	7	668.58	1	2	2
703	7	891.76	1	2	2
703	7	756.06	1	2	2
703	7	812.82	1	2	2
703	7	779.97	1	2	2
703	7	753.78	1	2	2
703	7	699.45	1	2	2
703	7	672.64	1	2	2
703	7	720.11	1	2	2
703	7	695.13	1	2	2
703	7	735.73	1	2	2
703	7	748.02	1	2	2
703	7	883.51	1	2	2
703	7	770.69	1	2	2
703	7	701.82	1	2	2
703	7	1596.4	1	2	2
703	7	843.82	1	2	2
703	7	745.41	1	2	2
703	7	650.55	1	2	2
703	7	752.32	1	2	2
703	7	755.98	1	2	2
703	7	682.36	1	2	2
703	7	822.72	1	2	2
703	7	703.76	1	2	2
703	7	666.84	1	2	2
703	7	708.15	1	2	2
703	7	857.11	1	2	2
703	7	725.49	1	2	2
703	7	1024	1	2	2
703	7	954.82	1	2	1
703	7	1202.5	1	2	1
703	7	1129.6	1	2	1
703	7	1124.7	1	2	1
703	7	1276.7	1	2	1
703	7	1095.1	1	2	1
703	7	1358.4	1	2	1
703	7	1108	1	2	1
703	7	1341.5	1	2	1
703	7	963.66	1	2	1
703	7	1537	1	2	1
703	7	897.86	1	2	1
703	7	1326.3	1	2	1
703	7	1373.9	1	2	1
703	7	929.23	1	2	1
703	7	1177.5	1	2	1
703	7	948.25	1	2	1
703	7	1184.3	1	2	1
703	7	1631.1	1	2	1
703	7	1030.6	1	2	1
703	7	1280.4	1	2	1
703	7	814.15	1	2	1
703	7	727.46	1	2	1
703	7	1544.6	1	2	1
703	7	953.99	1	2	1
703	7	970.02	1	2	1
703	7	1648.9	1	2	1
703	7	1211.1	1	2	1
703	7	1478.8	1	2	1
703	7	1267.8	1	2	1
703	7	1392.5	1	2	1
703	7	2048.3	1	2	1
703	7	1025	1	2	1
703	7	1003.2	1	2	1
703	7	1041	1	2	1
703	7	1029.9	1	2	1
703	7	1299.9	1	2	1
703	7	1003.1	1	2	1
703	7	1913.9	1	2	1
703	7	1047.6	1	2	1
703	7	1668.8	1	2	1
703	7	1261.2	1	2	1
703	7	1198.5	1	2	1
703	7	813.69	1	2	1
703	7	904.68	1	2	1
703	7	1754.2	1	2	1
703	7	796.66	1	2	1
703	7	939.88	1	2	1
703	7	791.57	1	2	1
703	7	915.28	1	2	1
703	7	905.8	1	2	1
703	7	1023.4	1	2	1
703	7	1102.6	1	2	1
703	7	1534	1	2	1
703	7	1108.2	1	2	1
703	7	1591.6	1	2	1
703	7	1444.1	1	2	1
703	7	1750.6	1	2	1
703	7	1624.6	1	2	1
703	7	1593.6	1	2	1
703	7	1784.7	1	2	1
703	7	1177.7	1	2	1
703	7	1513.5	1	2	1
703	7	1441.7	1	2	1
703	7	1648	1	2	1
703	7	1387.7	1	2	1
703	7	1403.7	1	2	1
703	7	1380.9	1	2	1
703	7	1218.1	1	2	1
703	7	1234.4	1	2	1
703	7	1113.9	1	2	1
703	7	936.55	1	2	1
703	7	1257.6	1	2	1
703	7	924.6	1	2	1
703	7	1212.5	1	2	1
703	7	872.5	1	2	1
703	7	960.85	1	2	1
703	7	1135.5	1	2	1
703	7	1161.6	1	2	1
703	7	1196.6	1	2	1
703	7	787.95	1	2	1
703	7	1225.9	1	2	1
703	7	1112.4	1	2	1
703	7	1074.2	1	2	1
703	7	938.28	1	2	1
703	7	1153	1	2	1
703	7	1275.2	1	2	1
703	7	1179.4	1	2	1
703	7	851.53	1	2	1
703	7	867.15	1	2	1
703	7	1126	1	2	1
703	7	941.4	1	2	1
703	7	1240.6	1	2	1
703	7	1244.5	1	2	1
703	7	723.3	1	2	1
703	7	1009.9	1	2	1
703	7	739.84	1	2	1
703	7	917.87	1	2	1
703	7	1177.1	1	2	1
703	7	1163.9	1	2	1
703	7	1427.6	1	2	1
703	7	1028.9	1	2	1
703	7	1048.8	1	2	1
703	7	1313.6	1	2	1
703	7	1070.5	1	2	1
703	7	1710.7	0	2	1
703	7	1273.7	1	2	1
703	7	1273.9	1	2	1
703	7	1226.4	1	2	1
703	7	1009.6	1	2	1
703	7	707.1	1	2	1
703	7	1071.9	1	2	1
703	7	1005.4	1	2	1
703	7	975.45	1	2	1
703	7	1440.6	1	2	1
703	7	1198	1	2	1
703	7	1148.4	1	2	1
703	7	1488.2	1	2	1
703	7	1477.3	1	2	1
703	7	898.83	1	2	1
703	7	1198.1	1	2	1
703	7	777.72	1	2	1
703	7	953.02	1	2	1
703	7	949.2	1	2	1
703	7	1062.2	1	2	1
703	7	1290.8	1	2	1
703	7	1215.7	1	2	1
703	7	965.46	1	2	1
703	7	770.8	1	2	1
703	7	973.88	1	2	1
703	7	850.89	1	2	1
703	7	1100.8	1	2	1
703	7	1346.7	1	2	1
703	7	1027.8	1	2	1
703	7	869.46	1	2	1
703	7	983.02	1	2	1
703	7	869.99	1	2	1
703	7	997.89	1	2	1
703	7	1184.6	1	2	1
703	7	1021.7	1	2	1
703	7	1401	1	2	1
703	7	1253.6	1	2	1
703	7	1017.6	1	2	1
703	7	946.13	1	2	1
703	7	823.75	1	2	1
703	7	885.77	1	2	1
703	7	1260.7	1	2	1
703	7	1071.3	1	2	1
703	7	954.3	1	2	1
703	7	864.48	1	2	1
703	7	1011.8	1	2	1
703	7	892.62	1	2	1
703	7	993.72	1	2	1
703	7	1195.9	1	2	1
703	7	927.48	1	2	1
703	7	1056.2	1	2	1
703	7	700.27	1	2	1
703	7	924.32	1	2	1
703	7	764.78	1	2	1
703	7	858.35	1	2	1
703	7	671.12	0	2	1
703	7	1006.7	1	2	1
703	7	753.65	1	2	1
703	7	1202.7	1	2	1
703	7	1191.8	1	2	1
703	7	828.23	1	2	1
703	7	723.41	1	2	1
703	7	741.5	1	2	1
703	7	1074.6	1	2	1
703	7	821.6	1	2	1
703	7	900.63	1	2	1
703	7	848.19	1	2	1
703	7	867.54	1	2	1
703	7	1021.1	1	2	1
703	7	977.05	1	2	1
703	7	897.1	1	2	1
703	7	729.69	1	2	1
703	7	673.4	1	2	1
703	7	1208.1	1	2	1
703	7	719.36	1	2	1
703	7	1000.3	1	2	1
703	7	658.96	1	2	1
703	7	1245.7	1	2	1
703	7	1547.4	1	2	1
703	7	1041.8	1	2	1
703	7	1012.5	1	2	1
703	7	765.53	1	2	1
703	7	797.75	1	2	1
703	7	900.3	1	2	1
703	7	822.62	1	2	1
703	7	840.06	1	2	1
703	7	1076.6	1	2	1
703	7	778.87	1	2	1
703	7	771.2	1	2	1
703	7	1179	1	2	1
703	7	1579.3	1	2	1
703	7	795.81	1	2	1
703	7	721.45	1	2	1
703	7	752.87	1	2	1
703	7	977.23	1	2	1
703	7	952.51	1	2	1
703	7	862.36	1	2	1
703	7	1272.6	1	2	1
703	7	1289.8	1	2	1
703	7	1169.7	1	2	1
703	7	739.25	1	2	1
703	7	1111.6	1	2	1
703	7	1286.4	1	2	1
703	7	1018.1	1	2	1
703	7	910.7	1	2	1
703	7	1035.4	1	2	1
703	7	954.22	1	2	1
703	7	1044	1	2	1
703	7	1205.2	1	2	1
703	7	1090.9	1	2	1
703	7	1280	1	2	1
703	7	707.6	1	2	1
703	7	808.67	1	2	1
703	7	828.01	1	2	1
703	7	1016.9	1	2	1
703	7	1046.9	1	2	1
703	7	691.02	1	2	1
703	7	1013.8	1	2	1
703	7	1419.2	1	2	1
703	7	949.03	1	2	1
703	7	739.31	1	2	1
703	7	1068.5	1	2	1
703	7	845.34	1	2	1
703	7	750.51	1	2	1
703	7	812.23	1	2	1
703	7	1073.1	1	2	1
703	7	1525.4	1	2	1
703	7	942.61	1	2	1
703	7	1127.6	1	2	1
703	7	769.53	1	2	1
703	7	795.65	1	2	1
703	7	1002.5	1	2	1
703	7	992.56	1	2	1
703	7	1342.2	1	2	1
703	7	1478.9	1	2	1
703	7	1061.4	1	2	1
703	7	929.61	1	2	1
703	7	938.8	1	2	1
703	7	1388.5	1	2	1
703	7	913.28	1	2	1
703	7	872.71	1	2	1
703	7	971.17	1	2	1
703	7	922.84	1	2	1
703	7	904.3	1	2	1
703	7	1174.7	1	2	1
703	7	1751.3	1	2	1
703	7	1801.8	1	2	1
703	7	970.11	1	2	1
703	7	1062.5	1	2	1
703	7	854.15	1	2	1
703	7	1209.1	1	2	1
703	7	1153.5	1	2	1
703	7	1000.9	1	2	1
703	7	1030.4	1	2	1
703	7	1279.8	1	2	1
703	7	1368.1	1	2	1
703	7	1048	1	2	1
703	7	1047.8	1	2	1
703	7	830.78	1	2	1
703	7	1021.9	1	2	1
703	7	1326	1	2	1
703	7	948.04	1	2	1
703	7	1252.6	1	2	1
703	7	923	1	2	1
703	7	1077.8	1	2	1
703	7	1244.4	1	2	1
703	7	1287.8	1	2	1
703	7	914.27	1	2	1
703	7	1069.5	1	2	1
703	7	979.68	1	2	1
703	7	876.08	1	2	1
703	7	1356.2	1	2	1
703	7	1152.6	1	2	1
703	7	887.75	1	2	1
703	7	897.34	1	2	1
703	7	822.64	1	2	1
703	7	1041.4	1	2	1
703	7	837.03	1	2	1
703	7	1271.2	1	2	1
703	7	1055.4	1	2	1
703	7	829.26	1	2	1
703	7	811.67	1	2	1
703	7	1018.9	1	2	1
703	7	913.03	1	2	1
703	7	798.23	1	2	1
703	7	1170	1	2	1
703	7	1089.4	1	2	1
703	7	996.03	1	2	1
703	7	1138.4	1	2	1
703	7	985.4	1	2	1
703	7	1013.1	1	2	1
703	7	1664.7	1	2	1
703	7	1008.5	1	2	1
703	7	1108.7	1	2	1
703	7	874.52	1	2	1
703	7	1421	1	2	1
703	7	707.18	1	2	1
703	7	776.33	1	2	1
703	7	890.26	1	2	1
703	7	678.38	1	2	1
703	7	742.45	1	2	1
703	7	1040	1	2	1
703	7	843.96	1	2	1
703	7	966.88	1	2	1
703	7	965.37	1	2	1
703	7	859.85	1	2	1
703	7	882.81	1	2	1
703	7	818.65	1	2	1
703	7	666.16	1	2	1
703	7	975.39	1	2	1
703	7	701.84	1	2	1
703	7	1112.5	1	2	1
703	7	789.56	1	2	1
703	7	722.97	1	2	1
703	7	990.96	1	2	1
703	7	885.65	1	2	1
703	7	791.09	1	2	1
703	7	885.53	1	2	1
703	7	891.2	1	2	1
703	7	980.84	1	2	1
703	7	888.1	1	2	1
703	7	908.9	1	2	1
703	7	695.68	1	2	1
703	7	925.04	1	2	1
703	7	1168.9	1	2	1
703	7	874.27	1	2	1
703	7	1225	1	2	1
703	7	815.13	1	2	1
703	7	956.07	1	2	1
703	7	1138.7	1	2	1
703	7	1100.3	1	2	1
703	7	913.22	1	2	1
703	7	854.86	1	2	1
703	7	864.18	1	2	1
703	7	820.18	1	2	1
703	7	1014.1	1	2	1
703	7	727.64	1	2	1
703	7	978.87	1	2	1
703	7	800.7	1	2	1
703	7	876.81	1	2	1
703	7	693.95	1	2	1
703	7	1001.5	1	2	1
703	7	838.11	1	2	1
703	7	1325	1	2	1
703	7	833.21	1	2	1
703	7	1280.7	1	1	2
703	7	1354.4	1	1	2
703	7	1507	1	1	2
703	7	1187.1	1	1	2
703	7	1084.5	1	1	2
703	7	1282.5	1	1	2
703	7	867.29	1	1	2
703	7	1405.7	1	1	2
703	7	1473.7	1	1	2
703	7	1200.7	1	1	2
703	7	975.76	1	1	2
703	7	886.44	1	1	2
703	7	1058.6	1	1	2
703	7	936.04	1	1	2
703	7	757.03	1	1	2
703	7	930.67	1	1	2
703	7	1490.4	1	1	2
703	7	1693.8	1	1	2
703	7	1063.4	1	1	2
703	7	1134	1	1	2
703	7	1317.2	1	1	2
703	7	969.49	1	1	2
703	7	791.18	1	1	2
703	7	1497.2	1	1	2
703	7	2163.5	1	1	2
703	7	1014.7	1	1	2
703	7	1101.4	1	1	2
703	7	1261.6	1	1	2
703	7	1640.2	1	1	2
703	7	1055.5	1	1	2
703	7	1102.8	1	1	2
703	7	1064.6	1	1	2
703	7	1690.6	1	1	2
703	7	913.25	1	1	2
703	7	1298.1	1	1	2
703	7	1853.2	1	1	2
703	7	1020.9	1	1	2
703	7	1106.6	1	1	2
703	7	1458.4	1	1	2
703	7	784.74	1	1	2
703	7	1671.7	1	1	2
703	7	1125.5	1	1	2
703	7	859.64	1	1	2
703	7	1657	1	1	2
703	7	1057.5	1	1	2
703	7	948.94	1	1	2
703	7	733.79	1	1	2
703	7	1616	1	1	2
703	7	1147.1	1	1	2
703	7	1546.4	1	1	2
703	7	759.35	1	1	2
703	7	1561.8	1	1	2
703	7	1568.8	1	1	2
703	7	2043	1	1	2
703	7	1941.1	1	1	2
703	7	1093.9	1	1	2
703	7	1240	1	1	2
703	7	2290.4	1	1	2
703	7	2460	1	1	2
703	7	1232.4	1	1	2
703	7	1234.9	1	1	2
703	7	1106.7	1	1	2
703	7	2137.9	1	1	2
703	7	1070	1	1	2
703	7	1157.8	1	1	2
703	7	1314	1	1	2
703	7	969.34	1	1	2
703	7	1278.3	1	1	2
703	7	1113.9	1	1	2
703	7	1285.8	1	1	2
703	7	922.75	1	1	2
703	7	1312.1	1	1	2
703	7	1290.9	1	1	2
703	7	953	1	1	2
703	7	1527.7	1	1	2
703	7	1124.3	1	1	2
703	7	990.34	1	1	2
703	7	924.29	1	1	2
703	7	1337.7	1	1	2
703	7	847.53	1	1	2
703	7	1518.9	1	1	2
703	7	1988.1	1	1	2
703	7	1787.3	1	1	2
703	7	1002	1	1	2
703	7	1414.3	1	1	2
703	7	758.23	1	1	2
703	7	845.91	1	1	2
703	7	1228.6	1	1	2
703	7	1202.2	1	1	2
703	7	838.77	1	1	2
703	7	850.1	1	1	2
703	7	1241.1	1	1	2
703	7	830.41	1	1	2
703	7	1023.2	1	1	2
703	7	893.92	1	1	2
703	7	940.48	1	1	2
703	7	717.37	1	1	2
703	7	833.55	1	1	2
703	7	687.93	1	1	2
703	7	880.3	1	1	2
703	7	950.32	1	1	2
703	7	1319.2	1	1	2
703	7	1211.5	1	1	2
703	7	1420.8	1	1	2
703	7	1605.1	1	1	2
703	7	956.57	1	1	2
703	7	854.51	1	1	2
703	7	1451.8	1	1	2
703	7	1132.7	1	1	2
703	7	951.88	1	1	2
703	7	821.3	1	1	2
703	7	831.98	1	1	2
703	7	1183.8	1	1	2
703	7	778.34	1	1	2
703	7	899.28	1	1	2
703	7	1619.7	1	1	2
703	7	1147.4	1	1	2
703	7	1397.4	1	1	2
703	7	844.58	1	1	2
703	7	1190	1	1	2
703	7	1522.4	1	1	2
703	7	863.43	1	1	2
703	7	1276.6	1	1	2
703	7	1209.1	1	1	2
703	7	1224.2	1	1	2
703	7	665.74	1	1	2
703	7	1051.4	1	1	2
703	7	791.2	1	1	2
703	7	1335.1	1	1	2
703	7	1098.8	1	1	2
703	7	1241	1	1	2
703	7	862.15	1	1	2
703	7	1145.4	1	1	2
703	7	1201.7	1	1	2
703	7	818.94	1	1	2
703	7	1302.5	1	1	2
703	7	805.47	1	1	2
703	7	936.97	1	1	2
703	7	772.55	1	1	2
703	7	1618.6	1	1	2
703	7	1003.4	1	1	2
703	7	1147.5	1	1	2
703	7	1044.2	1	1	2
703	7	1009.8	1	1	2
703	7	1617.4	1	1	2
703	7	1499.6	1	1	2
703	7	1148.8	1	1	2
703	7	852.9	1	1	2
703	7	1036	1	1	2
703	7	937.82	1	1	2
703	7	823.32	1	1	2
703	7	803.18	1	1	2
703	7	1237.2	1	1	2
703	7	690.52	1	1	2
703	7	635.43	1	1	2
703	7	608.9	1	1	2
703	7	660.8	1	1	2
703	7	764.95	1	1	2
703	7	1043.9	1	1	2
703	7	743.87	1	1	2
703	7	736.61	1	1	2
703	7	715.4	1	1	2
703	7	1078.8	1	1	2
703	7	863.98	1	1	2
703	7	895.8	1	1	2
703	7	930.27	1	1	2
703	7	953.63	1	1	2
703	7	892.69	0	1	2
703	7	1185.4	1	1	2
703	7	893.96	1	1	2
703	7	1173.4	1	1	2
703	7	785.13	1	1	2
703	7	885.92	1	1	2
703	7	714.86	1	1	2
703	7	811.83	1	1	2
703	7	729.23	1	1	2
703	7	807.8	1	1	2
703	7	718.13	1	1	2
703	7	674.05	1	1	2
703	7	733.45	1	1	2
703	7	899.24	1	1	2
703	7	774.28	1	1	2
703	7	660.28	1	1	2
703	7	655.27	1	1	2
703	7	1027.2	1	1	2
703	7	672.29	1	1	2
703	7	776.03	1	1	2
703	7	895.06	1	1	2
703	7	809.99	1	1	2
703	7	913.17	1	1	2
703	7	766.58	1	1	2
703	7	2248.8	0	1	2
703	7	673.34	1	1	2
703	7	862	1	1	2
703	7	696.13	1	1	2
703	7	738.92	1	1	2
703	7	637.19	1	1	2
703	7	1058	1	1	2
703	7	939.02	1	1	2
703	7	873.64	1	1	2
703	7	782.81	1	1	2
703	7	821.59	1	1	2
703	7	1016.7	1	1	2
703	7	1512.4	1	1	2
703	7	811.89	1	1	2
703	7	748.68	1	1	2
703	7	880.55	1	1	2
703	7	690.33	1	1	2
703	7	725.78	1	1	2
703	7	817.16	1	1	2
703	7	793.93	1	1	2
703	7	1078.5	1	1	2
703	7	1009	1	1	2
703	7	770.12	1	1	2
703	7	848.38	1	1	2
703	7	885.99	1	1	2
703	7	872.39	1	1	2
703	7	1262.6	1	1	2
703	7	1177.9	1	1	2
703	7	1382	1	1	2
703	7	1171.6	1	1	2
703	7	1097.7	1	1	2
703	7	841.68	1	1	2
703	7	1249	1	1	2
703	7	993.69	1	1	2
703	7	1081.8	1	1	2
703	7	735.77	1	1	2
703	7	834.81	1	1	2
703	7	1319	1	1	2
703	7	1347.3	1	1	2
703	7	932.92	1	1	2
703	7	1105.9	1	1	2
703	7	1048	1	1	2
703	7	887.06	1	1	2
703	7	1032.6	1	1	2
703	7	879.44	1	1	2
703	7	1852.3	0	1	2
703	7	1257.4	1	1	2
703	7	1153.3	1	1	2
703	7	1501.3	1	1	2
703	7	1184.7	1	1	2
703	7	838.23	1	1	2
703	7	920.07	1	1	2
703	7	1054	1	1	2
703	7	1264.4	1	1	2
703	7	850.37	1	1	2
703	7	892.34	1	1	2
703	7	1957.2	1	1	2
703	7	1120.1	1	1	2
703	7	960.03	1	1	2
703	7	1179.1	1	1	2
703	7	932.79	1	1	2
703	7	1164.8	1	1	2
703	7	920.04	1	1	2
703	7	1316.3	1	1	2
703	7	736.46	1	1	2
703	7	1605.9	1	1	2
703	7	801.76	1	1	2
703	7	1520.8	1	1	2
703	7	1169.2	1	1	2
703	7	1078.3	1	1	2
703	7	1678.2	1	1	2
703	7	890.41	1	1	2
703	7	1182.8	1	1	2
703	7	1193.1	1	1	2
703	7	742.51	1	1	2
703	7	1055.9	1	1	2
703	7	742.18	1	1	2
703	7	965.96	1	1	2
703	7	921.19	1	1	2
703	7	826.27	1	1	2
703	7	1090.8	1	1	2
703	7	811.13	1	1	2
703	7	1085.3	1	1	2
703	7	997.49	1	1	2
703	7	931.47	1	1	2
703	7	694.7	1	1	2
703	7	1396.7	1	1	2
703	7	690.12	1	1	2
703	7	859.63	1	1	2
703	7	858.8	1	1	2
703	7	693.52	1	1	2
703	7	635.31	1	1	2
703	7	995.23	1	1	2
703	7	1192.7	1	1	2
703	7	942.62	1	1	2
703	7	968.83	1	1	2
703	7	1377.5	1	1	2
703	7	901.44	1	1	2
703	7	892.11	1	1	2
703	7	755.14	1	1	2
703	7	1122.9	1	1	2
703	7	703.76	1	1	2
703	7	1193.7	1	1	2
703	7	1033.8	1	1	2
703	7	902.17	1	1	2
703	7	680.23	1	1	2
703	7	860.05	1	1	2
703	7	989.14	1	1	2
703	7	864.6	1	1	2
703	7	914.61	1	1	2
703	7	772.9	1	1	2
703	7	860	1	1	2
703	7	877.46	1	1	2
703	7	810.29	1	1	2
703	7	712.87	1	1	2
703	7	871.46	1	1	2
703	7	804.93	1	1	2
703	7	1112.4	1	1	2
703	7	887.39	1	1	2
703	7	747.07	1	1	2
703	7	730.71	1	1	2
703	7	1444.5	1	1	2
703	7	781.84	1	1	2
703	7	1422.5	1	1	2
703	7	805.9	1	1	2
703	7	1016.8	1	1	2
703	7	798.12	1	1	2
703	7	1067.5	1	1	2
703	7	820.71	1	1	2
703	7	1094.9	1	1	2
703	7	789.14	1	1	2
703	7	694.31	1	1	2
703	7	1155.8	1	1	2
703	7	1017.4	1	1	2
703	7	794.54	1	1	2
703	7	726.07	1	1	2
703	7	1279.4	1	1	2
703	7	810.71	1	1	2
703	7	1201.6	1	1	2
703	7	955.48	1	1	2
703	7	1074.1	1	1	2
703	7	718.49	1	1	2
703	7	764.6	1	1	2
703	7	763.84	1	1	2
703	7	851.74	1	1	2
703	7	660.25	1	1	2
703	7	818.42	1	1	2
703	7	812.33	1	1	2
703	7	1055.3	1	1	2
703	7	739.99	1	1	2
703	7	786.85	1	1	2
703	7	860.28	1	1	2
703	7	703.52	1	1	2
703	7	740.77	1	1	2
703	7	812.92	1	1	2
703	7	1147.9	1	1	2
703	7	771.7	1	1	2
703	7	709.01	1	1	2
703	7	1319.6	1	1	2
703	7	1842.4	1	1	1
703	7	1619.7	1	1	1
703	7	957.31	1	1	1
703	7	1118.7	1	1	1
703	7	2465.2	1	1	1
703	7	1566.6	1	1	1
703	7	3630	1	1	1
703	7	1438.6	1	1	1
703	7	2050.6	1	1	1
703	7	1648.5	1	1	1
703	7	1357.6	1	1	1
703	7	2862	1	1	1
703	7	1733.4	1	1	1
703	7	1128	1	1	1
703	7	1059.5	1	1	1
703	7	1071.8	1	1	1
703	7	2776.9	1	1	1
703	7	1567.3	1	1	1
703	7	1632.7	1	1	1
703	7	1739.6	1	1	1
703	7	1211.7	1	1	1
703	7	1285	1	1	1
703	7	1703.5	1	1	1
703	7	1417.9	1	1	1
703	7	1549.4	1	1	1
703	7	1443.2	1	1	1
703	7	1511	1	1	1
703	7	3390.6	1	1	1
703	7	3897.6	1	1	1
703	7	4073.6	1	1	1
703	7	1978.7	1	1	1
703	7	1011.6	1	1	1
703	7	988.77	1	1	1
703	7	1018.2	1	1	1
703	7	1305.5	1	1	1
703	7	2001.3	1	1	1
703	7	1643.2	1	1	1
703	7	1739.6	1	1	1
703	7	2196.7	1	1	1
703	7	945.65	1	1	1
703	7	1699.9	1	1	1
703	7	1960.7	1	1	1
703	7	2444.3	1	1	1
703	7	1426.3	1	1	1
703	7	2352.7	1	1	1
703	7	1756.8	1	1	1
703	7	1459.2	1	1	1
703	7	1249	1	1	1
703	7	1278.3	1	1	1
703	7	1007.3	1	1	1
703	7	1214.2	1	1	1
703	7	2393.5	1	1	1
703	7	2114.6	0	1	1
703	7	1616.7	1	1	1
703	7	1536.1	1	1	1
703	7	1525.2	1	1	1
703	7	1507.2	1	1	1
703	7	1886.9	1	1	1
703	7	2503.7	0	1	1
703	7	2219.3	1	1	1
703	7	2459.9	1	1	1
703	7	1724.9	1	1	1
703	7	1443.9	1	1	1
703	7	2105.4	1	1	1
703	7	1470.7	1	1	1
703	7	1797.9	1	1	1
703	7	1390.9	1	1	1
703	7	976.58	1	1	1
703	7	1610.1	1	1	1
703	7	2136.1	1	1	1
703	7	1082.9	1	1	1
703	7	1369.9	1	1	1
703	7	1361.1	1	1	1
703	7	1888.8	1	1	1
703	7	1517.4	1	1	1
703	7	1199.4	1	1	1
703	7	1218.5	1	1	1
703	7	1148.4	1	1	1
703	7	1127.7	1	1	1
703	7	1354.3	1	1	1
703	7	1936.3	0	1	1
703	7	1675.2	1	1	1
703	7	1058.6	1	1	1
703	7	1771.3	1	1	1
703	7	1005.1	1	1	1
703	7	1184.9	1	1	1
703	7	2119.4	1	1	1
703	7	1078.4	1	1	1
703	7	1114.2	1	1	1
703	7	1509	1	1	1
703	7	1737.8	1	1	1
703	7	2019.7	1	1	1
703	7	879.36	1	1	1
703	7	1191.4	1	1	1
703	7	1458.1	1	1	1
703	7	1533.6	1	1	1
703	7	1017.3	1	1	1
703	7	1115.7	1	1	1
703	7	1281.1	1	1	1
703	7	800.24	1	1	1
703	7	1119.8	1	1	1
703	7	1565.2	1	1	1
703	7	1397.5	1	1	1
703	7	1338.8	1	1	1
703	7	1442.4	1	1	1
703	7	1322.4	1	1	1
703	7	1357.3	1	1	1
703	7	1571.5	1	1	1
703	7	1143.2	1	1	1
703	7	1340.7	1	1	1
703	7	1051.3	1	1	1
703	7	1367.9	1	1	1
703	7	1352.7	1	1	1
703	7	1031.9	1	1	1
703	7	1803.7	1	1	1
703	7	1539.6	1	1	1
703	7	942.01	1	1	1
703	7	1622.9	1	1	1
703	7	1232.6	1	1	1
703	7	966.58	1	1	1
703	7	1305.2	1	1	1
703	7	663.62	0	1	1
703	7	1113	1	1	1
703	7	1205.7	1	1	1
703	7	1423	1	1	1
703	7	1191	1	1	1
703	7	850.27	1	1	1
703	7	1143.2	1	1	1
703	7	836.27	1	1	1
703	7	1769	1	1	1
703	7	1390.1	1	1	1
703	7	1015.5	1	1	1
703	7	1398.6	1	1	1
703	7	1267.8	1	1	1
703	7	1163.3	1	1	1
703	7	1392	1	1	1
703	7	896.55	1	1	1
703	7	1239.2	1	1	1
703	7	1034.6	1	1	1
703	7	962.67	1	1	1
703	7	975.69	1	1	1
703	7	1105.6	1	1	1
703	7	887.51	1	1	1
703	7	1152.5	1	1	1
703	7	989.74	1	1	1
703	7	1394.7	1	1	1
703	7	1021.5	1	1	1
703	7	1155.6	1	1	1
703	7	955.03	1	1	1
703	7	1010.7	1	1	1
703	7	780.6	1	1	1
703	7	849.62	1	1	1
703	7	1870.3	1	1	1
703	7	1015.7	1	1	1
703	7	940.72	1	1	1
703	7	1054.6	1	1	1
703	7	1745.2	1	1	1
703	7	1150.7	1	1	1
703	7	921.33	1	1	1
703	7	931.04	1	1	1
703	7	974.57	1	1	1
703	7	674.52	1	1	1
703	7	1398.3	1	1	1
703	7	1149.6	1	1	1
703	7	925.22	1	1	1
703	7	838.31	1	1	1
703	7	892.91	1	1	1
703	7	1280	1	1	1
703	7	740.4	1	1	1
703	7	999.17	1	1	1
703	7	883.9	1	1	1
703	7	1004.8	1	1	1
703	7	993.04	1	1	1
703	7	824.37	1	1	1
703	7	1064.4	1	1	1
703	7	1378.4	1	1	1
703	7	910.77	1	1	1
703	7	1304.1	1	1	1
703	7	802.77	1	1	1
703	7	1379.2	1	1	1
703	7	1150.1	1	1	1
703	7	1062.9	1	1	1
703	7	1203.9	1	1	1
703	7	1173.2	1	1	1
703	7	972.22	1	1	1
703	7	1064	1	1	1
703	7	633.82	0	1	1
703	7	966.54	1	1	1
703	7	997.05	1	1	1
703	7	1089	1	1	1
703	7	884.17	1	1	1
703	7	948.06	1	1	1
703	7	921.94	1	1	1
703	7	1092.6	1	1	1
703	7	917.93	1	1	1
703	7	835.35	1	1	1
703	7	800.82	1	1	1
703	7	1139.8	1	1	1
703	7	1063.7	1	1	1
703	7	1041.1	1	1	1
703	7	1181	1	1	1
703	7	870.88	1	1	1
703	7	1121.2	1	1	1
703	7	1481.4	0	1	1
703	7	1332.5	1	1	1
703	7	929.18	1	1	1
703	7	1014.2	1	1	1
703	7	1033.2	1	1	1
703	7	1094.9	1	1	1
703	7	1109.2	1	1	1
703	7	1334.9	1	1	1
703	7	830.58	1	1	1
703	7	1355.8	1	1	1
703	7	1001.5	1	1	1
703	7	1266.8	1	1	1
703	7	1246.6	1	1	1
703	7	1351.2	1	1	1
703	7	1248.1	1	1	1
703	7	1376.5	1	1	1
703	7	1429.6	1	1	1
703	7	1100.1	1	1	1
703	7	887.78	1	1	1
703	7	854.35	1	1	1
703	7	904.36	1	1	1
703	7	1532.9	1	1	1
703	7	1885.7	1	1	1
703	7	710.85	1	1	1
703	7	865.64	1	1	1
703	7	952.52	1	1	1
703	7	1236.8	1	1	1
703	7	1342.6	1	1	1
703	7	1578.2	1	1	1
703	7	1192.8	1	1	1
703	7	1470	1	1	1
703	7	1233.7	1	1	1
703	7	1246.1	1	1	1
703	7	1377.7	1	1	1
703	7	1179	1	1	1
703	7	2112.6	1	1	1
703	7	1564.3	1	1	1
703	7	1162.4	1	1	1
703	7	978.19	1	1	1
703	7	1263	1	1	1
703	7	1502.5	1	1	1
703	7	1038.3	1	1	1
703	7	1351.4	1	1	1
703	7	968.51	1	1	1
703	7	1013.9	1	1	1
703	7	1086.7	1	1	1
703	7	1031.6	1	1	1
703	7	1501.4	1	1	1
703	7	1520.1	1	1	1
703	7	1049.3	1	1	1
703	7	1667.4	1	1	1
703	7	1340.4	1	1	1
703	7	896.32	1	1	1
703	7	1299.8	1	1	1
703	7	1016.6	1	1	1
703	7	1715	1	1	1
703	7	1060.6	1	1	1
703	7	1381.1	1	1	1
703	7	1270.7	1	1	1
703	7	1540.5	1	1	1
703	7	1070.7	1	1	1
703	7	1419.9	1	1	1
703	7	1693.1	1	1	1
703	7	1483	1	1	1
703	7	935.19	1	1	1
703	7	2212.6	1	1	1
703	7	1637	1	1	1
703	7	1071.5	1	1	1
703	7	925.26	1	1	1
703	7	1059.3	1	1	1
703	7	968.65	1	1	1
703	7	969.44	1	1	1
703	7	1052.8	1	1	1
703	7	939.43	1	1	1
703	7	1065.9	1	1	1
703	7	1222.5	1	1	1
703	7	1052.3	1	1	1
703	7	1250.3	1	1	1
703	7	907.98	1	1	1
703	7	1065.5	1	1	1
703	7	1032.2	1	1	1
703	7	718.76	1	1	1
703	7	1356.5	1	1	1
703	7	1212.2	1	1	1
703	7	861.53	1	1	1
703	7	971.79	1	1	1
703	7	1143.2	1	1	1
703	7	996.7	1	1	1
703	7	1014.5	1	1	1
703	7	1014.9	1	1	1
703	7	1362.2	1	1	1
703	7	1057.6	1	1	1
703	7	833.33	1	1	1
703	7	875.6	1	1	1
703	7	746.89	1	1	1
703	7	1469.9	1	1	1
703	7	960.35	1	1	1
703	7	1111	1	1	1
703	7	1118.9	1	1	1
703	7	1054.4	1	1	1
703	7	1668.7	0	1	1
703	7	905.11	1	1	1
703	7	1288.3	1	1	1
703	7	824.21	1	1	1
703	7	1380	1	1	1
703	7	998.2	1	1	1
703	7	1207.4	1	1	1
703	7	1159.5	1	1	1
703	7	931.94	1	1	1
703	7	793.22	1	1	1
703	7	1042.3	1	1	1
703	7	1324.3	1	1	1
703	7	979.05	1	1	1
703	7	817.16	1	1	1
703	7	1477.5	1	1	1
703	7	857.03	1	1	1
703	7	795.49	1	1	1
703	7	1165.8	1	1	1
703	7	1565.1	1	1	1
703	7	1081.1	1	1	1
703	7	953.26	1	1	1
703	7	992.21	1	1	1
703	7	1234.6	1	1	1
703	7	836.66	1	1	1
703	7	897.23	1	1	1
703	7	1129.2	1	1	1
703	7	771.33	1	1	1
703	7	1520.2	1	1	1
703	7	800.05	1	1	1
703	7	802.94	1	1	1
703	7	939.73	1	1	1
703	7	1392.6	1	1	1
703	7	1025.5	1	1	1
703	7	951.08	1	1	1
703	7	979.52	1	1	1
703	7	993.07	1	1	1
703	7	688.56	1	1	1
703	7	1015.7	1	1	1
703	7	798.31	1	1	1
703	7	1025.7	1	1	1
703	7	1077.1	1	1	1
703	7	758.71	1	1	1
703	7	883.72	1	1	1
703	7	1354.6	1	1	1
703	7	965	1	1	1
703	7	1113.7	1	1	1
703	7	1057.5	1	1	1
703	7	967.77	1	2	-1
703	7	899.58	1	2	-1
703	7	862.55	1	2	-1
703	7	1316.4	1	2	-1
703	7	958.43	1	2	-1
703	7	1730.2	1	2	-1
703	7	980.91	1	2	-1
703	7	1250.6	1	2	-1
703	7	1123.7	1	2	-1
703	7	983.36	1	2	-1
703	7	1061.8	1	2	-1
703	7	1040.1	1	2	-1
703	7	891.56	1	2	-1
703	7	875.42	1	2	-1
703	7	791.71	1	2	-1
703	7	1485.4	1	2	-1
703	7	946.33	1	2	-1
703	7	784.91	1	2	-1
703	7	882.55	1	2	-1
703	7	1121.9	1	2	-1
703	7	935.43	1	2	-1
703	7	947.45	1	2	-1
703	7	1195.2	1	2	-1
703	7	1157.4	1	2	-1
703	7	1017.7	1	2	-1
703	7	1890.9	0	2	-1
703	7	723.14	1	2	-1
703	7	1038.8	1	2	-1
703	7	1025.9	1	2	-1
703	7	1223.3	1	2	-1
703	7	899.79	1	2	-1
703	7	998.75	1	2	-1
703	7	1392.7	1	2	-1
703	7	1241	1	2	-1
703	7	975.48	1	2	-1
703	7	669.76	1	2	-1
703	7	1034.7	1	2	-1
703	7	1163.5	1	2	-1
703	7	898.11	1	2	-1
703	7	1122.8	1	2	-1
703	7	903.62	1	2	-1
703	7	1107.5	1	2	-1
703	7	879.97	1	2	-1
703	7	973.66	1	2	-1
703	7	1039.6	1	2	-1
703	7	1011.9	1	2	-1
703	7	1057.1	1	2	-1
703	7	1065.8	1	2	-1
703	7	2542	1	2	-1
703	7	1264.8	1	2	-1
703	7	1167.6	0	2	-1
703	7	962.33	1	2	-1
703	7	725.92	1	2	-1
703	7	860.53	1	2	-1
703	7	759.93	1	2	-1
703	7	1049.7	1	2	-1
703	7	1083	1	2	-1
703	7	697.13	1	2	-1
703	7	910.22	1	2	-1
703	7	1687.2	1	2	-1
703	7	2127.3	1	2	-1
703	7	964.38	1	2	-1
703	7	1006.2	1	2	-1
703	7	887.52	1	2	-1
703	7	855.33	1	2	-1
703	7	1068.5	1	2	-1
703	7	970.89	1	2	-1
703	7	1198.3	1	2	-1
703	7	1010.1	1	2	-1
703	7	940.37	1	2	-1
703	7	1094.1	1	2	-1
703	7	945.89	1	2	-1
703	7	974.87	1	2	-1
703	7	782.67	1	2	-1
703	7	825.69	1	2	-1
703	7	749.8	1	2	-1
703	7	1089.4	1	2	-1
703	7	824.82	1	2	-1
703	7	1052.1	1	2	-1
703	7	915.89	1	2	-1
703	7	884.02	1	2	-1
703	7	896.69	1	2	-1
703	7	807.78	1	2	-1
703	7	867.49	1	2	-1
703	7	779	1	2	-1
703	7	718.1	1	2	-1
703	7	868.81	1	2	-1
703	7	831.79	1	2	-1
703	7	936.83	1	2	-1
703	7	1013.8	1	2	-1
703	7	764.23	1	2	-1
703	7	1122.2	1	2	-1
703	7	769.09	1	2	-1
703	7	767.16	1	2	-1
703	7	1732	1	2	-1
703	7	706.02	1	2	-1
703	7	814.02	1	2	-1
703	7	867.67	1	2	-1
703	7	1238.4	1	2	-1
703	7	991.3	1	2	-1
703	7	860.49	1	2	-1
703	7	796.44	1	2	-1
703	7	831.77	1	2	-1
703	7	873.22	1	2	-1
703	7	969.06	1	2	-1
703	7	827.81	1	2	-1
703	7	934.39	1	2	-1
703	7	1243.3	1	2	-1
703	7	1042.9	1	2	-1
703	7	674.52	1	2	-1
703	7	1610.9	1	2	-1
703	7	840.2	1	2	-1
703	7	885.89	1	2	-1
703	7	823.79	1	2	-1
703	7	1036.3	1	2	-1
703	7	820.71	1	2	-1
703	7	1018.5	0	2	-1
703	7	649.56	1	2	-1
703	7	668.86	1	2	-1
703	7	583.59	1	2	-1
703	7	742.49	1	2	-1
703	7	812.05	1	2	-1
703	7	1328.4	1	2	-1
703	7	1167.3	1	2	-1
703	7	1026.8	1	2	-1
703	7	835.39	1	2	-1
703	7	801.99	1	2	-1
703	7	1402.1	1	2	-1
703	7	1265.3	1	2	-1
703	7	971.6	1	2	-1
703	7	931.95	1	2	-1
703	7	805.9	1	2	-1
703	7	1162.2	1	2	-1
703	7	932.78	1	2	-1
703	7	1040.7	1	2	-1
703	7	888.62	1	2	-1
703	7	1022.6	1	2	-1
703	7	798.81	1	2	-1
703	7	968.96	1	2	-1
703	7	1144.4	1	2	-1
703	7	866	1	2	-1
703	7	873.46	1	2	-1
703	7	867.41	1	2	-1
703	7	1043.4	1	2	-1
703	7	878.9	1	2	-1
703	7	958.25	1	2	-1
703	7	812.62	1	2	-1
703	7	859.07	1	2	-1
703	7	807.88	1	2	-1
703	7	802.37	1	2	-1
703	7	716.77	1	2	-1
703	7	727.44	1	2	-1
703	7	1085.2	1	2	-1
703	7	873.76	1	2	-1
703	7	776.48	1	2	-1
703	7	765.94	1	2	-1
703	7	647.59	1	2	-1
703	7	910.86	1	2	-1
703	7	633.4	1	2	-1
703	7	757.49	1	2	-1
703	7	1004	1	2	-1
703	7	805.38	1	2	-1
703	7	958.29	1	2	-1
703	7	621.75	1	2	-1
703	7	673.64	1	2	-1
703	7	1000.7	1	2	-1
703	7	806.82	1	2	-1
703	7	970.43	1	2	-1
703	7	731.96	1	2	-1
703	7	663.82	1	2	-1
703	7	824.73	1	2	-1
703	7	730.64	1	2	-1
703	7	953.64	1	2	-1
703	7	777.65	1	2	-1
703	7	614.98	1	2	-1
703	7	728.33	1	2	-1
703	7	712.74	1	2	-1
703	7	1296.6	1	2	-1
703	7	786.17	1	2	-1
703	7	791.05	1	2	-1
703	7	775.67	1	2	-1
703	7	1049.7	1	2	-1
703	7	909.62	1	2	-1
703	7	835.42	1	2	-1
703	7	1037.3	1	2	-1
703	7	1006.5	1	2	-1
703	7	1022.7	1	2	-1
703	7	756.45	1	2	-1
703	7	845.07	1	2	-1
703	7	740.83	1	2	-1
703	7	745.9	1	2	-1
703	7	825.97	1	2	-1
703	7	750.69	1	2	-1
703	7	797.02	1	2	-1
703	7	727.5	0	2	-1
703	7	887.06	1	2	-1
703	7	855.66	1	2	-1
703	7	1179.7	1	2	-1
703	7	885.6	1	2	-1
703	7	1563.3	1	2	-1
703	7	919.04	1	2	-1
703	7	1010.3	1	2	-1
703	7	733.15	1	2	-1
703	7	828.74	1	2	-1
703	7	846.66	1	2	-1
703	7	743.22	1	2	-1
703	7	770.37	1	2	-1
703	7	854.91	1	2	-1
703	7	680.37	1	2	-1
703	7	917.8	1	2	-1
703	7	1011.5	1	2	-1
703	7	962.27	1	2	-1
703	7	936.89	1	2	-1
703	7	899.57	1	2	-1
703	7	702.49	1	2	-1
703	7	835.73	1	2	-1
703	7	1114.5	1	2	-1
703	7	952.74	1	2	-1
703	7	861.22	1	2	-1
703	7	1221.6	1	2	-1
703	7	978.09	1	2	-1
703	7	957.14	1	2	-1
703	7	975.35	1	2	-1
703	7	718.63	1	2	-1
703	7	853.8	1	2	-1
703	7	940.41	1	2	-1
703	7	981.48	1	2	-1
703	7	955.08	1	2	-1
703	7	979.06	1	2	-1
703	7	905.94	1	2	-1
703	7	1519.2	1	2	-1
703	7	905.75	1	2	-1
703	7	1027.2	1	2	-1
703	7	927.93	1	2	-1
703	7	1240	1	2	-1
703	7	876.29	1	2	-1
703	7	869.88	1	2	-1
703	7	756.84	1	2	-1
703	7	995.98	1	2	-1
703	7	2003.3	1	2	-1
703	7	971.19	0	2	-1
703	7	1093.1	1	2	-1
703	7	895.87	1	2	-1
703	7	922.16	1	2	-1
703	7	2004.5	1	2	-1
703	7	1349.4	1	2	-1
703	7	972.87	1	2	-1
703	7	993.74	1	2	-1
703	7	745.87	1	2	-1
703	7	1240.8	1	2	-1
703	7	712.68	1	2	-1
703	7	1091.8	1	2	-1
703	7	1021.2	1	2	-1
703	7	1567.1	1	2	-1
703	7	750.82	1	2	-1
703	7	796.44	1	2	-1
703	7	700.02	1	2	-1
703	7	925.25	1	2	-1
703	7	617.7	1	2	-1
703	7	816.15	1	2	-1
703	7	984.71	1	2	-1
703	7	824.17	1	2	-1
703	7	1078.7	1	2	-1
703	7	1009.5	1	2	-1
703	7	950.56	1	2	-1
703	7	858.85	1	2	-1
703	7	1222.3	1	2	-1
703	7	770.99	1	2	-1
703	7	1091.5	1	2	-1
703	7	882.94	1	2	-1
703	7	784.2	1	2	-1
703	7	1062.2	1	2	-1
703	7	1453.9	1	2	-1
703	7	878.11	1	2	-1
703	7	874.49	1	2	-1
703	7	916.34	1	2	-1
703	7	791.81	1	2	-1
703	7	724.99	1	2	-1
703	7	864.98	1	2	-1
703	7	1522.9	1	2	-1
703	7	819.41	1	2	-1
703	7	740	1	2	-1
703	7	856.54	1	2	-1
703	7	804.12	1	2	-1
703	7	898.95	1	2	-1
703	7	781.22	1	2	-1
703	7	894.9	1	2	-1
703	7	681.49	1	2	-1
703	7	740.48	1	2	-1
703	7	880.39	1	2	-1
703	7	738.96	1	2	-1
703	7	907.96	1	2	-1
703	7	885.49	1	2	-1
703	7	769.49	1	2	-1
703	7	920.39	1	2	-1
703	7	922.6	1	2	-1
703	7	716.54	1	2	-1
703	7	1534.9	1	2	-1
703	7	753.19	1	2	-1
703	7	883.5	1	2	-1
703	7	747.45	1	2	-1
703	7	844.7	1	2	-1
703	7	828.14	1	2	-1
703	7	940.31	1	2	-1
703	7	715.97	1	2	-1
703	7	725.72	1	2	-1
703	7	960.1	1	2	-1
703	7	774.44	1	2	-1
703	7	730.14	1	2	-1
703	7	1067.9	1	2	-1
703	7	931.44	1	2	-1
703	7	655.67	1	2	-1
703	7	998.3	1	2	-1
703	7	1403.8	1	2	-1
703	7	902.73	1	2	-1
703	7	877.11	1	2	-1
703	7	690.35	1	2	-1
703	7	1008.5	1	2	-1
703	7	956.94	1	2	-1
703	7	717.03	1	2	-1
703	7	1016.1	1	2	-1
703	7	997.69	1	2	-1
703	7	875.69	1	2	-1
703	7	902.77	1	2	-1
703	7	876.67	1	2	-1
703	7	956.16	1	2	-1
703	7	868.64	1	2	-1
703	7	1219.6	1	2	-1
703	7	1334.8	1	2	-1
703	7	787.13	1	2	-1
703	7	892.64	1	2	-1
703	7	903.98	1	2	-1
703	7	824.16	1	2	-1
703	7	856.96	1	2	-1
703	7	848.91	1	2	-1
703	7	781.68	1	2	-1
703	7	951	1	2	-1
703	7	1003.1	1	2	-1
703	7	936.84	1	2	-1
703	7	940.48	1	2	-1
703	7	830.91	1	2	-1
703	7	821.54	1	2	-1
703	7	951.55	1	2	-1
703	7	895.04	1	2	-1
703	7	908.64	1	2	-1
703	7	931.17	1	2	-1
703	7	1067.5	1	2	-1
703	7	1056.3	1	2	-1
703	7	788.39	1	2	-1
703	7	1965.2	1	1	-1
703	7	1337.9	1	1	-1
703	7	929.02	1	1	-1
703	7	970.86	1	1	-1
703	7	799.21	1	1	-1
703	7	1068.2	1	1	-1
703	7	812.44	1	1	-1
703	7	1110.2	1	1	-1
703	7	1076.4	1	1	-1
703	7	1129.1	1	1	-1
703	7	1257.9	1	1	-1
703	7	944.77	1	1	-1
703	7	785.45	1	1	-1
703	7	1051.6	1	1	-1
703	7	1467.7	1	1	-1
703	7	887.33	1	1	-1
703	7	771.14	1	1	-1
703	7	787.13	1	1	-1
703	7	1031.2	1	1	-1
703	7	1603.3	1	1	-1
703	7	1015	1	1	-1
703	7	1514.3	1	1	-1
703	7	1018.2	1	1	-1
703	7	843.24	1	1	-1
703	7	1794.9	1	1	-1
703	7	2623.4	0	1	-1
703	7	771.63	1	1	-1
703	7	1315	1	1	-1
703	7	805.25	1	1	-1
703	7	892.7	1	1	-1
703	7	1245.1	1	1	-1
703	7	3236.3	1	1	-1
703	7	1174.3	1	1	-1
703	7	1345.4	1	1	-1
703	7	1129.7	1	1	-1
703	7	1896.7	1	1	-1
703	7	975.66	1	1	-1
703	7	1509	1	1	-1
703	7	1059	1	1	-1
703	7	2250.7	1	1	-1
703	7	951.2	1	1	-1
703	7	1164	1	1	-1
703	7	1223.9	1	1	-1
703	7	1039.3	1	1	-1
703	7	1102.6	1	1	-1
703	7	838.18	1	1	-1
703	7	830.07	1	1	-1
703	7	1232.7	1	1	-1
703	7	1239.3	1	1	-1
703	7	892.26	1	1	-1
703	7	987.49	1	1	-1
703	7	718.08	1	1	-1
703	7	998.58	1	1	-1
703	7	676.38	1	1	-1
703	7	748.98	1	1	-1
703	7	873.58	1	1	-1
703	7	729.94	1	1	-1
703	7	671.76	1	1	-1
703	7	744.89	1	1	-1
703	7	990.64	1	1	-1
703	7	939.28	1	1	-1
703	7	1635	1	1	-1
703	7	1383.6	1	1	-1
703	7	1161.4	1	1	-1
703	7	1016.2	1	1	-1
703	7	1060	1	1	-1
703	7	714.99	1	1	-1
703	7	1062.9	1	1	-1
703	7	902.82	1	1	-1
703	7	821.13	1	1	-1
703	7	851.15	1	1	-1
703	7	819.55	1	1	-1
703	7	1131.8	1	1	-1
703	7	916.57	1	1	-1
703	7	1050.2	1	1	-1
703	7	964.61	1	1	-1
703	7	969.1	1	1	-1
703	7	644.29	1	1	-1
703	7	647.92	1	1	-1
703	7	891.4	1	1	-1
703	7	988.7	1	1	-1
703	7	889.69	1	1	-1
703	7	932.84	1	1	-1
703	7	1454.3	1	1	-1
703	7	715.12	1	1	-1
703	7	892.09	1	1	-1
703	7	1471	1	1	-1
703	7	914.7	1	1	-1
703	7	758.49	1	1	-1
703	7	732.59	1	1	-1
703	7	1008.4	1	1	-1
703	7	788.81	1	1	-1
703	7	655.44	1	1	-1
703	7	841.12	1	1	-1
703	7	793.48	1	1	-1
703	7	801.41	1	1	-1
703	7	758.2	1	1	-1
703	7	897.84	1	1	-1
703	7	670.94	1	1	-1
703	7	712.73	1	1	-1
703	7	799.4	1	1	-1
703	7	943.93	1	1	-1
703	7	1333.4	1	1	-1
703	7	929.52	1	1	-1
703	7	819.06	1	1	-1
703	7	761.12	1	1	-1
703	7	717.92	1	1	-1
703	7	1132.9	1	1	-1
703	7	586.37	1	1	-1
703	7	707.32	1	1	-1
703	7	743.92	1	1	-1
703	7	1047.5	1	1	-1
703	7	830.3	1	1	-1
703	7	1316.2	1	1	-1
703	7	801.94	1	1	-1
703	7	1173.9	1	1	-1
703	7	756.17	1	1	-1
703	7	1106.7	1	1	-1
703	7	769.88	1	1	-1
703	7	1670.1	1	1	-1
703	7	793.33	1	1	-1
703	7	818.49	1	1	-1
703	7	1813.5	1	1	-1
703	7	976.23	1	1	-1
703	7	739.3	1	1	-1
703	7	888.83	1	1	-1
703	7	835.55	1	1	-1
703	7	900.07	1	1	-1
703	7	860.48	1	1	-1
703	7	824.35	1	1	-1
703	7	1014.6	1	1	-1
703	7	979.64	1	1	-1
703	7	786.54	1	1	-1
703	7	1086.3	1	1	-1
703	7	950	1	1	-1
703	7	736.37	1	1	-1
703	7	782.82	1	1	-1
703	7	1232.9	1	1	-1
703	7	749.89	1	1	-1
703	7	760.74	1	1	-1
703	7	1426.4	1	1	-1
703	7	987.57	1	1	-1
703	7	779.97	1	1	-1
703	7	832.08	1	1	-1
703	7	1744.5	1	1	-1
703	7	823.15	1	1	-1
703	7	878.81	1	1	-1
703	7	904.62	1	1	-1
703	7	740.46	1	1	-1
703	7	751.9	1	1	-1
703	7	785.26	1	1	-1
703	7	730.27	1	1	-1
703	7	560.48	1	1	-1
703	7	651.92	1	1	-1
703	7	684.77	1	1	-1
703	7	658.42	1	1	-1
703	7	719.85	1	1	-1
703	7	657.47	1	1	-1
703	7	607.57	1	1	-1
703	7	540.88	1	1	-1
703	7	621.12	1	1	-1
703	7	654.47	1	1	-1
703	7	901.16	1	1	-1
703	7	587.5	1	1	-1
703	7	817.3	1	1	-1
703	7	744.93	1	1	-1
703	7	1762.1	1	1	-1
703	7	731.93	1	1	-1
703	7	940.8	1	1	-1
703	7	722.32	1	1	-1
703	7	706.78	1	1	-1
703	7	746.4	1	1	-1
703	7	813.47	1	1	-1
703	7	688.12	1	1	-1
703	7	686.54	1	1	-1
703	7	750.91	1	1	-1
703	7	865.44	1	1	-1
703	7	896.28	1	1	-1
703	7	784.91	1	1	-1
703	7	669.84	1	1	-1
703	7	1493	1	1	-1
703	7	746.11	1	1	-1
703	7	750.82	1	1	-1
703	7	945.78	1	1	-1
703	7	927.81	1	1	-1
703	7	850.62	1	1	-1
703	7	740.23	1	1	-1
703	7	1146.1	1	1	-1
703	7	759.7	1	1	-1
703	7	1231.4	1	1	-1
703	7	1404.3	1	1	-1
703	7	962.87	1	1	-1
703	7	820.39	1	1	-1
703	7	778.54	1	1	-1
703	7	879.08	1	1	-1
703	7	1976.9	1	1	-1
703	7	747.17	1	1	-1
703	7	771.58	1	1	-1
703	7	780.5	1	1	-1
703	7	880.45	1	1	-1
703	7	720.17	1	1	-1
703	7	694.79	1	1	-1
703	7	690.02	1	1	-1
703	7	701.04	1	1	-1
703	7	1006.2	1	1	-1
703	7	927.43	1	1	-1
703	7	780.11	1	1	-1
703	7	890.19	1	1	-1
703	7	872.16	1	1	-1
703	7	864.55	1	1	-1
703	7	1753.3	1	1	-1
703	7	800.74	1	1	-1
703	7	693.57	1	1	-1
703	7	748.25	1	1	-1
703	7	906.62	1	1	-1
703	7	1581	1	1	-1
703	7	891.65	1	1	-1
703	7	1008.8	1	1	-1
703	7	1126.6	1	1	-1
703	7	1142.4	1	1	-1
703	7	769.5	1	1	-1
703	7	812.75	1	1	-1
703	7	1120.9	1	1	-1
703	7	930.28	1	1	-1
703	7	760.6	1	1	-1
703	7	824.96	1	1	-1
703	7	901.48	1	1	-1
703	7	863.15	1	1	-1
703	7	888.1	1	1	-1
703	7	933.47	1	1	-1
703	7	958.98	1	1	-1
703	7	782.05	1	1	-1
703	7	1018.9	1	1	-1
703	7	936.15	1	1	-1
703	7	839.93	1	1	-1
703	7	1586.9	0	1	-1
703	7	993.35	1	1	-1
703	7	969.94	1	1	-1
703	7	1934.8	1	1	-1
703	7	1175.4	1	1	-1
703	7	866.63	1	1	-1
703	7	908.88	1	1	-1
703	7	753.88	1	1	-1
703	7	757.5	1	1	-1
703	7	1317.7	1	1	-1
703	7	791.38	1	1	-1
703	7	896.03	1	1	-1
703	7	1150.4	1	1	-1
703	7	752.2	1	1	-1
703	7	798.33	1	1	-1
703	7	754	1	1	-1
703	7	699.66	1	1	-1
703	7	795.27	1	1	-1
703	7	833.96	1	1	-1
703	7	676.43	1	1	-1
703	7	708.01	1	1	-1
703	7	731.25	1	1	-1
703	7	816.9	1	1	-1
703	7	854.84	1	1	-1
703	7	958.76	1	1	-1
703	7	979.95	1	1	-1
703	7	888.8	1	1	-1
703	7	850.52	1	1	-1
703	7	954.49	1	1	-1
703	7	748.81	1	1	-1
703	7	701.57	1	1	-1
703	7	920.58	1	1	-1
703	7	889.24	1	1	-1
703	7	1071.4	1	1	-1
703	7	865.41	1	1	-1
703	7	809.5	1	1	-1
703	7	801.23	1	1	-1
703	7	824.13	1	1	-1
703	7	801.99	1	1	-1
703	7	941.65	1	1	-1
703	7	1205.3	1	1	-1
703	7	811.39	1	1	-1
703	7	871.37	1	1	-1
703	7	695.61	1	1	-1
703	7	1105.6	1	1	-1
703	7	764.43	1	1	-1
703	7	1054.1	1	1	-1
703	7	929.39	1	1	-1
703	7	731.79	1	1	-1
703	7	759.97	1	1	-1
703	7	1412.3	0	1	-1
703	7	689.88	1	1	-1
703	7	983.2	1	1	-1
703	7	817.83	1	1	-1
703	7	802.75	1	1	-1
703	7	896.25	1	1	-1
703	7	891.81	1	1	-1
703	7	809.95	1	1	-1
703	7	905.63	1	1	-1
703	7	843.75	1	1	-1
703	7	570.92	1	1	-1
703	7	763.44	1	1	-1
703	7	817.97	1	1	-1
703	7	811.74	1	1	-1
703	7	731.38	1	1	-1
703	7	902.26	1	1	-1
703	7	769.73	1	1	-1
703	7	851.4	1	1	-1
703	7	687.67	1	1	-1
703	7	819.1	1	1	-1
703	7	994.65	1	1	-1
703	7	683.36	1	1	-1
703	7	1333.1	1	1	-1
703	7	864.13	1	1	-1
703	7	852.45	1	1	-1
703	7	800.14	1	1	-1
703	7	933.87	1	1	-1
703	7	2223.8	0	1	-1
703	7	1048.5	1	1	-1
703	7	1238.5	1	1	-1
703	7	1062.2	1	1	-1
703	7	1371.6	1	1	-1
703	7	1101.9	1	1	-1
703	7	710.46	1	1	-1
703	7	931.49	1	1	-1
703	7	795.5	1	1	-1
703	7	1085.9	1	1	-1
703	7	720.32	1	1	-1
703	7	790.72	1	1	-1
703	7	1049.4	1	1	-1
703	7	1282.2	1	1	-1
703	7	1724.2	1	1	-1
703	7	1527.2	1	1	-1
703	7	844.52	0	1	-1
703	7	822.45	1	1	-1
703	7	860.46	1	1	-1
703	7	1756.8	1	1	-1
703	7	962.92	1	1	-1
703	7	1419.4	1	1	-1
703	7	892.98	1	1	-1
703	7	764.59	1	1	-1
703	7	970.1	1	1	-1
703	7	1652.5	1	1	-1
703	7	1017.5	1	1	-1
703	7	937.3	1	1	-1
703	7	726.4	1	1	-1
703	7	723.39	1	1	-1
703	7	868.94	1	1	-1
703	7	1221.9	1	1	-1
703	7	725.21	1	1	-1
703	7	1884.9	1	1	-1
703	7	936.14	1	1	-1
703	7	1020.7	1	1	-1
703	7	748.25	1	1	-1
703	7	2237.2	1	-1	2
703	7	1065.8	1	-1	2
703	7	1478.7	1	-1	2
703	7	1912.3	1	-1	2
703	7	1543.7	1	-1	2
703	7	1540.2	1	-1	2
703	7	964.71	1	-1	2
703	7	1675	1	-1	2
703	7	1014.5	1	-1	2
703	7	2418.7	1	-1	2
703	7	2873	0	-1	2
703	7	1416.4	1	-1	2
703	7	1794.8	1	-1	2
703	7	1044.4	1	-1	2
703	7	1100.6	1	-1	2
703	7	622.56	1	-1	2
703	7	750.3	1	-1	2
703	7	759.96	1	-1	2
703	7	1353.3	1	-1	2
703	7	2468.7	1	-1	2
703	7	997.61	1	-1	2
703	7	882.56	1	-1	2
703	7	1007.8	1	-1	2
703	7	1123.6	1	-1	2
703	7	968.13	1	-1	2
703	7	1204.5	1	-1	2
703	7	859.55	1	-1	2
703	7	779.83	1	-1	2
703	7	965.59	1	-1	2
703	7	889.98	1	-1	2
703	7	1007.8	1	-1	2
703	7	1949.9	1	-1	2
703	7	1470.7	1	-1	2
703	7	2470.5	1	-1	2
703	7	828.28	1	-1	2
703	7	1209	1	-1	2
703	7	961.94	1	-1	2
703	7	933.82	1	-1	2
703	7	1495.7	1	-1	2
703	7	1578.7	1	-1	2
703	7	875.38	1	-1	2
703	7	1387.5	1	-1	2
703	7	786	1	-1	2
703	7	3200.3	1	-1	2
703	7	1623.5	1	-1	2
703	7	1223	1	-1	2
703	7	980.64	1	-1	2
703	7	1539.7	1	-1	2
703	7	1255.2	1	-1	2
703	7	1226.7	1	-1	2
703	7	845.6	1	-1	2
703	7	830.85	1	-1	2
703	7	2057.5	1	-1	2
703	7	1402.8	1	-1	2
703	7	852.39	1	-1	2
703	7	1002.6	1	-1	2
703	7	871.88	1	-1	2
703	7	764.22	1	-1	2
703	7	1138.5	1	-1	2
703	7	1579	1	-1	2
703	7	661.84	1	-1	2
703	7	1475.1	1	-1	2
703	7	1178.3	1	-1	2
703	7	1355.2	1	-1	2
703	7	858.98	1	-1	2
703	7	1081.4	1	-1	2
703	7	737.95	1	-1	2
703	7	729.59	1	-1	2
703	7	1961.7	1	-1	2
703	7	1307.4	1	-1	2
703	7	1424.4	1	-1	2
703	7	912.3	1	-1	2
703	7	1243.1	1	-1	2
703	7	1013.4	1	-1	2
703	7	875.94	1	-1	2
703	7	2556.5	1	-1	2
703	7	848.76	1	-1	2
703	7	851.86	1	-1	2
703	7	1625.7	1	-1	2
703	7	784.59	1	-1	2
703	7	1153.3	1	-1	2
703	7	742.99	1	-1	2
703	7	813.44	1	-1	2
703	7	1468.9	1	-1	2
703	7	1070.6	1	-1	2
703	7	720.76	1	-1	2
703	7	787.27	1	-1	2
703	7	1208.7	1	-1	2
703	7	595.58	1	-1	2
703	7	787.27	1	-1	2
703	7	967.93	1	-1	2
703	7	630.51	1	-1	2
703	7	1738.2	1	-1	2
703	7	729.15	1	-1	2
703	7	876.19	1	-1	2
703	7	591.94	1	-1	2
703	7	605.66	1	-1	2
703	7	633.81	1	-1	2
703	7	1208	1	-1	2
703	7	1075.8	1	-1	2
703	7	708.57	1	-1	2
703	7	840.78	1	-1	2
703	7	864.26	1	-1	2
703	7	839.95	1	-1	2
703	7	838.18	1	-1	2
703	7	785.19	1	-1	2
703	7	646.36	1	-1	2
703	7	802.84	1	-1	2
703	7	755.42	1	-1	2
703	7	727.2	1	-1	2
703	7	1604.9	1	-1	2
703	7	730.29	1	-1	2
703	7	707.15	1	-1	2
703	7	878.85	1	-1	2
703	7	682.55	1	-1	2
703	7	1058.3	1	-1	2
703	7	669.54	1	-1	2
703	7	677.89	1	-1	2
703	7	696.46	1	-1	2
703	7	701.42	1	-1	2
703	7	790.17	1	-1	2
703	7	844.5	1	-1	2
703	7	778.36	1	-1	2
703	7	791.79	1	-1	2
703	7	795.3	1	-1	2
703	7	736.45	1	-1	2
703	7	1261.2	1	-1	2
703	7	697.54	1	-1	2
703	7	1240.8	1	-1	2
703	7	1029.7	1	-1	2
703	7	900.59	1	-1	2
703	7	972.6	1	-1	2
703	7	764.83	1	-1	2
703	7	651.89	1	-1	2
703	7	1347.6	1	-1	2
703	7	751.68	1	-1	2
703	7	758.27	1	-1	2
703	7	675.95	1	-1	2
703	7	719.11	1	-1	2
703	7	684.49	1	-1	2
703	7	728.43	1	-1	2
703	7	726.15	1	-1	2
703	7	952.76	1	-1	2
703	7	780.23	1	-1	2
703	7	744.03	1	-1	2
703	7	812.31	1	-1	2
703	7	756.43	1	-1	2
703	7	828.38	1	-1	2
703	7	919.59	1	-1	2
703	7	636.71	1	-1	2
703	7	1253.4	1	-1	2
703	7	867.24	1	-1	2
703	7	626.35	1	-1	2
703	7	659.63	1	-1	2
703	7	789.56	1	-1	2
703	7	683.36	1	-1	2
703	7	606.46	1	-1	2
703	7	667.93	1	-1	2
703	7	969.91	1	-1	2
703	7	681.74	1	-1	2
703	7	679.74	1	-1	2
703	7	795.18	1	-1	2
703	7	726.64	1	-1	2
703	7	658.96	1	-1	2
703	7	624.58	1	-1	2
703	7	769.37	1	-1	2
703	7	790.16	1	-1	2
703	7	727.07	1	-1	2
703	7	1297.6	1	-1	2
703	7	791.86	1	-1	2
703	7	898.67	1	-1	2
703	7	665.31	1	-1	2
703	7	773.58	1	-1	2
703	7	718.86	1	-1	2
703	7	647.2	1	-1	2
703	7	1522.2	1	-1	2
703	7	866.53	1	-1	2
703	7	736.85	1	-1	2
703	7	1063.9	1	-1	2
703	7	1414.8	1	-1	2
703	7	699.09	1	-1	2
703	7	698.76	1	-1	2
703	7	679.16	1	-1	2
703	7	826.88	1	-1	2
703	7	720.01	1	-1	2
703	7	651.14	1	-1	2
703	7	780.11	1	-1	2
703	7	1251.8	0	-1	2
703	7	904.59	1	-1	2
703	7	694.36	1	-1	2
703	7	1184	1	-1	2
703	7	1651.4	1	-1	2
703	7	728.44	1	-1	2
703	7	1729.9	1	-1	2
703	7	834.58	1	-1	2
703	7	1039.9	1	-1	2
703	7	741.98	1	-1	2
703	7	754.73	1	-1	2
703	7	1167.8	1	-1	2
703	7	1101.5	1	-1	2
703	7	711.51	1	-1	2
703	7	717.7	1	-1	2
703	7	824.23	1	-1	2
703	7	845.9	1	-1	2
703	7	948.43	1	-1	2
703	7	1047.7	1	-1	2
703	7	778.38	1	-1	2
703	7	904.46	1	-1	2
703	7	1466.5	1	-1	2
703	7	731.9	1	-1	2
703	7	736.51	1	-1	2
703	7	976.3	1	-1	2
703	7	733.13	1	-1	2
703	7	906.12	1	-1	2
703	7	846.86	1	-1	2
703	7	1052.9	1	-1	2
703	7	867.3	1	-1	2
703	7	765.79	1	-1	2
703	7	1486.2	1	-1	2
703	7	820.61	1	-1	2
703	7	868.24	1	-1	2
703	7	813.11	1	-1	2
703	7	681.92	1	-1	2
703	7	821.4	1	-1	2
703	7	831.74	1	-1	2
703	7	901.47	1	-1	2
703	7	779.09	1	-1	2
703	7	1185.8	1	-1	2
703	7	905.39	0	-1	2
703	7	1392.9	0	-1	2
703	7	1065.3	1	-1	2
703	7	779.02	1	-1	2
703	7	881.28	1	-1	2
703	7	1041.6	1	-1	2
703	7	1040.5	1	-1	2
703	7	2071	1	-1	2
703	7	725.01	1	-1	2
703	7	1173.3	1	-1	2
703	7	1056.3	0	-1	2
703	7	698.81	1	-1	2
703	7	672.74	1	-1	2
703	7	910.43	1	-1	2
703	7	751.64	1	-1	2
703	7	847.66	1	-1	2
703	7	1194.6	1	-1	2
703	7	862.52	1	-1	2
703	7	712.52	1	-1	2
703	7	745.71	1	-1	2
703	7	737.59	1	-1	2
703	7	878.68	1	-1	2
703	7	748.03	1	-1	2
703	7	1001.3	1	-1	2
703	7	685.7	1	-1	2
703	7	702.33	1	-1	2
703	7	1018.9	1	-1	2
703	7	922.95	1	-1	2
703	7	868.93	1	-1	2
703	7	734.49	1	-1	2
703	7	1070.2	1	-1	2
703	7	836.12	1	-1	2
703	7	738.44	1	-1	2
703	7	800.38	1	-1	2
703	7	832.01	1	-1	2
703	7	1163.7	1	-1	2
703	7	822.12	1	-1	2
703	7	712.1	1	-1	2
703	7	938.46	1	-1	2
703	7	781.53	1	-1	2
703	7	826.05	1	-1	2
703	7	787	1	-1	2
703	7	866.38	1	-1	2
703	7	816.01	1	-1	2
703	7	920.74	1	-1	2
703	7	880.27	1	-1	2
703	7	1098.2	1	-1	2
703	7	698.03	1	-1	2
703	7	799.55	1	-1	2
703	7	1279.6	1	-1	2
703	7	1295.4	1	-1	2
703	7	802.99	1	-1	2
703	7	1226	1	-1	2
703	7	735.24	1	-1	2
703	7	721.76	1	-1	2
703	7	915.03	1	-1	2
703	7	968.34	1	-1	2
703	7	878.26	1	-1	2
703	7	694.53	1	-1	2
703	7	1091.2	1	-1	2
703	7	1255.6	1	-1	2
703	7	975.47	1	-1	2
703	7	799.27	1	-1	2
703	7	835.4	1	-1	2
703	7	930.83	1	-1	2
703	7	1250	1	-1	2
703	7	1263.6	1	-1	2
703	7	901.1	1	-1	2
703	7	1361.9	1	-1	2
703	7	817.43	1	-1	2
703	7	1212.9	1	-1	2
703	7	782.58	1	-1	2
703	7	1010.2	1	-1	2
703	7	931.46	1	-1	2
703	7	789.5	1	-1	2
703	7	869.14	1	-1	2
703	7	766.1	1	-1	2
703	7	1302.4	1	-1	2
703	7	1152.2	1	-1	2
703	7	829.1	1	-1	2
703	7	640.32	1	-1	2
703	7	865.71	1	-1	2
703	7	682.03	1	-1	2
703	7	700.77	1	-1	2
703	7	793.57	1	-1	2
703	7	744.67	1	-1	2
703	7	674.84	1	-1	2
703	7	742.68	1	-1	2
703	7	718.98	1	-1	2
703	7	796.86	1	-1	2
703	7	976.63	1	-1	2
703	7	1247.9	1	-1	2
703	7	872.5	1	-1	2
703	7	700.61	1	-1	2
703	7	852.33	1	-1	2
703	7	876.51	1	-1	2
703	7	814.21	1	-1	2
703	7	743.24	1	-1	2
703	7	1524.9	0	-1	2
703	7	795.49	1	-1	2
703	7	843.63	1	-1	2
703	7	1601.6	0	-1	2
703	7	958.73	1	-1	2
703	7	788.5	1	-1	2
703	7	871.03	1	-1	2
703	7	992.66	1	-1	2
703	7	960.92	1	-1	2
703	7	1010.9	1	-1	2
703	7	880.63	1	-1	2
703	7	706.46	1	-1	2
703	7	774.09	1	-1	2
703	7	775.68	1	-1	2
703	7	1229.3	1	-1	2
703	7	1354.4	0	-1	2
703	7	789.13	1	-1	2
703	7	1924.1	0	-1	2
703	7	795.81	1	-1	2
703	7	946.39	1	-1	2
703	7	921.54	1	-1	2
703	7	843.19	1	-1	2
703	7	1313.8	1	-1	1
703	7	1129.6	1	-1	1
703	7	846.63	1	-1	1
703	7	1187.6	1	-1	1
703	7	1560.1	1	-1	1
703	7	1945.9	1	-1	1
703	7	1409.8	1	-1	1
703	7	1419.3	1	-1	1
703	7	1279.1	1	-1	1
703	7	1438.1	1	-1	1
703	7	1167.1	1	-1	1
703	7	849.12	1	-1	1
703	7	966.59	1	-1	1
703	7	734.48	1	-1	1
703	7	820.79	1	-1	1
703	7	641.25	1	-1	1
703	7	1282.3	1	-1	1
703	7	716.6	1	-1	1
703	7	928.42	1	-1	1
703	7	1517.3	1	-1	1
703	7	1116.8	1	-1	1
703	7	825.36	1	-1	1
703	7	1503.2	1	-1	1
703	7	973.26	1	-1	1
703	7	1011.8	1	-1	1
703	7	972.68	1	-1	1
703	7	1544.7	1	-1	1
703	7	1002	1	-1	1
703	7	693.45	1	-1	1
703	7	839.47	1	-1	1
703	7	1338.3	1	-1	1
703	7	1192.7	1	-1	1
703	7	1198	1	-1	1
703	7	1249.7	1	-1	1
703	7	2236.6	1	-1	1
703	7	1104.8	1	-1	1
703	7	1042	1	-1	1
703	7	1382.5	1	-1	1
703	7	1245.1	1	-1	1
703	7	1147.7	1	-1	1
703	7	1144.2	1	-1	1
703	7	1592.7	1	-1	1
703	7	4084.5	0	-1	1
703	7	1230.4	1	-1	1
703	7	1330.6	1	-1	1
703	7	864.59	1	-1	1
703	7	878.88	1	-1	1
703	7	1628.6	1	-1	1
703	7	872.84	1	-1	1
703	7	1094.5	1	-1	1
703	7	1410.1	1	-1	1
703	7	1040.1	0	-1	1
703	7	809.94	1	-1	1
703	7	844.4	1	-1	1
703	7	1214.8	1	-1	1
703	7	1720.4	1	-1	1
703	7	1107	1	-1	1
703	7	771.82	1	-1	1
703	7	806.75	1	-1	1
703	7	735.64	1	-1	1
703	7	811.39	1	-1	1
703	7	788.76	1	-1	1
703	7	913.26	1	-1	1
703	7	747.02	1	-1	1
703	7	2266.8	1	-1	1
703	7	957.45	1	-1	1
703	7	1009.9	1	-1	1
703	7	1088.6	1	-1	1
703	7	868.37	1	-1	1
703	7	1221.5	1	-1	1
703	7	1035.5	1	-1	1
703	7	1841.7	1	-1	1
703	7	776.74	1	-1	1
703	7	1879.6	1	-1	1
703	7	1089.1	1	-1	1
703	7	953.45	1	-1	1
703	7	734.08	1	-1	1
703	7	1243	1	-1	1
703	7	980.99	1	-1	1
703	7	819.79	1	-1	1
703	7	858.17	1	-1	1
703	7	1061.9	1	-1	1
703	7	736.69	1	-1	1
703	7	1075.6	1	-1	1
703	7	1202.2	1	-1	1
703	7	979.91	1	-1	1
703	7	1830.6	1	-1	1
703	7	1545.1	1	-1	1
703	7	902.99	1	-1	1
703	7	645.63	1	-1	1
703	7	875.46	1	-1	1
703	7	683.99	1	-1	1
703	7	1091.1	1	-1	1
703	7	869.6	1	-1	1
703	7	660.9	1	-1	1
703	7	705.43	1	-1	1
703	7	980.56	1	-1	1
703	7	1212.6	1	-1	1
703	7	580.48	1	-1	1
703	7	2457.7	1	-1	1
703	7	892.9	1	-1	1
703	7	1106.9	1	-1	1
703	7	816.23	1	-1	1
703	7	719.74	1	-1	1
703	7	821.7	1	-1	1
703	7	1406.8	1	-1	1
703	7	1152.9	1	-1	1
703	7	1285.2	1	-1	1
703	7	796.58	1	-1	1
703	7	608.22	1	-1	1
703	7	703.84	1	-1	1
703	7	616.99	1	-1	1
703	7	637.92	1	-1	1
703	7	623.79	1	-1	1
703	7	682.31	1	-1	1
703	7	790.17	1	-1	1
703	7	865.82	1	-1	1
703	7	862.51	1	-1	1
703	7	630.91	1	-1	1
703	7	633.81	1	-1	1
703	7	644.96	1	-1	1
703	7	777.08	1	-1	1
703	7	707.8	1	-1	1
703	7	762.62	1	-1	1
703	7	685.09	1	-1	1
703	7	939.61	1	-1	1
703	7	1713.6	1	-1	1
703	7	1191.3	1	-1	1
703	7	987.71	1	-1	1
703	7	652.7	1	-1	1
703	7	639.29	1	-1	1
703	7	841.65	1	-1	1
703	7	766.68	1	-1	1
703	7	1396	1	-1	1
703	7	847.98	1	-1	1
703	7	1008.9	1	-1	1
703	7	876	1	-1	1
703	7	1520.1	1	-1	1
703	7	725.6	1	-1	1
703	7	922.24	1	-1	1
703	7	734.26	1	-1	1
703	7	779.52	1	-1	1
703	7	950.84	1	-1	1
703	7	936	1	-1	1
703	7	667.62	1	-1	1
703	7	745.59	1	-1	1
703	7	1002.9	1	-1	1
703	7	831.02	1	-1	1
703	7	824.9	1	-1	1
703	7	802.78	1	-1	1
703	7	1243.7	1	-1	1
703	7	993.19	1	-1	1
703	7	725.72	1	-1	1
703	7	631.79	1	-1	1
703	7	709.34	1	-1	1
703	7	638.61	1	-1	1
703	7	639.87	1	-1	1
703	7	668.9	1	-1	1
703	7	662.64	1	-1	1
703	7	648.59	1	-1	1
703	7	731.09	1	-1	1
703	7	934.42	1	-1	1
703	7	680.11	1	-1	1
703	7	603.18	1	-1	1
703	7	615.05	1	-1	1
703	7	1154.7	1	-1	1
703	7	701.65	1	-1	1
703	7	753.72	1	-1	1
703	7	725.8	1	-1	1
703	7	871.2	1	-1	1
703	7	737.67	1	-1	1
703	7	682.91	1	-1	1
703	7	752.7	1	-1	1
703	7	1013.4	1	-1	1
703	7	662.63	1	-1	1
703	7	621.46	1	-1	1
703	7	734.86	1	-1	1
703	7	663.74	1	-1	1
703	7	873.1	1	-1	1
703	7	751.4	1	-1	1
703	7	739.03	1	-1	1
703	7	808.53	1	-1	1
703	7	790.04	1	-1	1
703	7	721.63	1	-1	1
703	7	1136.3	1	-1	1
703	7	634.24	1	-1	1
703	7	1565	1	-1	1
703	7	1264.1	1	-1	1
703	7	738.31	1	-1	1
703	7	900.26	1	-1	1
703	7	933.2	1	-1	1
703	7	870.95	1	-1	1
703	7	934.19	1	-1	1
703	7	1062.4	1	-1	1
703	7	1097.1	1	-1	1
703	7	641.57	1	-1	1
703	7	1112.7	1	-1	1
703	7	673.14	1	-1	1
703	7	858.35	1	-1	1
703	7	918.93	1	-1	1
703	7	690.38	1	-1	1
703	7	720.79	1	-1	1
703	7	1337.9	1	-1	1
703	7	1110.3	1	-1	1
703	7	1207.9	1	-1	1
703	7	1024.3	1	-1	1
703	7	779.78	1	-1	1
703	7	767.51	1	-1	1
703	7	761.51	1	-1	1
703	7	1245.9	1	-1	1
703	7	1036.2	1	-1	1
703	7	1212.6	1	-1	1
703	7	1126.9	1	-1	1
703	7	965.51	1	-1	1
703	7	1226.3	1	-1	1
703	7	860.97	1	-1	1
703	7	1211.2	1	-1	1
703	7	818.88	1	-1	1
703	7	1218.7	1	-1	1
703	7	995.89	1	-1	1
703	7	850.62	1	-1	1
703	7	938.78	1	-1	1
703	7	859.38	1	-1	1
703	7	1295.5	1	-1	1
703	7	726.62	1	-1	1
703	7	879.72	1	-1	1
703	7	774.79	1	-1	1
703	7	1240.2	1	-1	1
703	7	897.72	1	-1	1
703	7	942.27	1	-1	1
703	7	931.69	1	-1	1
703	7	832.95	1	-1	1
703	7	903.41	1	-1	1
703	7	1071.1	1	-1	1
703	7	808.77	1	-1	1
703	7	1184.1	1	-1	1
703	7	1004.8	1	-1	1
703	7	872.28	1	-1	1
703	7	696.84	1	-1	1
703	7	711.88	1	-1	1
703	7	773.9	1	-1	1
703	7	776.12	1	-1	1
703	7	877.61	1	-1	1
703	7	855.49	1	-1	1
703	7	686.14	1	-1	1
703	7	712.9	1	-1	1
703	7	989.02	1	-1	1
703	7	1007.5	1	-1	1
703	7	988.99	1	-1	1
703	7	1007.5	1	-1	1
703	7	830.52	1	-1	1
703	7	764.46	1	-1	1
703	7	854.88	1	-1	1
703	7	1142.6	1	-1	1
703	7	1435.9	1	-1	1
703	7	662.33	1	-1	1
703	7	816.24	1	-1	1
703	7	820.34	1	-1	1
703	7	636.31	1	-1	1
703	7	1034.4	1	-1	1
703	7	871.39	1	-1	1
703	7	858.44	1	-1	1
703	7	987.39	1	-1	1
703	7	1208.2	1	-1	1
703	7	1506.8	1	-1	1
703	7	981.21	1	-1	1
703	7	838.39	1	-1	1
703	7	837.35	1	-1	1
703	7	969.36	1	-1	1
703	7	1174.5	1	-1	1
703	7	771.25	1	-1	1
703	7	1110.3	1	-1	1
703	7	1432	1	-1	1
703	7	888.31	1	-1	1
703	7	1008.6	1	-1	1
703	7	960.33	1	-1	1
703	7	940.52	1	-1	1
703	7	820.31	1	-1	1
703	7	827.4	1	-1	1
703	7	1142.1	1	-1	1
703	7	832.48	1	-1	1
703	7	706.62	1	-1	1
703	7	1095.6	1	-1	1
703	7	746.53	1	-1	1
703	7	654.33	1	-1	1
703	7	758.15	1	-1	1
703	7	777.66	1	-1	1
703	7	798.23	1	-1	1
703	7	1190.3	1	-1	1
703	7	678.79	1	-1	1
703	7	853.96	1	-1	1
703	7	941.08	1	-1	1
703	7	706.36	1	-1	1
703	7	814.9	1	-1	1
703	7	1149.8	1	-1	1
703	7	758.32	1	-1	1
703	7	866.44	1	-1	1
703	7	1504.5	1	-1	1
703	7	768.04	1	-1	1
703	7	1221.8	1	-1	1
703	7	1324.7	1	-1	1
703	7	1346	1	-1	1
703	7	1436.1	1	-1	1
703	7	1242.2	1	-1	1
703	7	708.7	1	-1	1
703	7	731.78	1	-1	1
703	7	932.66	1	-1	1
703	7	914.83	1	-1	1
703	7	977.41	1	-1	1
703	7	1108.8	1	-1	1
703	7	699.01	1	-1	1
703	7	771.92	1	-1	1
703	7	823.46	1	-1	1
703	7	1149.2	1	-1	1
703	7	799.42	1	-1	1
703	7	771.03	1	-1	1
703	7	825.54	1	-1	1
703	7	830.75	1	-1	1
703	7	653.95	1	-1	1
703	7	734.08	1	-1	1
703	7	1283.6	1	-1	1
703	7	814.06	1	-1	1
703	7	704.07	1	-1	1
703	7	635.59	1	-1	1
703	7	795.51	1	-1	1
703	7	780.05	1	-1	1
703	7	804.17	1	-1	1
703	7	680.47	1	-1	1
703	7	704.44	1	-1	1
703	7	1483.4	1	-1	1
703	7	1882.3	1	-1	1
703	7	712.92	1	-1	1
703	7	701.24	1	-1	1
703	7	1799.1	1	-1	1
703	7	900.04	1	-1	1
703	7	1123	1	-1	1
703	7	1236.2	1	-1	1
703	7	829.61	1	-1	1
703	7	847.99	1	-1	1
703	7	925.15	1	-1	1
703	7	1273.3	1	-1	1
703	7	1583.3	1	-1	1
703	7	778.97	1	-1	1
703	7	851.79	1	-1	1
703	7	1162.6	1	-1	1
703	7	718.54	1	-1	1
703	7	738.34	1	-1	1
703	7	916.71	1	-1	1
703	7	843.91	1	-1	1
703	7	887.24	1	-1	1
703	7	869.56	1	-1	-1
703	7	1334.3	1	-1	-1
703	7	995.38	1	-1	-1
703	7	992.41	1	-1	-1
703	7	872.36	1	-1	-1
703	7	811.57	1	-1	-1
703	7	1109.5	1	-1	-1
703	7	1087	1	-1	-1
703	7	1286.7	1	-1	-1
703	7	800.43	1	-1	-1
703	7	887.21	1	-1	-1
703	7	1073.7	1	-1	-1
703	7	750.47	1	-1	-1
703	7	790.36	1	-1	-1
703	7	707.7	1	-1	-1
703	7	638.86	1	-1	-1
703	7	712.48	1	-1	-1
703	7	793.93	1	-1	-1
703	7	852.5	1	-1	-1
703	7	723.38	1	-1	-1
703	7	1403.3	1	-1	-1
703	7	819.53	1	-1	-1
703	7	972.12	1	-1	-1
703	7	985.66	1	-1	-1
703	7	904.18	1	-1	-1
703	7	918.35	1	-1	-1
703	7	898.58	1	-1	-1
703	7	796.78	1	-1	-1
703	7	854.84	1	-1	-1
703	7	806.45	1	-1	-1
703	7	931.06	1	-1	-1
703	7	1119.9	1	-1	-1
703	7	972.24	1	-1	-1
703	7	780.81	1	-1	-1
703	7	776.9	1	-1	-1
703	7	899.83	1	-1	-1
703	7	934.33	1	-1	-1
703	7	829.91	1	-1	-1
703	7	1043.3	1	-1	-1
703	7	836.63	1	-1	-1
703	7	695.98	1	-1	-1
703	7	740.57	1	-1	-1
703	7	604.69	1	-1	-1
703	7	731.7	1	-1	-1
703	7	775.16	1	-1	-1
703	7	1522.1	1	-1	-1
703	7	1244.6	1	-1	-1
703	7	889.12	1	-1	-1
703	7	839.83	1	-1	-1
703	7	772.92	1	-1	-1
703	7	805.55	1	-1	-1
703	7	744.65	1	-1	-1
703	7	958.71	1	-1	-1
703	7	729.93	1	-1	-1
703	7	669.6	1	-1	-1
703	7	764.01	1	-1	-1
703	7	668.44	1	-1	-1
703	7	888.06	1	-1	-1
703	7	1550.5	1	-1	-1
703	7	1138.1	1	-1	-1
703	7	738.79	1	-1	-1
703	7	649.95	1	-1	-1
703	7	767.48	1	-1	-1
703	7	730.74	1	-1	-1
703	7	1190.5	1	-1	-1
703	7	836.02	1	-1	-1
703	7	777.15	1	-1	-1
703	7	880.42	1	-1	-1
703	7	743.22	1	-1	-1
703	7	665.17	1	-1	-1
703	7	800.78	1	-1	-1
703	7	1040.2	1	-1	-1
703	7	797.6	1	-1	-1
703	7	740.46	1	-1	-1
703	7	801.07	1	-1	-1
703	7	718.05	1	-1	-1
703	7	693.93	1	-1	-1
703	7	657.09	1	-1	-1
703	7	646.48	1	-1	-1
703	7	717.57	1	-1	-1
703	7	884.96	1	-1	-1
703	7	835.42	1	-1	-1
703	7	735.63	1	-1	-1
703	7	761.71	1	-1	-1
703	7	761.93	1	-1	-1
703	7	783.26	1	-1	-1
703	7	682.55	1	-1	-1
703	7	582.59	1	-1	-1
703	7	650.72	1	-1	-1
703	7	677.51	1	-1	-1
703	7	657.9	1	-1	-1
703	7	589.14	1	-1	-1
703	7	629.97	1	-1	-1
703	7	601.05	1	-1	-1
703	7	713.15	1	-1	-1
703	7	643.94	1	-1	-1
703	7	613.6	1	-1	-1
703	7	651.76	1	-1	-1
703	7	572.61	1	-1	-1
703	7	725.56	1	-1	-1
703	7	734.53	1	-1	-1
703	7	676.84	1	-1	-1
703	7	954.83	1	-1	-1
703	7	739.77	1	-1	-1
703	7	802.86	1	-1	-1
703	7	646.34	1	-1	-1
703	7	665.63	1	-1	-1
703	7	728.55	1	-1	-1
703	7	883.96	1	-1	-1
703	7	813.98	1	-1	-1
703	7	682.99	1	-1	-1
703	7	660.05	1	-1	-1
703	7	691.32	1	-1	-1
703	7	603.41	1	-1	-1
703	7	649.39	1	-1	-1
703	7	904.2	1	-1	-1
703	7	999.24	1	-1	-1
703	7	708.76	1	-1	-1
703	7	645.7	1	-1	-1
703	7	680.47	1	-1	-1
703	7	565.27	1	-1	-1
703	7	553.65	1	-1	-1
703	7	661.02	1	-1	-1
703	7	733.26	1	-1	-1
703	7	718.87	1	-1	-1
703	7	760.15	1	-1	-1
703	7	718.37	1	-1	-1
703	7	722.07	1	-1	-1
703	7	646.45	1	-1	-1
703	7	857.94	1	-1	-1
703	7	737.7	1	-1	-1
703	7	764.28	1	-1	-1
703	7	922.3	1	-1	-1
703	7	767.78	1	-1	-1
703	7	711.38	1	-1	-1
703	7	820.77	1	-1	-1
703	7	971.79	1	-1	-1
703	7	997.08	1	-1	-1
703	7	747.87	1	-1	-1
703	7	710.78	1	-1	-1
703	7	615.78	1	-1	-1
703	7	751.88	1	-1	-1
703	7	929.99	1	-1	-1
703	7	746.73	1	-1	-1
703	7	778.87	1	-1	-1
703	7	817.13	1	-1	-1
703	7	987.59	1	-1	-1
703	7	768.68	1	-1	-1
703	7	831.48	1	-1	-1
703	7	717.47	1	-1	-1
703	7	573.11	1	-1	-1
703	7	725.01	1	-1	-1
703	7	636.45	1	-1	-1
703	7	656.98	1	-1	-1
703	7	640.06	1	-1	-1
703	7	607.9	1	-1	-1
703	7	621.52	1	-1	-1
703	7	531.66	1	-1	-1
703	7	593.96	1	-1	-1
703	7	585.05	1	-1	-1
703	7	632.25	1	-1	-1
703	7	633.86	1	-1	-1
703	7	633.55	1	-1	-1
703	7	653.68	1	-1	-1
703	7	662.27	1	-1	-1
703	7	734.09	1	-1	-1
703	7	569.76	1	-1	-1
703	7	683.28	1	-1	-1
703	7	703.45	1	-1	-1
703	7	683.12	1	-1	-1
703	7	541.67	1	-1	-1
703	7	788.41	1	-1	-1
703	7	756.63	1	-1	-1
703	7	743.06	1	-1	-1
703	7	704.35	1	-1	-1
703	7	1168	1	-1	-1
703	7	760.22	1	-1	-1
703	7	778.62	1	-1	-1
703	7	732.21	1	-1	-1
703	7	740.68	1	-1	-1
703	7	655.25	1	-1	-1
703	7	669.65	1	-1	-1
703	7	541.99	1	-1	-1
703	7	688.45	1	-1	-1
703	7	683.53	1	-1	-1
703	7	819.61	1	-1	-1
703	7	818.96	1	-1	-1
703	7	723.67	1	-1	-1
703	7	957.87	1	-1	-1
703	7	711.02	1	-1	-1
703	7	669.91	1	-1	-1
703	7	673.44	1	-1	-1
703	7	710.6	1	-1	-1
703	7	813.92	1	-1	-1
703	7	714.91	1	-1	-1
703	7	681.54	1	-1	-1
703	7	694.9	1	-1	-1
703	7	632.98	1	-1	-1
703	7	704.02	1	-1	-1
703	7	741.31	1	-1	-1
703	7	704.65	1	-1	-1
703	7	872.25	1	-1	-1
703	7	693.87	1	-1	-1
703	7	692.57	1	-1	-1
703	7	580	1	-1	-1
703	7	995.75	1	-1	-1
703	7	716.71	1	-1	-1
703	7	815.77	1	-1	-1
703	7	777.25	1	-1	-1
703	7	805.02	1	-1	-1
703	7	999.95	1	-1	-1
703	7	719.75	1	-1	-1
703	7	881.61	1	-1	-1
703	7	697.88	1	-1	-1
703	7	710.41	1	-1	-1
703	7	735.27	1	-1	-1
703	7	703.19	1	-1	-1
703	7	757.77	1	-1	-1
703	7	802.16	1	-1	-1
703	7	842.05	1	-1	-1
703	7	1309.6	1	-1	-1
703	7	719.44	1	-1	-1
703	7	698.84	1	-1	-1
703	7	785.02	1	-1	-1
703	7	767.06	1	-1	-1
703	7	765.76	1	-1	-1
703	7	960.63	1	-1	-1
703	7	712.54	1	-1	-1
703	7	706.37	1	-1	-1
703	7	770.36	1	-1	-1
703	7	920.53	1	-1	-1
703	7	879.94	1	-1	-1
703	7	698.64	1	-1	-1
703	7	754.61	1	-1	-1
703	7	807.19	1	-1	-1
703	7	791.16	1	-1	-1
703	7	1083	1	-1	-1
703	7	1307	1	-1	-1
703	7	727.96	1	-1	-1
703	7	718.91	1	-1	-1
703	7	996.23	1	-1	-1
703	7	983.36	1	-1	-1
703	7	1074.7	1	-1	-1
703	7	892.79	1	-1	-1
703	7	751.72	1	-1	-1
703	7	669.73	1	-1	-1
703	7	1020	1	-1	-1
703	7	945.49	1	-1	-1
703	7	758.85	1	-1	-1
703	7	979.27	1	-1	-1
703	7	809.07	1	-1	-1
703	7	762.74	1	-1	-1
703	7	740.77	1	-1	-1
703	7	774.86	1	-1	-1
703	7	796.25	1	-1	-1
703	7	664.66	1	-1	-1
703	7	670.52	1	-1	-1
703	7	724.91	1	-1	-1
703	7	689.39	1	-1	-1
703	7	825.17	1	-1	-1
703	7	1143.4	1	-1	-1
703	7	901.89	1	-1	-1
703	7	861.88	1	-1	-1
703	7	958.91	1	-1	-1
703	7	1030.7	1	-1	-1
703	7	779.72	1	-1	-1
703	7	827.81	1	-1	-1
703	7	706.67	1	-1	-1
703	7	715.01	1	-1	-1
703	7	940.3	1	-1	-1
703	7	659.65	1	-1	-1
703	7	753.02	1	-1	-1
703	7	713.74	1	-1	-1
703	7	729.55	1	-1	-1
703	7	871.52	1	-1	-1
703	7	799.76	1	-1	-1
703	7	822.56	1	-1	-1
703	7	692.66	1	-1	-1
703	7	680.36	1	-1	-1
703	7	721.28	1	-1	-1
703	7	719.36	1	-1	-1
703	7	731.07	1	-1	-1
703	7	770.74	1	-1	-1
703	7	724.11	1	-1	-1
703	7	880.56	1	-1	-1
703	7	726.58	1	-1	-1
703	7	772.8	1	-1	-1
703	7	671.8	1	-1	-1
703	7	719.4	1	-1	-1
703	7	710.68	1	-1	-1
703	7	790.19	1	-1	-1
703	7	814.04	1	-1	-1
703	7	866.23	1	-1	-1
703	7	689.92	1	-1	-1
703	7	832.59	1	-1	-1
703	7	944.49	1	-1	-1
703	7	660.69	1	-1	-1
703	7	908.23	1	-1	-1
703	7	694.13	1	-1	-1
703	7	1244.6	1	-1	-1
703	7	1327.1	1	-1	-1
703	7	816.81	1	-1	-1
703	7	710.82	1	-1	-1
703	7	667.86	1	-1	-1
703	7	701.9	1	-1	-1
703	7	758.09	1	-1	-1
703	7	798.12	1	-1	-1
703	7	726.19	1	-1	-1
703	7	711.64	1	-1	-1
703	7	766.12	1	-1	-1
703	7	739.99	1	-1	-1
703	7	679.42	1	-1	-1
703	7	816.63	1	-1	-1
703	7	752.4	1	-1	-1
703	7	691.66	1	-1	-1
703	7	793.21	1	-1	-1
703	7	785.78	1	-1	-1
703	7	666.88	1	-1	-1
703	7	749.49	1	-1	-1
703	7	759.48	1	-1	-1
703	7	738.95	1	-1	-1
703	7	685.86	1	-1	-1
703	7	711.88	1	-1	-1
703	7	721.59	1	-1	-1
703	7	723.68	1	-1	-1
703	7	780.37	1	-1	-1
703	7	844.77	1	-1	-1
703	7	1261.2	1	-1	-1
703	7	857.11	1	-1	-1
703	7	848.45	1	-1	-1
703	7	954.72	1	-1	-1
703	7	867.71	1	-1	-1
703	7	749.2	1	-1	-1
703	7	867.54	1	-1	-1
703	7	962.68	1	-1	-1
703	7	731.4	1	-1	-1
703	7	949.73	1	-1	-1
703	7	928.63	1	-1	-1
703	7	1041.2	1	-1	-1
703	7	1139.2	1	-1	-1
703	7	1037.7	1	-1	-1
703	7	1064.2	1	-1	-1
703	7	726.47	1	-1	-1
703	7	848.01	1	-1	-1
703	7	759.53	1	-1	-1
703	7	965.93	1	-1	-1
703	7	744.22	1	-1	-1
703	7	734.21	1	-1	-1
703	7	720.76	1	-1	-1
703	7	816.55	1	-1	-1
