804	8	2214.7	1	2	2
804	8	1219.8	1	2	2
804	8	3035.2	1	2	2
804	8	1170.6	1	2	2
804	8	1111.2	1	2	2
804	8	1067.3	1	2	2
804	8	1138.1	1	2	2
804	8	1034.3	1	2	2
804	8	858.87	1	2	2
804	8	1114.2	1	2	2
804	8	1020.2	1	2	2
804	8	983.49	1	2	2
804	8	1499.5	1	2	2
804	8	1959.7	1	2	2
804	8	1316	1	2	2
804	8	1156	1	2	2
804	8	941.56	1	2	2
804	8	1040.6	1	2	2
804	8	834.35	1	2	2
804	8	901.2	1	2	2
804	8	878.91	1	2	2
804	8	976.03	1	2	2
804	8	895.91	1	2	2
804	8	1003.1	1	2	2
804	8	788.17	1	2	2
804	8	869.01	1	2	2
804	8	914.83	1	2	2
804	8	939.83	1	2	2
804	8	1766.7	1	2	2
804	8	1364.9	1	2	2
804	8	826.41	1	2	2
804	8	1043.2	1	2	2
804	8	732.5	1	2	2
804	8	787.26	1	2	2
804	8	954.45	1	2	2
804	8	843.02	1	2	2
804	8	777.23	1	2	2
804	8	859.67	1	2	2
804	8	1157.7	1	2	2
804	8	902.75	1	2	2
804	8	900.04	1	2	2
804	8	842.42	1	2	2
804	8	1012.8	1	2	2
804	8	1132.9	1	2	2
804	8	739.05	1	2	2
804	8	803.06	1	2	2
804	8	1647.5	1	2	2
804	8	933.39	1	2	2
804	8	732.67	1	2	2
804	8	1708.7	1	2	2
804	8	902.93	1	2	2
804	8	1653.7	1	2	2
804	8	928.5	1	2	2
804	8	1064.3	1	2	2
804	8	1024.7	1	2	2
804	8	876.43	1	2	2
804	8	2248.1	1	2	2
804	8	865.15	1	2	2
804	8	2582.6	1	2	2
804	8	1434.4	1	2	2
804	8	775.28	1	2	2
804	8	812.62	1	2	2
804	8	2384.9	1	2	2
804	8	1001.4	1	2	2
804	8	1346	1	2	2
804	8	2760.8	1	2	2
804	8	791.52	1	2	2
804	8	2659.1	1	2	2
804	8	1003.3	1	2	2
804	8	872.09	1	2	2
804	8	1016.5	1	2	2
804	8	823.91	1	2	2
804	8	1058.1	1	2	2
804	8	1219.7	1	2	2
804	8	1160	1	2	2
804	8	2143.5	1	2	2
804	8	922.74	1	2	2
804	8	1322.6	1	2	2
804	8	970.81	1	2	2
804	8	1720.5	1	2	2
804	8	2090.5	1	2	2
804	8	1480.6	1	2	2
804	8	2445.8	1	2	2
804	8	1368.2	1	2	2
804	8	1084.1	1	2	2
804	8	726.13	1	2	2
804	8	773.56	1	2	2
804	8	1123.6	1	2	2
804	8	820.17	1	2	2
804	8	840.86	1	2	2
804	8	1059.1	1	2	2
804	8	1066.3	1	2	2
804	8	1951.4	1	2	2
804	8	3629.6	1	2	2
804	8	850.51	1	2	2
804	8	1335.7	1	2	2
804	8	1060.6	1	2	2
804	8	1999.1	1	2	2
804	8	1260.4	1	2	2
804	8	1688.4	1	2	2
804	8	798.83	1	2	2
804	8	1278.4	1	2	2
804	8	874.82	1	2	2
804	8	834.98	1	2	2
804	8	822.67	1	2	2
804	8	762.18	1	2	2
804	8	863.57	1	2	2
804	8	957.95	1	2	2
804	8	1139	1	2	2
804	8	1005.2	1	2	2
804	8	907.29	1	2	2
804	8	1361.3	1	2	2
804	8	1162.2	1	2	2
804	8	755.51	1	2	2
804	8	1314.9	1	2	2
804	8	981.73	1	2	2
804	8	1899.1	1	2	2
804	8	932.9	1	2	2
804	8	797.59	1	2	2
804	8	1408.3	1	2	2
804	8	915.96	1	2	2
804	8	949.41	1	2	2
804	8	1334	1	2	2
804	8	848.39	1	2	2
804	8	784.94	1	2	2
804	8	927.76	1	2	2
804	8	1088.3	1	2	2
804	8	653.58	1	2	2
804	8	639.07	1	2	2
804	8	899.24	1	2	2
804	8	1650.2	1	2	2
804	8	2187.3	1	2	2
804	8	829.93	1	2	2
804	8	841.49	1	2	2
804	8	944.08	1	2	2
804	8	840.5	1	2	2
804	8	1100	1	2	2
804	8	724	1	2	2
804	8	1590.2	1	2	2
804	8	883.94	1	2	2
804	8	2493.8	1	2	2
804	8	1426.6	1	2	2
804	8	1005.6	1	2	2
804	8	1186.8	1	2	2
804	8	750.23	1	2	2
804	8	1568.7	1	2	2
804	8	839.46	1	2	2
804	8	1070.5	1	2	2
804	8	878.68	1	2	2
804	8	1234.4	1	2	2
804	8	799.4	1	2	2
804	8	791.71	1	2	2
804	8	1241.2	1	2	2
804	8	739.76	1	2	2
804	8	862.73	1	2	2
804	8	1733.2	1	2	2
804	8	641.61	1	2	2
804	8	838.34	1	2	2
804	8	1025.7	1	2	2
804	8	915.87	1	2	2
804	8	1531.6	1	2	2
804	8	1102	1	2	2
804	8	802.76	1	2	2
804	8	743.09	1	2	2
804	8	691.98	1	2	2
804	8	928.39	1	2	2
804	8	693.17	1	2	2
804	8	1137.6	1	2	2
804	8	1134.2	1	2	2
804	8	800.84	1	2	2
804	8	805.05	1	2	2
804	8	769.95	1	2	2
804	8	825.38	1	2	2
804	8	730.32	1	2	2
804	8	1117.3	1	2	2
804	8	946.32	1	2	2
804	8	1273.9	1	2	2
804	8	1330.5	1	2	2
804	8	769.55	1	2	2
804	8	1060.6	1	2	2
804	8	674.9	1	2	2
804	8	828.35	1	2	2
804	8	931.84	1	2	2
804	8	694.86	1	2	2
804	8	1782.1	1	2	2
804	8	1217.7	1	2	2
804	8	1208	1	2	2
804	8	832.13	1	2	2
804	8	1431.8	1	2	2
804	8	1042.4	1	2	2
804	8	1147.6	1	2	2
804	8	1465.7	1	2	2
804	8	870	1	2	2
804	8	907.36	1	2	2
804	8	913.75	1	2	2
804	8	1077.1	1	2	2
804	8	981.7	1	2	2
804	8	933.99	1	2	2
804	8	819.3	1	2	2
804	8	1237.5	1	2	2
804	8	772.87	1	2	2
804	8	2627.6	1	2	2
804	8	749.45	1	2	2
804	8	2225.4	1	2	2
804	8	2495.8	1	2	2
804	8	825.91	1	2	2
804	8	3684.5	1	2	2
804	8	827.66	1	2	2
804	8	1320	1	2	2
804	8	2408.2	1	2	2
804	8	1570.5	1	2	2
804	8	1459.7	1	2	2
804	8	2448.5	1	2	2
804	8	814.07	1	2	2
804	8	896.66	1	2	2
804	8	891.05	1	2	2
804	8	896	1	2	2
804	8	980.34	1	2	2
804	8	875.58	1	2	2
804	8	1014.8	1	2	2
804	8	1827.7	1	2	2
804	8	855.17	1	2	2
804	8	856.89	1	2	2
804	8	846.07	1	2	2
804	8	788.03	1	2	2
804	8	1557	1	2	2
804	8	1118.2	1	2	2
804	8	1923.6	1	2	2
804	8	922.68	1	2	2
804	8	877.95	1	2	2
804	8	942.56	1	2	2
804	8	966.12	1	2	2
804	8	1182.4	1	2	2
804	8	1092.7	1	2	2
804	8	921.8	1	2	2
804	8	1776.7	1	2	2
804	8	1321.6	1	2	2
804	8	932.35	1	2	2
804	8	1086.8	1	2	2
804	8	1354	1	2	2
804	8	1788.9	1	2	2
804	8	1254.6	1	2	2
804	8	1036.3	1	2	2
804	8	2509.8	1	2	2
804	8	1407.4	1	2	2
804	8	1857	1	2	2
804	8	1257.1	1	2	2
804	8	1069.2	1	2	2
804	8	2067.5	1	2	2
804	8	1255.8	1	2	2
804	8	916.89	1	2	2
804	8	1924.2	1	2	2
804	8	2267.5	1	2	2
804	8	2156.9	1	2	2
804	8	1464.2	1	2	2
804	8	2454.7	1	2	2
804	8	985.02	1	2	2
804	8	1472.9	1	2	2
804	8	1078.2	1	2	2
804	8	1102.5	1	2	2
804	8	1220.1	1	2	2
804	8	784.74	1	2	2
804	8	1373.2	1	2	2
804	8	1945.9	1	2	2
804	8	1874.6	1	2	2
804	8	802.92	1	2	2
804	8	1196	1	2	2
804	8	924.06	1	2	2
804	8	920.8	1	2	2
804	8	930.14	1	2	2
804	8	897.03	1	2	2
804	8	706.3	1	2	2
804	8	983.33	1	2	2
804	8	953.34	1	2	2
804	8	1148.8	1	2	2
804	8	1300.4	1	2	2
804	8	1272.8	1	2	2
804	8	737.45	1	2	2
804	8	922.47	1	2	2
804	8	883.22	1	2	2
804	8	862.9	1	2	2
804	8	2792.7	1	2	2
804	8	790.98	1	2	2
804	8	1076.2	1	2	2
804	8	1071.6	1	2	2
804	8	874.22	1	2	2
804	8	816.31	1	2	2
804	8	757.2	1	2	2
804	8	953.03	1	2	2
804	8	1011.1	1	2	2
804	8	865.97	1	2	2
804	8	836.31	1	2	2
804	8	1263.5	1	2	2
804	8	949.1	1	2	2
804	8	713.18	1	2	2
804	8	988.8	1	2	2
804	8	854.08	1	2	2
804	8	2853.2	1	2	2
804	8	1025.2	1	2	2
804	8	1138.7	1	2	2
804	8	795.19	1	2	2
804	8	745.32	1	2	2
804	8	806.27	1	2	2
804	8	1560.7	1	2	2
804	8	833.66	1	2	2
804	8	815.83	1	2	2
804	8	1442.4	1	2	2
804	8	700.23	1	2	2
804	8	1107.4	1	2	2
804	8	943.66	1	2	2
804	8	702.63	1	2	2
804	8	1100.1	1	2	2
804	8	1531.7	1	2	2
804	8	1188.6	1	2	2
804	8	805.54	1	2	2
804	8	746.55	1	2	2
804	8	697.22	1	2	2
804	8	1560.5	1	2	2
804	8	932.43	1	2	2
804	8	1268.6	1	2	2
804	8	1144.3	1	2	2
804	8	848.41	1	2	2
804	8	850.24	1	2	2
804	8	748.75	1	2	2
804	8	785.54	1	2	2
804	8	1002.9	1	2	2
804	8	1035.4	1	2	2
804	8	874.93	1	2	2
804	8	774.81	1	2	2
804	8	1086.4	1	2	2
804	8	635.72	1	2	2
804	8	921.6	1	2	2
804	8	798.35	1	2	2
804	8	780.73	1	2	2
804	8	1276.8	1	2	2
804	8	904.27	1	2	2
804	8	1715.4	1	2	2
804	8	1257.5	1	2	2
804	8	2375.5	1	2	2
804	8	2099	1	2	2
804	8	1468	1	2	2
804	8	1167.1	1	2	2
804	8	1931.5	1	2	2
804	8	836.01	1	2	2
804	8	775.91	1	2	2
804	8	1319	1	2	2
804	8	810.69	1	2	2
804	8	1737.6	1	2	2
804	8	1492.9	1	2	2
804	8	1682.7	1	2	2
804	8	1662.2	1	2	1
804	8	873.48	1	2	1
804	8	1791.2	1	2	1
804	8	1450.2	1	2	1
804	8	999.18	1	2	1
804	8	2316.8	1	2	1
804	8	1212.3	1	2	1
804	8	1444	1	2	1
804	8	1288.1	1	2	1
804	8	1140.4	1	2	1
804	8	1229.4	1	2	1
804	8	1411.4	1	2	1
804	8	1651.9	1	2	1
804	8	1372.9	1	2	1
804	8	1143.7	1	2	1
804	8	901.74	1	2	1
804	8	1089.6	1	2	1
804	8	916.87	1	2	1
804	8	822.34	1	2	1
804	8	1048.1	1	2	1
804	8	1128.1	1	2	1
804	8	964.93	1	2	1
804	8	798.93	1	2	1
804	8	1011.7	1	2	1
804	8	919.86	1	2	1
804	8	1116.5	1	2	1
804	8	798.39	1	2	1
804	8	1370.3	1	2	1
804	8	965.84	1	2	1
804	8	1575.3	1	2	1
804	8	863.39	1	2	1
804	8	779.91	1	2	1
804	8	929.41	1	2	1
804	8	1042.4	1	2	1
804	8	993.6	1	2	1
804	8	699.07	1	2	1
804	8	870.7	1	2	1
804	8	763.49	1	2	1
804	8	1194.6	1	2	1
804	8	1283.3	1	2	1
804	8	1351	1	2	1
804	8	2353.5	1	2	1
804	8	749.34	1	2	1
804	8	864.98	1	2	1
804	8	791.77	1	2	1
804	8	1139.4	1	2	1
804	8	791.54	1	2	1
804	8	1030.3	1	2	1
804	8	900.89	1	2	1
804	8	1057.2	1	2	1
804	8	968.24	1	2	1
804	8	1119.4	1	2	1
804	8	899.07	1	2	1
804	8	1039.6	1	2	1
804	8	1832.6	1	2	1
804	8	1083.8	1	2	1
804	8	910.89	1	2	1
804	8	1067.1	1	2	1
804	8	1296.5	1	2	1
804	8	1262.5	1	2	1
804	8	1911.3	1	2	1
804	8	902.39	1	2	1
804	8	1536.8	1	2	1
804	8	1208	1	2	1
804	8	1076.1	1	2	1
804	8	1612.2	1	2	1
804	8	1052.8	1	2	1
804	8	1252.2	1	2	1
804	8	1571.3	1	2	1
804	8	1551.8	1	2	1
804	8	770.24	1	2	1
804	8	1509.5	1	2	1
804	8	1578.8	1	2	1
804	8	2309.1	1	2	1
804	8	1786.7	1	2	1
804	8	3599.6	1	2	1
804	8	1905.6	1	2	1
804	8	1721.7	1	2	1
804	8	1800.6	1	2	1
804	8	1143	1	2	1
804	8	3275.7	1	2	1
804	8	1602.4	1	2	1
804	8	1214.4	1	2	1
804	8	1174	1	2	1
804	8	1163.7	1	2	1
804	8	1002.1	1	2	1
804	8	3843.2	1	2	1
804	8	1258.6	1	2	1
804	8	1302	1	2	1
804	8	979.66	1	2	1
804	8	1109.1	1	2	1
804	8	1427.7	1	2	1
804	8	1176.2	1	2	1
804	8	1359.4	1	2	1
804	8	2109	1	2	1
804	8	1447.2	1	2	1
804	8	1434.8	1	2	1
804	8	2113	1	2	1
804	8	1493.8	1	2	1
804	8	2329.5	1	2	1
804	8	965.24	1	2	1
804	8	981.6	1	2	1
804	8	915.87	1	2	1
804	8	1721.1	1	2	1
804	8	2206	0	2	1
804	8	1179.1	1	2	1
804	8	907.85	1	2	1
804	8	1140.1	1	2	1
804	8	834.79	1	2	1
804	8	1222.9	1	2	1
804	8	1119.4	1	2	1
804	8	750.43	1	2	1
804	8	1142.7	1	2	1
804	8	1195.8	1	2	1
804	8	2651.8	1	2	1
804	8	1921	1	2	1
804	8	2121.2	1	2	1
804	8	1168.8	1	2	1
804	8	2146.1	1	2	1
804	8	1329.2	1	2	1
804	8	739.11	1	2	1
804	8	970.96	1	2	1
804	8	1102.9	1	2	1
804	8	1281.4	1	2	1
804	8	1152.8	1	2	1
804	8	797.17	1	2	1
804	8	690.91	1	2	1
804	8	1255	1	2	1
804	8	1860.2	1	2	1
804	8	919.74	1	2	1
804	8	954.64	1	2	1
804	8	1819.5	1	2	1
804	8	1157.8	1	2	1
804	8	1746.3	1	2	1
804	8	1589	1	2	1
804	8	857.23	1	2	1
804	8	864.57	1	2	1
804	8	1747.8	1	2	1
804	8	2008.1	1	2	1
804	8	1273.4	1	2	1
804	8	926.74	1	2	1
804	8	1546.5	1	2	1
804	8	822.85	1	2	1
804	8	923.91	1	2	1
804	8	832.23	1	2	1
804	8	823.45	1	2	1
804	8	1007.5	1	2	1
804	8	1072.5	1	2	1
804	8	1063.9	1	2	1
804	8	1007.3	1	2	1
804	8	1006.3	1	2	1
804	8	715.72	1	2	1
804	8	1398.4	1	2	1
804	8	1217.5	1	2	1
804	8	881.47	1	2	1
804	8	1389.1	1	2	1
804	8	1218.2	1	2	1
804	8	1788.8	1	2	1
804	8	1123.6	1	2	1
804	8	1093.9	1	2	1
804	8	1342.4	1	2	1
804	8	743.53	1	2	1
804	8	724.14	1	2	1
804	8	921.78	1	2	1
804	8	1290.9	1	2	1
804	8	1464.2	1	2	1
804	8	758.18	1	2	1
804	8	1379.6	1	2	1
804	8	1198.6	1	2	1
804	8	1177.6	1	2	1
804	8	1093.9	1	2	1
804	8	1025.7	1	2	1
804	8	1162.7	1	2	1
804	8	1020	1	2	1
804	8	1169.7	1	2	1
804	8	804.59	1	2	1
804	8	1562.4	1	2	1
804	8	1540.7	1	2	1
804	8	1195.6	1	2	1
804	8	723.46	1	2	1
804	8	1023.3	1	2	1
804	8	1495.3	1	2	1
804	8	929.81	1	2	1
804	8	1675.8	1	2	1
804	8	898.68	1	2	1
804	8	807.31	1	2	1
804	8	1986.9	1	2	1
804	8	1441.5	1	2	1
804	8	1436.8	1	2	1
804	8	1028.8	1	2	1
804	8	1620.8	1	2	1
804	8	1242.3	1	2	1
804	8	1674.2	1	2	1
804	8	1642.1	1	2	1
804	8	1239.3	1	2	1
804	8	1283.8	1	2	1
804	8	1233.3	1	2	1
804	8	1516.7	1	2	1
804	8	2001.3	1	2	1
804	8	1084	1	2	1
804	8	1920.9	1	2	1
804	8	877.27	1	2	1
804	8	1187.7	1	2	1
804	8	1135.5	1	2	1
804	8	1257.8	1	2	1
804	8	2928.6	1	2	1
804	8	1177.6	1	2	1
804	8	1141.9	1	2	1
804	8	2232.2	1	2	1
804	8	1156.5	1	2	1
804	8	1467.5	1	2	1
804	8	1190.1	1	2	1
804	8	1986.5	0	2	1
804	8	954.78	1	2	1
804	8	895.03	1	2	1
804	8	1880.3	1	2	1
804	8	1220.4	1	2	1
804	8	1169.8	1	2	1
804	8	854.33	1	2	1
804	8	962.2	1	2	1
804	8	1223.4	1	2	1
804	8	1107.9	1	2	1
804	8	1592.6	1	2	1
804	8	1198	1	2	1
804	8	961.92	1	2	1
804	8	877.33	1	2	1
804	8	1035.5	1	2	1
804	8	2373.6	1	2	1
804	8	1963.3	1	2	1
804	8	2032	1	2	1
804	8	1200.1	1	2	1
804	8	1662.8	1	2	1
804	8	1871.5	1	2	1
804	8	1140.7	1	2	1
804	8	1097.7	1	2	1
804	8	1529	1	2	1
804	8	1257.1	0	2	1
804	8	1028.8	1	2	1
804	8	2169.9	1	2	1
804	8	2342	1	2	1
804	8	2197.4	1	2	1
804	8	2804	1	2	1
804	8	2181.9	1	2	1
804	8	1004.5	1	2	1
804	8	1162.7	1	2	1
804	8	1787.5	1	2	1
804	8	1795.7	1	2	1
804	8	2361.7	1	2	1
804	8	1982.6	1	2	1
804	8	929.95	1	2	1
804	8	974.35	1	2	1
804	8	989.93	1	2	1
804	8	1241	1	2	1
804	8	1958.7	1	2	1
804	8	1132.3	1	2	1
804	8	1535.1	1	2	1
804	8	899.91	1	2	1
804	8	1828.6	1	2	1
804	8	1157.2	1	2	1
804	8	1220.2	1	2	1
804	8	2631.9	1	2	1
804	8	1002.3	1	2	1
804	8	987.18	1	2	1
804	8	1058.3	1	2	1
804	8	1300.8	1	2	1
804	8	922.44	1	2	1
804	8	1184	1	2	1
804	8	1476.9	1	2	1
804	8	886.93	1	2	1
804	8	1352	1	2	1
804	8	1252.4	1	2	1
804	8	1496.7	1	2	1
804	8	1431	1	2	1
804	8	1236.9	1	2	1
804	8	1610.1	1	2	1
804	8	1253.6	1	2	1
804	8	974.77	1	2	1
804	8	1070.3	1	2	1
804	8	1151	1	2	1
804	8	1692	1	2	1
804	8	1488.2	1	2	1
804	8	1981.8	1	2	1
804	8	1224.9	1	2	1
804	8	1005.6	1	2	1
804	8	1076	1	2	1
804	8	1697.8	1	2	1
804	8	851.98	1	2	1
804	8	856.52	1	2	1
804	8	888.38	1	2	1
804	8	1499.9	1	2	1
804	8	1712.7	1	2	1
804	8	856.45	1	2	1
804	8	1715	1	2	1
804	8	1152.2	1	2	1
804	8	1906.8	1	2	1
804	8	741.55	1	2	1
804	8	1107.1	1	2	1
804	8	1373.4	1	2	1
804	8	2345.2	1	2	1
804	8	1288.2	1	2	1
804	8	1285.1	1	2	1
804	8	1245.5	1	2	1
804	8	2172.4	1	2	1
804	8	1201.9	1	2	1
804	8	2117.1	1	2	1
804	8	1209.6	1	2	1
804	8	1755.7	1	2	1
804	8	1238.4	1	2	1
804	8	1319	1	2	1
804	8	847.21	1	2	1
804	8	771.16	1	2	1
804	8	1089.4	1	2	1
804	8	801.67	1	2	1
804	8	2270.4	1	2	1
804	8	1230.4	1	2	1
804	8	1166.8	1	2	1
804	8	2123.3	1	2	1
804	8	1467.7	1	2	1
804	8	918.99	1	2	1
804	8	1445.3	1	2	1
804	8	2039.7	1	2	1
804	8	1056.6	1	2	1
804	8	1920.5	1	2	1
804	8	1360.1	1	2	1
804	8	982.89	1	2	1
804	8	1218.8	1	2	1
804	8	1558.3	1	2	1
804	8	1773.4	1	2	1
804	8	1713.1	1	2	1
804	8	795.29	1	2	1
804	8	1021	1	2	1
804	8	1391.5	1	2	1
804	8	1318.9	1	2	1
804	8	1015.8	1	2	1
804	8	1360.2	1	2	1
804	8	1019.5	1	2	1
804	8	1636.9	1	2	1
804	8	1383.9	1	2	1
804	8	2489.2	1	2	1
804	8	1463.9	1	2	1
804	8	1199.2	1	2	1
804	8	2226.2	1	2	1
804	8	1033.4	1	2	1
804	8	1172.9	1	2	1
804	8	1808	1	2	1
804	8	1353.3	1	2	1
804	8	1167.8	1	2	1
804	8	2182.4	1	2	1
804	8	1375.6	1	2	1
804	8	1574.1	1	1	2
804	8	2109.1	1	1	2
804	8	911.4	1	1	2
804	8	1170.4	1	1	2
804	8	954.74	1	1	2
804	8	1289.1	1	1	2
804	8	1179.3	1	1	2
804	8	1524.2	1	1	2
804	8	1010.1	1	1	2
804	8	1954.4	1	1	2
804	8	2228.4	1	1	2
804	8	999.45	1	1	2
804	8	1244.9	1	1	2
804	8	1417.7	1	1	2
804	8	991.71	1	1	2
804	8	1492.7	1	1	2
804	8	1547.1	1	1	2
804	8	938.22	1	1	2
804	8	1945.6	1	1	2
804	8	868.65	1	1	2
804	8	827.77	1	1	2
804	8	801.84	1	1	2
804	8	840.15	1	1	2
804	8	870.76	1	1	2
804	8	794.87	1	1	2
804	8	826.82	1	1	2
804	8	838.13	1	1	2
804	8	905.19	1	1	2
804	8	892.82	1	1	2
804	8	921.82	1	1	2
804	8	862.18	1	1	2
804	8	948.09	1	1	2
804	8	967.5	1	1	2
804	8	1869.9	1	1	2
804	8	1010	1	1	2
804	8	1027.1	1	1	2
804	8	845.66	1	1	2
804	8	1236.4	1	1	2
804	8	1226.2	1	1	2
804	8	899.57	1	1	2
804	8	1127.3	1	1	2
804	8	1061.6	1	1	2
804	8	897.95	1	1	2
804	8	814.84	1	1	2
804	8	1219.3	1	1	2
804	8	751.33	1	1	2
804	8	732.01	1	1	2
804	8	757.52	1	1	2
804	8	714.11	1	1	2
804	8	1380.1	1	1	2
804	8	1183.7	1	1	2
804	8	2107.9	1	1	2
804	8	1174.8	1	1	2
804	8	1542.4	1	1	2
804	8	1694.4	1	1	2
804	8	1780.2	1	1	2
804	8	1436.7	1	1	2
804	8	1103.3	1	1	2
804	8	1752.9	1	1	2
804	8	1757.1	1	1	2
804	8	1262.5	1	1	2
804	8	3395.1	1	1	2
804	8	2695.3	1	1	2
804	8	1082.4	1	1	2
804	8	1219.5	1	1	2
804	8	1028.7	1	1	2
804	8	974.91	1	1	2
804	8	1969.5	1	1	2
804	8	1829.9	1	1	2
804	8	1602.6	1	1	2
804	8	2184.3	1	1	2
804	8	1674	1	1	2
804	8	2163.5	1	1	2
804	8	2919.5	1	1	2
804	8	1252.9	1	1	2
804	8	1043.8	1	1	2
804	8	989	1	1	2
804	8	1644.4	1	1	2
804	8	2616.5	1	1	2
804	8	2035.9	1	1	2
804	8	2246.5	1	1	2
804	8	1357.2	1	1	2
804	8	938.12	1	1	2
804	8	1344.5	1	1	2
804	8	1988.1	1	1	2
804	8	804.56	1	1	2
804	8	2465.7	1	1	2
804	8	2979.7	1	1	2
804	8	1942.6	0	1	2
804	8	1943.7	1	1	2
804	8	2395.8	1	1	2
804	8	2171.4	1	1	2
804	8	908.68	1	1	2
804	8	2605.5	1	1	2
804	8	1778.8	1	1	2
804	8	1321.1	1	1	2
804	8	1423.9	1	1	2
804	8	1469.7	1	1	2
804	8	1881.4	1	1	2
804	8	856.9	1	1	2
804	8	1408.7	1	1	2
804	8	1771.3	1	1	2
804	8	2550.4	1	1	2
804	8	1129.7	1	1	2
804	8	959.77	1	1	2
804	8	1887.4	1	1	2
804	8	1184.2	1	1	2
804	8	1058.9	1	1	2
804	8	876.04	1	1	2
804	8	1080.1	1	1	2
804	8	992.96	1	1	2
804	8	1021.1	1	1	2
804	8	1642	1	1	2
804	8	953.6	1	1	2
804	8	1911.3	1	1	2
804	8	1711.6	1	1	2
804	8	1416.3	1	1	2
804	8	2651.2	0	1	2
804	8	2334.9	0	1	2
804	8	2428.4	0	1	2
804	8	1042.4	1	1	2
804	8	1431.5	1	1	2
804	8	1040.9	1	1	2
804	8	883.54	1	1	2
804	8	1108.6	1	1	2
804	8	1293.4	1	1	2
804	8	1398.6	1	1	2
804	8	1204.5	1	1	2
804	8	955.52	1	1	2
804	8	989.24	1	1	2
804	8	1699.7	1	1	2
804	8	1587.1	1	1	2
804	8	1211.9	1	1	2
804	8	1306.4	1	1	2
804	8	1095.4	1	1	2
804	8	968.65	1	1	2
804	8	866.81	1	1	2
804	8	1110.6	1	1	2
804	8	1581.1	1	1	2
804	8	1366.1	0	1	2
804	8	1599.3	1	1	2
804	8	1010.1	1	1	2
804	8	1114	1	1	2
804	8	1322.4	1	1	2
804	8	843.94	1	1	2
804	8	1005.3	1	1	2
804	8	846.07	1	1	2
804	8	1181.8	1	1	2
804	8	1607.5	1	1	2
804	8	1696.2	1	1	2
804	8	934.91	1	1	2
804	8	1488	1	1	2
804	8	789.87	1	1	2
804	8	904.45	1	1	2
804	8	692.14	1	1	2
804	8	1245.2	1	1	2
804	8	906.07	1	1	2
804	8	1268.4	1	1	2
804	8	962.21	1	1	2
804	8	725.3	1	1	2
804	8	1041.5	1	1	2
804	8	906.66	1	1	2
804	8	1200.2	1	1	2
804	8	799.24	1	1	2
804	8	1317.4	1	1	2
804	8	741.35	1	1	2
804	8	1403.4	1	1	2
804	8	992.31	1	1	2
804	8	1334.6	1	1	2
804	8	1690.1	1	1	2
804	8	834.98	1	1	2
804	8	1216.1	1	1	2
804	8	1271	1	1	2
804	8	847.09	1	1	2
804	8	942.11	1	1	2
804	8	744.51	1	1	2
804	8	956.53	1	1	2
804	8	1140.4	1	1	2
804	8	854.22	1	1	2
804	8	696.08	1	1	2
804	8	780.26	1	1	2
804	8	1187	1	1	2
804	8	1265.9	1	1	2
804	8	1514.2	1	1	2
804	8	1209.9	1	1	2
804	8	1495.9	1	1	2
804	8	1123.9	1	1	2
804	8	1101.9	1	1	2
804	8	959.04	1	1	2
804	8	1898.9	1	1	2
804	8	764.6	1	1	2
804	8	1727	1	1	2
804	8	1538.2	1	1	2
804	8	1242.5	1	1	2
804	8	1297.1	1	1	2
804	8	822.7	1	1	2
804	8	953.21	1	1	2
804	8	1017.2	1	1	2
804	8	1816.1	1	1	2
804	8	1525.6	1	1	2
804	8	1453.7	0	1	2
804	8	1620.3	1	1	2
804	8	1385.3	1	1	2
804	8	1155.3	0	1	2
804	8	1922.1	1	1	2
804	8	1937.4	1	1	2
804	8	1381.5	1	1	2
804	8	1790.7	1	1	2
804	8	1834.4	1	1	2
804	8	985.93	1	1	2
804	8	1098.3	1	1	2
804	8	1858.1	1	1	2
804	8	2002.1	1	1	2
804	8	1632.1	1	1	2
804	8	1060.5	1	1	2
804	8	1288.5	1	1	2
804	8	1106.8	1	1	2
804	8	1415.1	1	1	2
804	8	880.1	1	1	2
804	8	2160.5	1	1	2
804	8	1799.6	0	1	2
804	8	912.81	1	1	2
804	8	1204.2	1	1	2
804	8	959.26	1	1	2
804	8	1164.6	1	1	2
804	8	933.93	1	1	2
804	8	1973.3	1	1	2
804	8	1753.8	1	1	2
804	8	1729.6	1	1	2
804	8	1106.2	1	1	2
804	8	1115.2	1	1	2
804	8	1073.6	1	1	2
804	8	1525.9	1	1	2
804	8	2210.6	1	1	2
804	8	1992.5	1	1	2
804	8	993.5	1	1	2
804	8	1743.3	1	1	2
804	8	1218.6	1	1	2
804	8	2624	1	1	2
804	8	1153	1	1	2
804	8	1475.9	1	1	2
804	8	1990.2	1	1	2
804	8	975.65	1	1	2
804	8	1643.1	1	1	2
804	8	1214.4	1	1	2
804	8	1007.4	1	1	2
804	8	1262.8	1	1	2
804	8	1137.6	1	1	2
804	8	1337.9	1	1	2
804	8	1300.2	1	1	2
804	8	2275.7	1	1	2
804	8	1697.6	1	1	2
804	8	1262.9	1	1	2
804	8	1011.4	1	1	2
804	8	1397.8	1	1	2
804	8	1148.5	1	1	2
804	8	1486.3	1	1	2
804	8	2409.3	1	1	2
804	8	926	1	1	2
804	8	924.8	1	1	2
804	8	962.89	1	1	2
804	8	1513.5	1	1	2
804	8	1326.3	1	1	2
804	8	1133.2	1	1	2
804	8	1293.5	1	1	2
804	8	1446.6	1	1	2
804	8	1858.9	1	1	2
804	8	1929.7	1	1	2
804	8	1935.1	1	1	2
804	8	872.85	1	1	2
804	8	1681.3	1	1	2
804	8	1593.4	1	1	2
804	8	2621.4	1	1	2
804	8	1727.9	1	1	2
804	8	865.32	1	1	2
804	8	1162.2	1	1	2
804	8	951.99	1	1	2
804	8	1085.6	1	1	2
804	8	2012.9	1	1	2
804	8	2502.5	1	1	2
804	8	1503.4	1	1	2
804	8	1880	1	1	2
804	8	1393.5	1	1	2
804	8	2623.5	1	1	2
804	8	2201.1	1	1	2
804	8	1572.1	1	1	2
804	8	1818.4	1	1	2
804	8	1554.5	1	1	2
804	8	1098.3	1	1	2
804	8	1174.7	1	1	2
804	8	2765.9	1	1	2
804	8	1980.4	1	1	2
804	8	1413	1	1	2
804	8	1980.9	1	1	2
804	8	1111.5	1	1	2
804	8	1964.3	1	1	2
804	8	771.64	1	1	2
804	8	1071.7	1	1	2
804	8	972.4	1	1	2
804	8	1431.7	1	1	2
804	8	846.18	1	1	2
804	8	1006	1	1	2
804	8	1060	1	1	2
804	8	1485.3	1	1	2
804	8	1259.6	1	1	2
804	8	1387	1	1	2
804	8	1040.6	1	1	2
804	8	851.19	1	1	2
804	8	1044.7	1	1	2
804	8	790.79	1	1	2
804	8	986.42	1	1	2
804	8	1031.7	1	1	2
804	8	958.01	1	1	2
804	8	731.22	1	1	2
804	8	1223.1	1	1	2
804	8	1104.2	1	1	2
804	8	993.01	1	1	2
804	8	1263.7	1	1	2
804	8	1341.4	1	1	2
804	8	684.39	1	1	2
804	8	975.39	1	1	2
804	8	805.78	1	1	2
804	8	753.56	1	1	2
804	8	801.03	1	1	2
804	8	1587.5	1	1	2
804	8	948.49	1	1	2
804	8	1124	1	1	2
804	8	1877.1	1	1	2
804	8	1207.6	1	1	2
804	8	843.54	1	1	2
804	8	791.72	1	1	2
804	8	1389.7	1	1	2
804	8	1988.6	1	1	2
804	8	845.14	1	1	2
804	8	2025.3	1	1	2
804	8	1972.2	1	1	2
804	8	1351.1	1	1	2
804	8	1456.6	1	1	2
804	8	1255.5	1	1	2
804	8	1296.2	1	1	2
804	8	909.26	1	1	2
804	8	2064.7	1	1	2
804	8	3249.8	1	1	2
804	8	1752.2	1	1	2
804	8	1504.4	1	1	2
804	8	1684.6	1	1	2
804	8	724	1	1	2
804	8	1491	1	1	2
804	8	1787	1	1	2
804	8	1796.9	1	1	1
804	8	2725.3	1	1	1
804	8	2731	1	1	1
804	8	2060	1	1	1
804	8	2941.4	1	1	1
804	8	2040.7	1	1	1
804	8	1229.8	1	1	1
804	8	2363.3	1	1	1
804	8	1314.7	0	1	1
804	8	1761	1	1	1
804	8	1452.7	1	1	1
804	8	1498.2	1	1	1
804	8	1860.1	1	1	1
804	8	1036.6	1	1	1
804	8	1855.9	1	1	1
804	8	1043.2	1	1	1
804	8	1897.3	1	1	1
804	8	1246.6	0	1	1
804	8	1327	1	1	1
804	8	1434.6	1	1	1
804	8	1456.4	1	1	1
804	8	1244	1	1	1
804	8	1185.3	1	1	1
804	8	1174.9	1	1	1
804	8	983.27	1	1	1
804	8	1413.7	1	1	1
804	8	1790.7	1	1	1
804	8	1493.1	1	1	1
804	8	983.49	1	1	1
804	8	1927.3	1	1	1
804	8	1686.9	1	1	1
804	8	1278.3	1	1	1
804	8	1510.6	1	1	1
804	8	1032.4	1	1	1
804	8	1564.2	0	1	1
804	8	979.56	1	1	1
804	8	1625.3	1	1	1
804	8	1438.9	1	1	1
804	8	1254.2	1	1	1
804	8	1472.9	1	1	1
804	8	1465.9	1	1	1
804	8	1127.1	0	1	1
804	8	1351.1	1	1	1
804	8	808.88	1	1	1
804	8	1335.1	1	1	1
804	8	1461	1	1	1
804	8	1237.1	1	1	1
804	8	1830.9	1	1	1
804	8	1775.6	1	1	1
804	8	1949.5	1	1	1
804	8	1469.2	1	1	1
804	8	1248.2	1	1	1
804	8	1547.6	1	1	1
804	8	2521.7	1	1	1
804	8	2204.6	1	1	1
804	8	1135.6	1	1	1
804	8	1618.3	1	1	1
804	8	2075.8	1	1	1
804	8	1279.3	1	1	1
804	8	1993.7	0	1	1
804	8	1337.7	1	1	1
804	8	2224.6	0	1	1
804	8	1241.9	1	1	1
804	8	1529.8	1	1	1
804	8	2253.8	1	1	1
804	8	2098.5	1	1	1
804	8	2948.5	1	1	1
804	8	1300.3	1	1	1
804	8	2844.9	1	1	1
804	8	1067	1	1	1
804	8	3055.9	1	1	1
804	8	1886.9	1	1	1
804	8	1504.5	1	1	1
804	8	1606	1	1	1
804	8	3143	1	1	1
804	8	2597.9	1	1	1
804	8	1658.1	1	1	1
804	8	1427.2	1	1	1
804	8	1749.8	1	1	1
804	8	1156.1	1	1	1
804	8	1408	1	1	1
804	8	3285.3	1	1	1
804	8	1750.5	1	1	1
804	8	1297.9	1	1	1
804	8	1311.3	0	1	1
804	8	2208.5	1	1	1
804	8	2422.9	1	1	1
804	8	1443.3	1	1	1
804	8	2025.5	1	1	1
804	8	2206	1	1	1
804	8	1403.9	1	1	1
804	8	1912.6	1	1	1
804	8	2777.3	1	1	1
804	8	1421.7	1	1	1
804	8	2487	1	1	1
804	8	1413.1	1	1	1
804	8	1544	1	1	1
804	8	2156.6	1	1	1
804	8	1424.6	1	1	1
804	8	1846.7	1	1	1
804	8	1183.4	1	1	1
804	8	1923.1	1	1	1
804	8	1398.8	1	1	1
804	8	2008.8	0	1	1
804	8	1947.9	1	1	1
804	8	1037.1	1	1	1
804	8	1220.8	1	1	1
804	8	1094.5	1	1	1
804	8	1842.6	1	1	1
804	8	1577.8	1	1	1
804	8	907.21	1	1	1
804	8	870.53	1	1	1
804	8	1210.4	1	1	1
804	8	2349.4	1	1	1
804	8	1835.5	1	1	1
804	8	3284.4	0	1	1
804	8	1667.1	1	1	1
804	8	2029.2	1	1	1
804	8	2242.4	1	1	1
804	8	1287.5	1	1	1
804	8	1433.9	1	1	1
804	8	1372.8	1	1	1
804	8	2223	1	1	1
804	8	1697.6	1	1	1
804	8	2516.4	1	1	1
804	8	1623.6	1	1	1
804	8	1852.5	0	1	1
804	8	2444.4	0	1	1
804	8	1392.6	1	1	1
804	8	1517.7	0	1	1
804	8	1055.6	0	1	1
804	8	1671.9	1	1	1
804	8	1323.5	1	1	1
804	8	1549.4	1	1	1
804	8	798.68	1	1	1
804	8	995.06	1	1	1
804	8	1033	1	1	1
804	8	834.29	1	1	1
804	8	1090.2	1	1	1
804	8	1600.7	1	1	1
804	8	2094	1	1	1
804	8	1140.9	1	1	1
804	8	1655.4	1	1	1
804	8	957.88	1	1	1
804	8	1176.9	1	1	1
804	8	1146	1	1	1
804	8	1771.5	1	1	1
804	8	2009.2	1	1	1
804	8	1004.2	1	1	1
804	8	1360.4	1	1	1
804	8	935.19	1	1	1
804	8	1300.5	1	1	1
804	8	1198.3	1	1	1
804	8	1317	1	1	1
804	8	1814.2	1	1	1
804	8	1238.6	1	1	1
804	8	1923.6	1	1	1
804	8	832.07	1	1	1
804	8	1570.2	1	1	1
804	8	1047.9	1	1	1
804	8	1323.4	1	1	1
804	8	1286.2	1	1	1
804	8	1284.7	1	1	1
804	8	958.97	1	1	1
804	8	1368.1	1	1	1
804	8	1075.5	1	1	1
804	8	1411.9	1	1	1
804	8	1145	1	1	1
804	8	1531.7	1	1	1
804	8	1383.5	1	1	1
804	8	1342.5	0	1	1
804	8	1059.1	1	1	1
804	8	1808.4	1	1	1
804	8	1157.4	1	1	1
804	8	1453.4	1	1	1
804	8	1503.1	1	1	1
804	8	1194.5	1	1	1
804	8	2027.8	1	1	1
804	8	1380.8	1	1	1
804	8	1334.7	1	1	1
804	8	888.75	1	1	1
804	8	1095.4	1	1	1
804	8	1875.8	1	1	1
804	8	2048.4	1	1	1
804	8	1967.2	1	1	1
804	8	1187.8	1	1	1
804	8	1316.5	1	1	1
804	8	936.97	1	1	1
804	8	1770.4	1	1	1
804	8	1412.1	0	1	1
804	8	2147.8	1	1	1
804	8	2009.8	1	1	1
804	8	1067.6	1	1	1
804	8	1825.2	1	1	1
804	8	1754.7	1	1	1
804	8	1099.3	1	1	1
804	8	1338.5	1	1	1
804	8	1429.2	1	1	1
804	8	984.82	1	1	1
804	8	1115.2	1	1	1
804	8	1144.2	1	1	1
804	8	1372.5	1	1	1
804	8	2124.9	1	1	1
804	8	2340.4	1	1	1
804	8	2993.2	0	1	1
804	8	2256.1	1	1	1
804	8	1939.4	1	1	1
804	8	1775.8	1	1	1
804	8	2287.6	0	1	1
804	8	1456.9	1	1	1
804	8	1617.1	1	1	1
804	8	1265.8	1	1	1
804	8	1360.5	1	1	1
804	8	1426	1	1	1
804	8	1112.4	1	1	1
804	8	1540.9	1	1	1
804	8	1270.1	1	1	1
804	8	1913.1	1	1	1
804	8	1325.7	1	1	1
804	8	1452.3	1	1	1
804	8	1980.5	1	1	1
804	8	1002.7	1	1	1
804	8	1444.7	1	1	1
804	8	1653.3	1	1	1
804	8	1519.3	1	1	1
804	8	1458.9	1	1	1
804	8	1533.3	1	1	1
804	8	3183.8	0	1	1
804	8	1669.5	1	1	1
804	8	1359.5	1	1	1
804	8	1863.4	1	1	1
804	8	2317.6	1	1	1
804	8	1927.5	1	1	1
804	8	1523.6	1	1	1
804	8	1259.1	1	1	1
804	8	1537.3	1	1	1
804	8	2114.6	1	1	1
804	8	2185.5	1	1	1
804	8	2167	1	1	1
804	8	2605.7	1	1	1
804	8	1845	1	1	1
804	8	2655.2	1	1	1
804	8	1724.6	1	1	1
804	8	1139.1	1	1	1
804	8	2102.2	1	1	1
804	8	1130.7	1	1	1
804	8	1615.2	1	1	1
804	8	2634	1	1	1
804	8	1366.4	1	1	1
804	8	831.83	1	1	1
804	8	1435.7	1	1	1
804	8	1275.8	1	1	1
804	8	1719.3	1	1	1
804	8	1853.4	1	1	1
804	8	2038.6	1	1	1
804	8	2134.7	1	1	1
804	8	1055.4	1	1	1
804	8	1348.5	1	1	1
804	8	1551.4	1	1	1
804	8	1346.3	1	1	1
804	8	1385.5	1	1	1
804	8	1597.3	1	1	1
804	8	1487	1	1	1
804	8	1466.6	1	1	1
804	8	1022.1	1	1	1
804	8	1875.4	1	1	1
804	8	1240.6	1	1	1
804	8	1272.4	1	1	1
804	8	2206.2	1	1	1
804	8	1284.4	1	1	1
804	8	1555.5	1	1	1
804	8	2791.1	1	1	1
804	8	1481.2	1	1	1
804	8	2562.4	1	1	1
804	8	1666.4	1	1	1
804	8	1414.4	1	1	1
804	8	2040.4	1	1	1
804	8	1291.9	1	1	1
804	8	1383.7	1	1	1
804	8	1814.4	1	1	1
804	8	2700.7	1	1	1
804	8	1664.4	1	1	1
804	8	1470.1	1	1	1
804	8	1363.2	1	1	1
804	8	1262	1	1	1
804	8	1494.6	1	1	1
804	8	1785.7	1	1	1
804	8	906.13	1	1	1
804	8	2496	1	1	1
804	8	1113.4	1	1	1
804	8	2498.5	1	1	1
804	8	1595.4	1	1	1
804	8	1343.1	1	1	1
804	8	2669.2	1	1	1
804	8	2138.6	1	1	1
804	8	2123.1	1	1	1
804	8	1536.3	1	1	1
804	8	1745.9	1	1	1
804	8	2181.3	1	1	1
804	8	1906.8	1	1	1
804	8	1532.3	1	1	1
804	8	2219	1	1	1
804	8	2317.5	1	1	1
804	8	1899.6	1	1	1
804	8	1867.6	1	1	1
804	8	1535.1	1	1	1
804	8	1346.3	1	1	1
804	8	2231.1	1	1	1
804	8	3252.8	1	1	1
804	8	2426	1	1	1
804	8	1169.7	1	1	1
804	8	2186.1	1	1	1
804	8	1884.3	1	1	1
804	8	1113.6	1	1	1
804	8	3242.5	1	1	1
804	8	1525	1	1	1
804	8	2203.9	1	1	1
804	8	2280.4	1	1	1
804	8	1266.5	1	1	1
804	8	1925.2	1	1	1
804	8	2222.2	1	1	1
804	8	921.94	1	1	1
804	8	2043.4	1	1	1
804	8	1519.1	1	1	1
804	8	1555.5	1	1	1
804	8	2214.4	1	1	1
804	8	1253.8	1	1	1
804	8	1654.2	1	1	1
804	8	1383.4	1	1	1
804	8	1196.9	1	1	1
804	8	1050.5	1	1	1
804	8	2168.9	1	1	1
804	8	1156.4	1	1	1
804	8	1427.5	1	1	1
804	8	1808.7	1	1	1
804	8	2118	1	1	1
804	8	2084.3	1	1	1
804	8	1996.4	1	1	1
804	8	2255.1	1	1	1
804	8	2586.8	1	1	1
804	8	1913.8	1	1	1
804	8	1834.5	0	1	1
804	8	1867.2	1	1	1
804	8	3365.6	0	1	1
804	8	1983.4	1	1	1
804	8	1378.2	1	1	1
804	8	2399.9	1	1	1
804	8	1205.6	1	1	1
804	8	1569.1	1	1	1
804	8	823.65	1	2	-1
804	8	758.02	1	2	-1
804	8	747.71	1	2	-1
804	8	597.17	1	2	-1
804	8	732.03	1	2	-1
804	8	1211.8	1	2	-1
804	8	759.56	1	2	-1
804	8	672.63	1	2	-1
804	8	1094.2	1	2	-1
804	8	956.09	1	2	-1
804	8	2929.7	1	2	-1
804	8	956.18	1	2	-1
804	8	831.34	1	2	-1
804	8	874.99	1	2	-1
804	8	869.03	1	2	-1
804	8	931.07	1	2	-1
804	8	951.96	1	2	-1
804	8	698.92	1	2	-1
804	8	1207.5	1	2	-1
804	8	1222	1	2	-1
804	8	803.89	1	2	-1
804	8	966.58	1	2	-1
804	8	671.28	1	2	-1
804	8	1093.7	1	2	-1
804	8	1721.6	1	2	-1
804	8	563.38	1	2	-1
804	8	1083.9	1	2	-1
804	8	1318.9	1	2	-1
804	8	945.2	1	2	-1
804	8	647.34	1	2	-1
804	8	662.35	1	2	-1
804	8	1588.5	1	2	-1
804	8	2281.4	1	2	-1
804	8	1282.8	1	2	-1
804	8	815.93	0	2	-1
804	8	1734.3	1	2	-1
804	8	1173.2	1	2	-1
804	8	1186.3	1	2	-1
804	8	968.1	1	2	-1
804	8	802.02	1	2	-1
804	8	780.04	1	2	-1
804	8	883.02	1	2	-1
804	8	800.19	1	2	-1
804	8	999.23	1	2	-1
804	8	1309.3	1	2	-1
804	8	665.13	1	2	-1
804	8	760.57	1	2	-1
804	8	804.33	1	2	-1
804	8	724.6	1	2	-1
804	8	697.76	1	2	-1
804	8	886.57	1	2	-1
804	8	804.07	1	2	-1
804	8	1026	1	2	-1
804	8	791.61	1	2	-1
804	8	1543.9	1	2	-1
804	8	832.88	1	2	-1
804	8	1841.8	1	2	-1
804	8	1233.4	1	2	-1
804	8	718.06	1	2	-1
804	8	599.92	1	2	-1
804	8	1789.6	0	2	-1
804	8	1348.9	0	2	-1
804	8	831.14	1	2	-1
804	8	851.64	1	2	-1
804	8	1027.2	0	2	-1
804	8	861.83	1	2	-1
804	8	1859.9	1	2	-1
804	8	1357.6	1	2	-1
804	8	757.64	1	2	-1
804	8	966.04	1	2	-1
804	8	839.17	1	2	-1
804	8	909.77	1	2	-1
804	8	2251.8	1	2	-1
804	8	909.65	1	2	-1
804	8	1375.8	1	2	-1
804	8	1683	1	2	-1
804	8	2913.6	1	2	-1
804	8	993.78	0	2	-1
804	8	1909.4	1	2	-1
804	8	918.76	1	2	-1
804	8	2434.5	1	2	-1
804	8	1551.5	1	2	-1
804	8	1901	1	2	-1
804	8	865.09	1	2	-1
804	8	650.97	1	2	-1
804	8	1437.5	1	2	-1
804	8	1443.8	1	2	-1
804	8	1672.6	1	2	-1
804	8	940.72	1	2	-1
804	8	838.03	1	2	-1
804	8	1641.7	1	2	-1
804	8	1485.9	1	2	-1
804	8	1363	1	2	-1
804	8	1372.6	0	2	-1
804	8	1835.4	1	2	-1
804	8	1892.4	1	2	-1
804	8	2808.5	1	2	-1
804	8	1434.4	1	2	-1
804	8	1010	1	2	-1
804	8	1882.6	1	2	-1
804	8	1019.4	1	2	-1
804	8	649.63	1	2	-1
804	8	563.15	1	2	-1
804	8	860.48	1	2	-1
804	8	584.84	1	2	-1
804	8	712.12	1	2	-1
804	8	955.95	1	2	-1
804	8	633.64	1	2	-1
804	8	1320	1	2	-1
804	8	566.61	1	2	-1
804	8	2217.4	1	2	-1
804	8	990.53	1	2	-1
804	8	518.98	1	2	-1
804	8	948.47	1	2	-1
804	8	632.1	1	2	-1
804	8	1368.9	1	2	-1
804	8	1592	1	2	-1
804	8	928.13	1	2	-1
804	8	1067.4	1	2	-1
804	8	1403.2	1	2	-1
804	8	825.23	1	2	-1
804	8	1612.8	1	2	-1
804	8	798.31	1	2	-1
804	8	641.68	1	2	-1
804	8	2856.3	1	2	-1
804	8	640.97	1	2	-1
804	8	828.58	1	2	-1
804	8	956.16	1	2	-1
804	8	586.13	1	2	-1
804	8	2106.7	1	2	-1
804	8	1290.5	1	2	-1
804	8	1759.4	1	2	-1
804	8	1127.3	1	2	-1
804	8	1701.6	1	2	-1
804	8	1411.1	1	2	-1
804	8	617.35	1	2	-1
804	8	566.63	1	2	-1
804	8	740.7	1	2	-1
804	8	601.88	1	2	-1
804	8	1712.6	1	2	-1
804	8	1450.3	1	2	-1
804	8	832.22	1	2	-1
804	8	629.69	1	2	-1
804	8	656.58	1	2	-1
804	8	749.57	1	2	-1
804	8	863.5	1	2	-1
804	8	1285.2	0	2	-1
804	8	1443	1	2	-1
804	8	1474.2	1	2	-1
804	8	761.28	1	2	-1
804	8	694.91	1	2	-1
804	8	575.5	1	2	-1
804	8	751.55	1	2	-1
804	8	493.5	1	2	-1
804	8	503.91	1	2	-1
804	8	1373.9	1	2	-1
804	8	748.02	1	2	-1
804	8	685.76	1	2	-1
804	8	1003.5	1	2	-1
804	8	541.34	1	2	-1
804	8	607.69	1	2	-1
804	8	1281.7	1	2	-1
804	8	1161.4	1	2	-1
804	8	740.62	1	2	-1
804	8	955.31	1	2	-1
804	8	1115.9	1	2	-1
804	8	621.36	1	2	-1
804	8	597.94	1	2	-1
804	8	777.27	1	2	-1
804	8	657.45	1	2	-1
804	8	1208.5	1	2	-1
804	8	705.4	1	2	-1
804	8	1807.2	1	2	-1
804	8	765.28	1	2	-1
804	8	636.05	1	2	-1
804	8	589.38	1	2	-1
804	8	974.7	1	2	-1
804	8	933.07	1	2	-1
804	8	778.04	1	2	-1
804	8	533.83	1	2	-1
804	8	2670.7	1	2	-1
804	8	851.18	1	2	-1
804	8	747.22	1	2	-1
804	8	1016.6	1	2	-1
804	8	868.11	1	2	-1
804	8	675.76	1	2	-1
804	8	648.78	1	2	-1
804	8	928.94	1	2	-1
804	8	534.39	1	2	-1
804	8	1529.4	1	2	-1
804	8	1684.2	1	2	-1
804	8	1165.5	1	2	-1
804	8	923.31	1	2	-1
804	8	584.93	1	2	-1
804	8	607.36	1	2	-1
804	8	962.69	1	2	-1
804	8	681.88	1	2	-1
804	8	786.13	1	2	-1
804	8	950.02	1	2	-1
804	8	1186.2	1	2	-1
804	8	1710.8	1	2	-1
804	8	694.39	1	2	-1
804	8	587.03	1	2	-1
804	8	2087.8	1	2	-1
804	8	730.82	1	2	-1
804	8	1699.2	1	2	-1
804	8	1043.5	1	2	-1
804	8	871.67	1	2	-1
804	8	627.17	1	2	-1
804	8	1640.4	1	2	-1
804	8	605.3	1	2	-1
804	8	752.92	1	2	-1
804	8	636.86	1	2	-1
804	8	1596	1	2	-1
804	8	604.11	1	2	-1
804	8	1949.8	1	2	-1
804	8	650.85	1	2	-1
804	8	735.52	1	2	-1
804	8	657.95	1	2	-1
804	8	1140.3	1	2	-1
804	8	623.68	1	2	-1
804	8	1173.7	1	2	-1
804	8	598.35	1	2	-1
804	8	891.35	1	2	-1
804	8	913.59	1	2	-1
804	8	717.43	1	2	-1
804	8	793.58	1	2	-1
804	8	730.15	1	2	-1
804	8	941.88	1	2	-1
804	8	797.58	1	2	-1
804	8	1039.7	1	2	-1
804	8	595.01	1	2	-1
804	8	678.8	1	2	-1
804	8	722.96	1	2	-1
804	8	631.17	1	2	-1
804	8	1007.2	1	2	-1
804	8	2342.2	1	2	-1
804	8	1402.3	1	2	-1
804	8	1418.8	1	2	-1
804	8	1775.7	1	2	-1
804	8	1817.3	1	2	-1
804	8	998.03	1	2	-1
804	8	844.14	1	2	-1
804	8	742.24	1	2	-1
804	8	1122.6	1	2	-1
804	8	751.52	1	2	-1
804	8	806.93	1	2	-1
804	8	838.42	1	2	-1
804	8	740.21	1	2	-1
804	8	683.3	1	2	-1
804	8	1007	1	2	-1
804	8	2025	0	2	-1
804	8	951.65	1	2	-1
804	8	2168.7	1	2	-1
804	8	849.79	1	2	-1
804	8	637.58	1	2	-1
804	8	1501.7	1	2	-1
804	8	1454.7	1	2	-1
804	8	689.94	1	2	-1
804	8	702.58	1	2	-1
804	8	683.26	1	2	-1
804	8	1365.2	1	2	-1
804	8	1954.2	1	2	-1
804	8	2096.1	1	2	-1
804	8	759.83	1	2	-1
804	8	1274.5	1	2	-1
804	8	789.63	1	2	-1
804	8	968.18	1	2	-1
804	8	883.13	1	2	-1
804	8	813.73	1	2	-1
804	8	1068.6	1	2	-1
804	8	984.01	1	2	-1
804	8	1315.1	1	2	-1
804	8	665.85	1	2	-1
804	8	1331.4	1	2	-1
804	8	688.23	1	2	-1
804	8	1346.9	1	2	-1
804	8	664.67	1	2	-1
804	8	1551.5	1	2	-1
804	8	734.43	1	2	-1
804	8	891.31	1	2	-1
804	8	661.21	1	2	-1
804	8	987.63	1	2	-1
804	8	703.37	1	2	-1
804	8	860.45	1	2	-1
804	8	1064.6	1	2	-1
804	8	586.44	1	2	-1
804	8	626.45	1	2	-1
804	8	1460.1	1	2	-1
804	8	1405.1	1	2	-1
804	8	786.12	1	2	-1
804	8	1105.9	1	2	-1
804	8	856.11	1	2	-1
804	8	1025.7	1	2	-1
804	8	1251.4	1	2	-1
804	8	1682	1	2	-1
804	8	865.72	1	2	-1
804	8	802.62	1	2	-1
804	8	667.41	1	2	-1
804	8	691.79	1	2	-1
804	8	1563.3	1	2	-1
804	8	907.57	1	2	-1
804	8	1867.4	1	2	-1
804	8	515.35	1	2	-1
804	8	640.36	1	2	-1
804	8	2181.8	1	2	-1
804	8	1299.7	1	2	-1
804	8	712.33	1	2	-1
804	8	711.75	1	2	-1
804	8	928.53	1	2	-1
804	8	1802.6	1	2	-1
804	8	756.35	1	2	-1
804	8	931.65	1	2	-1
804	8	580.32	1	2	-1
804	8	1217.6	1	2	-1
804	8	962.28	1	2	-1
804	8	1554.7	1	2	-1
804	8	1108.6	1	2	-1
804	8	652.67	1	2	-1
804	8	807.82	1	2	-1
804	8	1085	1	2	-1
804	8	1287	1	2	-1
804	8	1148.4	1	2	-1
804	8	631.87	1	2	-1
804	8	913.68	1	2	-1
804	8	736.56	1	2	-1
804	8	971.39	1	2	-1
804	8	757.83	1	2	-1
804	8	549.7	1	2	-1
804	8	669.7	1	2	-1
804	8	1735.6	1	2	-1
804	8	1967.7	1	2	-1
804	8	1635	1	2	-1
804	8	506.59	1	2	-1
804	8	666.85	1	2	-1
804	8	849.6	1	2	-1
804	8	1781	1	2	-1
804	8	755.37	1	2	-1
804	8	1338.8	1	2	-1
804	8	1444	1	2	-1
804	8	1188.1	1	2	-1
804	8	925.12	1	2	-1
804	8	1726.1	1	2	-1
804	8	2417.8	1	2	-1
804	8	1308.1	1	2	-1
804	8	990.22	1	2	-1
804	8	1484.9	1	2	-1
804	8	642.02	1	2	-1
804	8	677.14	1	2	-1
804	8	1122.6	1	2	-1
804	8	671.78	1	1	-1
804	8	658.34	1	1	-1
804	8	686.9	1	1	-1
804	8	977.87	1	1	-1
804	8	860.28	1	1	-1
804	8	1008.7	1	1	-1
804	8	1209.7	1	1	-1
804	8	1159.2	1	1	-1
804	8	981.73	1	1	-1
804	8	854.51	1	1	-1
804	8	859.04	1	1	-1
804	8	1520.2	1	1	-1
804	8	1032.7	1	1	-1
804	8	1770.9	1	1	-1
804	8	756.77	1	1	-1
804	8	1298.6	1	1	-1
804	8	1334.7	1	1	-1
804	8	768.41	1	1	-1
804	8	845.23	1	1	-1
804	8	681.28	1	1	-1
804	8	599.79	1	1	-1
804	8	730.93	1	1	-1
804	8	632.91	1	1	-1
804	8	1102.2	1	1	-1
804	8	762.61	1	1	-1
804	8	1034.7	1	1	-1
804	8	679.38	1	1	-1
804	8	861.25	1	1	-1
804	8	2522	1	1	-1
804	8	1440.2	1	1	-1
804	8	893.15	1	1	-1
804	8	1144.6	1	1	-1
804	8	905.17	1	1	-1
804	8	1606.7	1	1	-1
804	8	2362.4	1	1	-1
804	8	1013.2	1	1	-1
804	8	804.93	1	1	-1
804	8	1070.4	1	1	-1
804	8	1258.8	1	1	-1
804	8	1059.2	1	1	-1
804	8	1012.9	1	1	-1
804	8	779.7	1	1	-1
804	8	683.63	1	1	-1
804	8	686.87	1	1	-1
804	8	1106.2	1	1	-1
804	8	776.63	1	1	-1
804	8	727.48	1	1	-1
804	8	703.26	1	1	-1
804	8	809.32	1	1	-1
804	8	969.76	1	1	-1
804	8	813.82	1	1	-1
804	8	1102.6	1	1	-1
804	8	1374	1	1	-1
804	8	798.26	1	1	-1
804	8	960.86	1	1	-1
804	8	736.4	1	1	-1
804	8	693.96	1	1	-1
804	8	870.11	1	1	-1
804	8	1168.7	1	1	-1
804	8	685.48	1	1	-1
804	8	698.19	1	1	-1
804	8	1385.8	1	1	-1
804	8	1476	1	1	-1
804	8	1025.8	1	1	-1
804	8	984.36	1	1	-1
804	8	1652.2	1	1	-1
804	8	1170.1	1	1	-1
804	8	854.67	1	1	-1
804	8	793.51	1	1	-1
804	8	3582.8	1	1	-1
804	8	739.01	1	1	-1
804	8	1790.5	1	1	-1
804	8	2010.6	1	1	-1
804	8	1697.5	1	1	-1
804	8	1608.7	0	1	-1
804	8	966.55	1	1	-1
804	8	2225.5	1	1	-1
804	8	2326.7	1	1	-1
804	8	2494.6	1	1	-1
804	8	1213.7	1	1	-1
804	8	1765.1	1	1	-1
804	8	1084	1	1	-1
804	8	812.16	1	1	-1
804	8	1421.8	1	1	-1
804	8	926.14	1	1	-1
804	8	817.87	1	1	-1
804	8	1523.4	1	1	-1
804	8	2758.2	1	1	-1
804	8	1115.9	1	1	-1
804	8	1780.3	1	1	-1
804	8	962.43	1	1	-1
804	8	1496.4	1	1	-1
804	8	2090.8	1	1	-1
804	8	1261.5	1	1	-1
804	8	1324.6	1	1	-1
804	8	1723.5	1	1	-1
804	8	1362.5	1	1	-1
804	8	820.78	1	1	-1
804	8	1618.9	1	1	-1
804	8	587.06	1	1	-1
804	8	567.34	1	1	-1
804	8	524.57	1	1	-1
804	8	555.92	1	1	-1
804	8	754.45	1	1	-1
804	8	583.18	1	1	-1
804	8	656.38	1	1	-1
804	8	665.35	1	1	-1
804	8	759.93	1	1	-1
804	8	515.54	1	1	-1
804	8	673.79	1	1	-1
804	8	671.27	1	1	-1
804	8	884.94	1	1	-1
804	8	546.48	1	1	-1
804	8	722.11	1	1	-1
804	8	1488.8	1	1	-1
804	8	1939.1	1	1	-1
804	8	3498.2	1	1	-1
804	8	693.62	1	1	-1
804	8	885.66	1	1	-1
804	8	829.36	1	1	-1
804	8	1043	1	1	-1
804	8	609.06	1	1	-1
804	8	704.32	1	1	-1
804	8	2450.2	1	1	-1
804	8	739.31	1	1	-1
804	8	517.76	1	1	-1
804	8	912.96	1	1	-1
804	8	2523.3	1	1	-1
804	8	1891.4	1	1	-1
804	8	670.62	1	1	-1
804	8	896.1	1	1	-1
804	8	1368.1	1	1	-1
804	8	686.56	1	1	-1
804	8	637.8	1	1	-1
804	8	804.94	1	1	-1
804	8	1112.2	1	1	-1
804	8	782.16	1	1	-1
804	8	654.15	1	1	-1
804	8	560.58	1	1	-1
804	8	1185	1	1	-1
804	8	702.31	1	1	-1
804	8	2292.3	1	1	-1
804	8	846.69	1	1	-1
804	8	759.13	1	1	-1
804	8	609.45	1	1	-1
804	8	785.29	1	1	-1
804	8	816.8	1	1	-1
804	8	559.69	1	1	-1
804	8	595.5	1	1	-1
804	8	1147.1	1	1	-1
804	8	853.39	1	1	-1
804	8	811.13	1	1	-1
804	8	608.27	1	1	-1
804	8	647.63	1	1	-1
804	8	1531.8	1	1	-1
804	8	657.43	1	1	-1
804	8	1179.1	1	1	-1
804	8	1580.8	1	1	-1
804	8	725.11	1	1	-1
804	8	663.43	1	1	-1
804	8	483.69	1	1	-1
804	8	564.86	1	1	-1
804	8	719.51	1	1	-1
804	8	612.76	1	1	-1
804	8	697.17	1	1	-1
804	8	817.93	1	1	-1
804	8	758.68	1	1	-1
804	8	1392	1	1	-1
804	8	699.53	1	1	-1
804	8	737.02	1	1	-1
804	8	532.01	1	1	-1
804	8	832.07	1	1	-1
804	8	1786.4	1	1	-1
804	8	624.85	1	1	-1
804	8	841.12	1	1	-1
804	8	690.56	1	1	-1
804	8	580.56	1	1	-1
804	8	530.61	1	1	-1
804	8	780	1	1	-1
804	8	753.26	1	1	-1
804	8	1150.8	1	1	-1
804	8	651.82	1	1	-1
804	8	647.04	1	1	-1
804	8	1120.2	1	1	-1
804	8	731.53	1	1	-1
804	8	504.93	1	1	-1
804	8	584.02	1	1	-1
804	8	772.88	1	1	-1
804	8	963.91	1	1	-1
804	8	585.64	1	1	-1
804	8	587.52	1	1	-1
804	8	593.14	1	1	-1
804	8	696.79	1	1	-1
804	8	730.37	1	1	-1
804	8	841.47	1	1	-1
804	8	809.33	1	1	-1
804	8	908.96	1	1	-1
804	8	784.3	1	1	-1
804	8	813.12	1	1	-1
804	8	584.86	1	1	-1
804	8	602.77	1	1	-1
804	8	607.08	1	1	-1
804	8	666.73	1	1	-1
804	8	1274.9	1	1	-1
804	8	1852	1	1	-1
804	8	551.04	1	1	-1
804	8	1065.8	1	1	-1
804	8	689.93	1	1	-1
804	8	1704.9	1	1	-1
804	8	1935.1	1	1	-1
804	8	1957.7	1	1	-1
804	8	744.2	1	1	-1
804	8	782.71	1	1	-1
804	8	640.8	1	1	-1
804	8	2098.7	1	1	-1
804	8	687.04	1	1	-1
804	8	729.89	1	1	-1
804	8	649.64	1	1	-1
804	8	623.95	1	1	-1
804	8	1450.6	1	1	-1
804	8	888.62	1	1	-1
804	8	1293.5	1	1	-1
804	8	614.74	1	1	-1
804	8	705.73	1	1	-1
804	8	1486.8	1	1	-1
804	8	1021	1	1	-1
804	8	752.51	1	1	-1
804	8	1662.2	1	1	-1
804	8	738.54	1	1	-1
804	8	821.91	1	1	-1
804	8	1252.4	1	1	-1
804	8	1076.9	1	1	-1
804	8	688.89	1	1	-1
804	8	1482.7	1	1	-1
804	8	1431.9	1	1	-1
804	8	731.05	1	1	-1
804	8	2267.8	1	1	-1
804	8	763.98	1	1	-1
804	8	1230.9	1	1	-1
804	8	680.09	1	1	-1
804	8	1610.3	1	1	-1
804	8	730.99	1	1	-1
804	8	1391.5	1	1	-1
804	8	1963.1	1	1	-1
804	8	755.14	1	1	-1
804	8	676.77	1	1	-1
804	8	905.04	1	1	-1
804	8	1041.3	1	1	-1
804	8	2054.6	1	1	-1
804	8	1165.3	1	1	-1
804	8	891.25	1	1	-1
804	8	2298.3	1	1	-1
804	8	1968	1	1	-1
804	8	935.53	1	1	-1
804	8	915.7	1	1	-1
804	8	833.01	1	1	-1
804	8	789.44	1	1	-1
804	8	841.64	1	1	-1
804	8	1675	1	1	-1
804	8	1608.6	1	1	-1
804	8	497.15	1	1	-1
804	8	1940	1	1	-1
804	8	807.38	1	1	-1
804	8	1541.9	1	1	-1
804	8	1842	1	1	-1
804	8	879.98	1	1	-1
804	8	715.04	1	1	-1
804	8	1589.9	1	1	-1
804	8	928.77	1	1	-1
804	8	962.15	1	1	-1
804	8	1346.6	1	1	-1
804	8	1179.9	1	1	-1
804	8	995.65	1	1	-1
804	8	1320.9	1	1	-1
804	8	657.76	1	1	-1
804	8	1940.1	1	1	-1
804	8	993.88	1	1	-1
804	8	1226.4	1	1	-1
804	8	989.31	1	1	-1
804	8	718.14	1	1	-1
804	8	1572.6	1	1	-1
804	8	1014.8	1	1	-1
804	8	2288.8	1	1	-1
804	8	1429.6	1	1	-1
804	8	467.9	1	1	-1
804	8	607.89	1	1	-1
804	8	611.71	1	1	-1
804	8	1372.3	1	1	-1
804	8	884.45	1	1	-1
804	8	663.16	1	1	-1
804	8	1672.4	1	1	-1
804	8	639.2	1	1	-1
804	8	1086.1	1	1	-1
804	8	797.01	1	1	-1
804	8	717.64	1	1	-1
804	8	718.85	1	1	-1
804	8	687.16	1	1	-1
804	8	714.21	1	1	-1
804	8	1025.5	1	1	-1
804	8	1177.8	1	1	-1
804	8	733.33	1	1	-1
804	8	892.78	1	1	-1
804	8	1032.6	1	1	-1
804	8	835.54	1	1	-1
804	8	2149.8	1	1	-1
804	8	1415.4	1	1	-1
804	8	919.73	1	1	-1
804	8	1919	1	1	-1
804	8	619.92	1	1	-1
804	8	860.46	1	1	-1
804	8	763.38	1	1	-1
804	8	553.05	1	1	-1
804	8	729.56	1	1	-1
804	8	883.32	1	1	-1
804	8	764.37	1	1	-1
804	8	2535.6	1	1	-1
804	8	2467.5	1	1	-1
804	8	897.64	1	1	-1
804	8	1102.9	1	1	-1
804	8	695.1	1	1	-1
804	8	848.28	1	1	-1
804	8	1373.3	1	1	-1
804	8	745.68	1	1	-1
804	8	1067.3	1	1	-1
804	8	1249.1	1	1	-1
804	8	589.32	1	1	-1
804	8	655.34	1	1	-1
804	8	570.65	1	1	-1
804	8	610.25	1	1	-1
804	8	1045.8	1	1	-1
804	8	835.11	1	1	-1
804	8	1262	1	1	-1
804	8	639.31	1	1	-1
804	8	1045.6	1	1	-1
804	8	689.2	1	1	-1
804	8	1053.1	1	1	-1
804	8	733.65	1	1	-1
804	8	2695.6	1	1	-1
804	8	714.96	1	1	-1
804	8	1246.3	1	1	-1
804	8	579.27	1	1	-1
804	8	670.81	1	1	-1
804	8	1213.2	1	1	-1
804	8	897.26	1	1	-1
804	8	806.31	1	1	-1
804	8	811.58	1	1	-1
804	8	668.23	1	1	-1
804	8	1316	1	1	-1
804	8	1025.3	1	1	-1
804	8	2301.4	1	-1	2
804	8	2184.4	1	-1	2
804	8	2070.9	1	-1	2
804	8	1583.2	1	-1	2
804	8	1700.4	1	-1	2
804	8	1274.8	1	-1	2
804	8	1867.4	1	-1	2
804	8	1032.4	1	-1	2
804	8	2598.5	0	-1	2
804	8	2582.1	1	-1	2
804	8	1034.3	1	-1	2
804	8	1966.5	1	-1	2
804	8	1253	1	-1	2
804	8	924.82	1	-1	2
804	8	1029.1	1	-1	2
804	8	1219.8	1	-1	2
804	8	1114.9	1	-1	2
804	8	1294.6	1	-1	2
804	8	1553.6	1	-1	2
804	8	873.58	0	-1	2
804	8	1981.5	1	-1	2
804	8	1483.3	1	-1	2
804	8	2149	1	-1	2
804	8	1810.4	1	-1	2
804	8	1223.7	1	-1	2
804	8	1519.8	1	-1	2
804	8	1176.1	1	-1	2
804	8	1102.6	1	-1	2
804	8	1224.7	1	-1	2
804	8	1288.9	1	-1	2
804	8	1167.4	1	-1	2
804	8	1819.6	1	-1	2
804	8	886.64	1	-1	2
804	8	1102.3	1	-1	2
804	8	1307.4	1	-1	2
804	8	1398.5	1	-1	2
804	8	1269.3	1	-1	2
804	8	1180.3	1	-1	2
804	8	1295.7	1	-1	2
804	8	1313.2	1	-1	2
804	8	1327.1	1	-1	2
804	8	1106	1	-1	2
804	8	1520.7	1	-1	2
804	8	1262.2	1	-1	2
804	8	2179.1	1	-1	2
804	8	1040.7	1	-1	2
804	8	1198.3	1	-1	2
804	8	1098.8	1	-1	2
804	8	1113.8	1	-1	2
804	8	1081.7	0	-1	2
804	8	1927.9	1	-1	2
804	8	1185	1	-1	2
804	8	1925.5	1	-1	2
804	8	1180.9	1	-1	2
804	8	1856.1	1	-1	2
804	8	1089.3	1	-1	2
804	8	1426.9	1	-1	2
804	8	979.62	1	-1	2
804	8	1414.1	1	-1	2
804	8	1424.2	1	-1	2
804	8	1308	1	-1	2
804	8	1708	1	-1	2
804	8	1754.9	1	-1	2
804	8	1877	1	-1	2
804	8	1024.3	1	-1	2
804	8	1040.9	1	-1	2
804	8	1033.7	1	-1	2
804	8	2203.9	1	-1	2
804	8	1113.7	1	-1	2
804	8	1423	1	-1	2
804	8	938.51	1	-1	2
804	8	1006.8	1	-1	2
804	8	1234.7	1	-1	2
804	8	1182.1	1	-1	2
804	8	1336.8	1	-1	2
804	8	3311.7	1	-1	2
804	8	2803.1	0	-1	2
804	8	1624.9	1	-1	2
804	8	1652.2	1	-1	2
804	8	1165.5	1	-1	2
804	8	1185.7	1	-1	2
804	8	3055.6	1	-1	2
804	8	1498.1	1	-1	2
804	8	1469.3	1	-1	2
804	8	901.06	1	-1	2
804	8	1621.6	1	-1	2
804	8	1212.9	1	-1	2
804	8	1000.8	1	-1	2
804	8	930.16	1	-1	2
804	8	2432.7	1	-1	2
804	8	1362.3	1	-1	2
804	8	1116.7	1	-1	2
804	8	1352.2	1	-1	2
804	8	1233.5	1	-1	2
804	8	2060.2	1	-1	2
804	8	1939.9	1	-1	2
804	8	1265.6	1	-1	2
804	8	1278	1	-1	2
804	8	1250.3	1	-1	2
804	8	2422.1	1	-1	2
804	8	1047.1	1	-1	2
804	8	970.16	1	-1	2
804	8	961.75	1	-1	2
804	8	835.4	1	-1	2
804	8	799.04	1	-1	2
804	8	714.62	1	-1	2
804	8	1122.3	1	-1	2
804	8	886.4	1	-1	2
804	8	962.45	1	-1	2
804	8	1100.7	1	-1	2
804	8	762.61	1	-1	2
804	8	742.76	1	-1	2
804	8	1357.2	1	-1	2
804	8	1036.8	1	-1	2
804	8	1320.9	1	-1	2
804	8	781.21	1	-1	2
804	8	829.95	1	-1	2
804	8	1655.3	1	-1	2
804	8	1072.1	1	-1	2
804	8	872.8	1	-1	2
804	8	889.78	1	-1	2
804	8	951.06	1	-1	2
804	8	1030.1	1	-1	2
804	8	815.88	1	-1	2
804	8	2152.9	1	-1	2
804	8	834.31	1	-1	2
804	8	864.98	1	-1	2
804	8	1403	1	-1	2
804	8	696.39	1	-1	2
804	8	1085.8	1	-1	2
804	8	2250.1	1	-1	2
804	8	803.15	1	-1	2
804	8	1584.4	1	-1	2
804	8	848.38	1	-1	2
804	8	1890.9	1	-1	2
804	8	730.16	0	-1	2
804	8	1464.4	1	-1	2
804	8	1336.8	1	-1	2
804	8	1011.9	1	-1	2
804	8	1158.8	1	-1	2
804	8	1658.6	1	-1	2
804	8	796.1	1	-1	2
804	8	1022.4	1	-1	2
804	8	841.58	1	-1	2
804	8	1739.1	1	-1	2
804	8	812.01	1	-1	2
804	8	820.83	1	-1	2
804	8	1656.2	1	-1	2
804	8	917.02	1	-1	2
804	8	1208.1	1	-1	2
804	8	2214.5	1	-1	2
804	8	830.88	1	-1	2
804	8	1934.3	1	-1	2
804	8	789.47	1	-1	2
804	8	1120.5	1	-1	2
804	8	867.95	1	-1	2
804	8	1163.8	0	-1	2
804	8	1742.5	1	-1	2
804	8	871.44	1	-1	2
804	8	1091.2	1	-1	2
804	8	846.97	0	-1	2
804	8	1062.4	1	-1	2
804	8	901.06	1	-1	2
804	8	1219.7	1	-1	2
804	8	942.78	1	-1	2
804	8	1264.5	1	-1	2
804	8	1363.9	1	-1	2
804	8	853.18	1	-1	2
804	8	1110.6	1	-1	2
804	8	1580.6	1	-1	2
804	8	1037.3	1	-1	2
804	8	875.86	1	-1	2
804	8	824.85	1	-1	2
804	8	1484.8	1	-1	2
804	8	1587.9	1	-1	2
804	8	1326.8	1	-1	2
804	8	1116.8	1	-1	2
804	8	2294.9	1	-1	2
804	8	979	1	-1	2
804	8	1268.2	1	-1	2
804	8	1283.2	1	-1	2
804	8	2000	1	-1	2
804	8	2932.9	1	-1	2
804	8	1303.3	1	-1	2
804	8	1010.9	1	-1	2
804	8	785.59	1	-1	2
804	8	1553.4	1	-1	2
804	8	2298.1	1	-1	2
804	8	994.43	1	-1	2
804	8	1479	1	-1	2
804	8	909.97	1	-1	2
804	8	902.59	1	-1	2
804	8	1007.4	1	-1	2
804	8	786.5	1	-1	2
804	8	1482.2	1	-1	2
804	8	1450.7	1	-1	2
804	8	1052	1	-1	2
804	8	1622.2	1	-1	2
804	8	1094.5	1	-1	2
804	8	921.63	1	-1	2
804	8	1059.5	1	-1	2
804	8	2743.8	1	-1	2
804	8	1651.9	1	-1	2
804	8	1396.4	1	-1	2
804	8	2886.1	1	-1	2
804	8	1599.5	1	-1	2
804	8	1297.8	1	-1	2
804	8	869.16	1	-1	2
804	8	888.09	1	-1	2
804	8	875.65	1	-1	2
804	8	789.72	1	-1	2
804	8	938.1	1	-1	2
804	8	1154.6	1	-1	2
804	8	898.6	1	-1	2
804	8	979.33	1	-1	2
804	8	1141.5	1	-1	2
804	8	1283.8	1	-1	2
804	8	1119.4	1	-1	2
804	8	974.2	1	-1	2
804	8	1658.4	1	-1	2
804	8	1144.4	1	-1	2
804	8	1292.1	1	-1	2
804	8	1759.9	1	-1	2
804	8	1036.7	1	-1	2
804	8	1296.3	1	-1	2
804	8	1167.9	1	-1	2
804	8	1560.5	1	-1	2
804	8	2127.3	1	-1	2
804	8	1489.4	1	-1	2
804	8	1974.8	1	-1	2
804	8	977.06	1	-1	2
804	8	1317.1	1	-1	2
804	8	1254.8	1	-1	2
804	8	717.91	1	-1	2
804	8	2410.4	1	-1	2
804	8	3558	0	-1	2
804	8	1189.1	1	-1	2
804	8	1547.9	1	-1	2
804	8	1266.6	1	-1	2
804	8	1883.6	1	-1	2
804	8	1701.6	1	-1	2
804	8	2162.8	1	-1	2
804	8	1926.1	1	-1	2
804	8	1886	1	-1	2
804	8	1002.5	1	-1	2
804	8	1696.9	1	-1	2
804	8	797.7	1	-1	2
804	8	2244.7	1	-1	2
804	8	845.5	1	-1	2
804	8	911.94	1	-1	2
804	8	2084.3	1	-1	2
804	8	1488.7	1	-1	2
804	8	3009.5	1	-1	2
804	8	2741.3	0	-1	2
804	8	1734.8	1	-1	2
804	8	1716.5	1	-1	2
804	8	952.05	1	-1	2
804	8	978.32	1	-1	2
804	8	1946.2	1	-1	2
804	8	1152.5	1	-1	2
804	8	2232.6	1	-1	2
804	8	1206.5	1	-1	2
804	8	1057.8	1	-1	2
804	8	1834.3	1	-1	2
804	8	1189.1	1	-1	2
804	8	809.63	1	-1	2
804	8	1665.3	1	-1	2
804	8	1169.6	1	-1	2
804	8	960.28	1	-1	2
804	8	708.13	1	-1	2
804	8	847.68	1	-1	2
804	8	1106	1	-1	2
804	8	1451.4	1	-1	2
804	8	1899.8	1	-1	2
804	8	2322.1	1	-1	2
804	8	3056.6	1	-1	2
804	8	1679.8	1	-1	2
804	8	3036.4	1	-1	2
804	8	1324.3	1	-1	2
804	8	1602.7	1	-1	2
804	8	2153.8	1	-1	2
804	8	2602.2	1	-1	2
804	8	1420.2	1	-1	2
804	8	2741.4	1	-1	2
804	8	1499.6	1	-1	2
804	8	1293.5	1	-1	2
804	8	1599.9	1	-1	2
804	8	1598.3	1	-1	2
804	8	1318	1	-1	2
804	8	2082.1	1	-1	2
804	8	1559.7	1	-1	2
804	8	1933.1	1	-1	2
804	8	1247.8	1	-1	2
804	8	983.02	1	-1	2
804	8	2309.9	1	-1	2
804	8	909.85	1	-1	2
804	8	1043.6	1	-1	2
804	8	3242.3	1	-1	2
804	8	1939.2	1	-1	2
804	8	1681.4	1	-1	2
804	8	1527.9	1	-1	2
804	8	1826.5	1	-1	2
804	8	921.26	1	-1	2
804	8	810.03	1	-1	2
804	8	2269.3	0	-1	2
804	8	1425.5	1	-1	2
804	8	1445.9	1	-1	2
804	8	2044	1	-1	2
804	8	1244.2	1	-1	2
804	8	1916.7	1	-1	2
804	8	1796.5	1	-1	2
804	8	1734.2	1	-1	2
804	8	807.28	1	-1	2
804	8	1171.9	1	-1	2
804	8	1259.8	1	-1	2
804	8	1473.1	1	-1	2
804	8	828.37	1	-1	2
804	8	1773.3	1	-1	2
804	8	833.34	1	-1	2
804	8	1417.7	1	-1	2
804	8	1217.7	1	-1	2
804	8	1953.3	1	-1	2
804	8	1012.4	1	-1	2
804	8	2126.2	1	-1	2
804	8	1380	1	-1	2
804	8	847.98	1	-1	2
804	8	1919.1	1	-1	2
804	8	1526.8	1	-1	2
804	8	965.47	1	-1	2
804	8	1935.8	1	-1	2
804	8	797.06	1	-1	2
804	8	974	1	-1	2
804	8	1225.5	1	-1	2
804	8	2359.6	1	-1	2
804	8	2371.8	1	-1	2
804	8	1600.5	1	-1	2
804	8	2602.6	1	-1	2
804	8	1667	1	-1	2
804	8	1767	1	-1	2
804	8	1904.5	1	-1	2
804	8	1162.1	1	-1	2
804	8	2611.5	1	-1	2
804	8	1406	1	-1	2
804	8	1067.7	1	-1	2
804	8	1918.2	1	-1	2
804	8	1380.1	1	-1	2
804	8	1061.7	1	-1	2
804	8	1807.8	1	-1	2
804	8	2597.8	1	-1	2
804	8	1353.3	1	-1	2
804	8	1492.7	1	-1	1
804	8	1322.2	1	-1	1
804	8	1191.7	1	-1	1
804	8	1778.2	1	-1	1
804	8	1373.5	1	-1	1
804	8	1558.5	1	-1	1
804	8	1295.5	1	-1	1
804	8	1474.1	1	-1	1
804	8	1240.5	1	-1	1
804	8	1394.7	1	-1	1
804	8	1704.7	1	-1	1
804	8	1470.3	1	-1	1
804	8	1260.2	1	-1	1
804	8	1054.9	1	-1	1
804	8	1074	1	-1	1
804	8	1432.5	1	-1	1
804	8	1761.8	1	-1	1
804	8	1122.2	1	-1	1
804	8	1539.3	1	-1	1
804	8	1207.2	1	-1	1
804	8	1263.2	1	-1	1
804	8	1746.7	0	-1	1
804	8	1497.6	1	-1	1
804	8	1217.1	1	-1	1
804	8	1236.1	1	-1	1
804	8	1152	1	-1	1
804	8	1282.6	1	-1	1
804	8	1672.8	1	-1	1
804	8	1676.9	1	-1	1
804	8	1300.9	1	-1	1
804	8	1092.6	1	-1	1
804	8	1498.5	1	-1	1
804	8	1211.1	1	-1	1
804	8	1089.6	1	-1	1
804	8	1157.3	1	-1	1
804	8	1537.4	1	-1	1
804	8	1176.7	1	-1	1
804	8	1105.3	1	-1	1
804	8	1786.9	1	-1	1
804	8	1433.3	1	-1	1
804	8	1321.3	1	-1	1
804	8	1421.1	1	-1	1
804	8	1228.8	1	-1	1
804	8	1061.8	1	-1	1
804	8	1207.6	1	-1	1
804	8	1384.7	1	-1	1
804	8	1014.9	1	-1	1
804	8	1622.7	1	-1	1
804	8	1231.6	1	-1	1
804	8	1296.1	1	-1	1
804	8	1971.4	1	-1	1
804	8	999.04	1	-1	1
804	8	1260.9	1	-1	1
804	8	1832.5	1	-1	1
804	8	1748.8	1	-1	1
804	8	1249.9	1	-1	1
804	8	1866.6	1	-1	1
804	8	1726.7	1	-1	1
804	8	1126.5	1	-1	1
804	8	1094	1	-1	1
804	8	990.78	1	-1	1
804	8	1243.8	1	-1	1
804	8	1434.6	1	-1	1
804	8	1063.1	1	-1	1
804	8	1523.1	1	-1	1
804	8	1406.4	1	-1	1
804	8	1677.6	1	-1	1
804	8	1460.2	1	-1	1
804	8	1020.2	1	-1	1
804	8	1281	1	-1	1
804	8	1528.9	1	-1	1
804	8	979.29	1	-1	1
804	8	1172.3	1	-1	1
804	8	1142.2	1	-1	1
804	8	1315	1	-1	1
804	8	2038.5	1	-1	1
804	8	1839.5	1	-1	1
804	8	2092.4	1	-1	1
804	8	2252.1	1	-1	1
804	8	1540.3	1	-1	1
804	8	1411.3	1	-1	1
804	8	2806.2	1	-1	1
804	8	1852	1	-1	1
804	8	1555.9	1	-1	1
804	8	1396.1	1	-1	1
804	8	1574.1	1	-1	1
804	8	2333.5	1	-1	1
804	8	1854.5	1	-1	1
804	8	958.76	1	-1	1
804	8	1808.3	1	-1	1
804	8	2371.4	1	-1	1
804	8	1241.2	1	-1	1
804	8	1170.7	1	-1	1
804	8	1122.3	1	-1	1
804	8	1989.9	1	-1	1
804	8	1980.8	1	-1	1
804	8	1145.2	1	-1	1
804	8	3774.7	1	-1	1
804	8	1900.2	0	-1	1
804	8	1784.1	1	-1	1
804	8	1039.7	1	-1	1
804	8	1540.8	1	-1	1
804	8	2098.9	1	-1	1
804	8	1115.4	1	-1	1
804	8	904.6	1	-1	1
804	8	1563.5	1	-1	1
804	8	1117.8	1	-1	1
804	8	1120.1	1	-1	1
804	8	945.59	1	-1	1
804	8	1045.6	1	-1	1
804	8	955.62	1	-1	1
804	8	796.06	1	-1	1
804	8	1315.8	1	-1	1
804	8	1088.8	1	-1	1
804	8	866.08	1	-1	1
804	8	866.36	1	-1	1
804	8	730.41	1	-1	1
804	8	1637.3	1	-1	1
804	8	1674.8	1	-1	1
804	8	3000.6	1	-1	1
804	8	2461.1	1	-1	1
804	8	1010.8	1	-1	1
804	8	1076.4	1	-1	1
804	8	1289.5	1	-1	1
804	8	1446.8	1	-1	1
804	8	1019.6	1	-1	1
804	8	1402.8	1	-1	1
804	8	1140.1	1	-1	1
804	8	1222.5	1	-1	1
804	8	1754.5	1	-1	1
804	8	1044.1	1	-1	1
804	8	990.96	1	-1	1
804	8	701.07	1	-1	1
804	8	919.9	1	-1	1
804	8	1163.1	1	-1	1
804	8	1127.3	1	-1	1
804	8	993.13	1	-1	1
804	8	721.11	1	-1	1
804	8	1347.6	1	-1	1
804	8	1112.6	1	-1	1
804	8	889.97	1	-1	1
804	8	1031.4	1	-1	1
804	8	890.51	1	-1	1
804	8	1629.2	1	-1	1
804	8	765.01	1	-1	1
804	8	1063.3	1	-1	1
804	8	1168	1	-1	1
804	8	2304.4	1	-1	1
804	8	1188.5	1	-1	1
804	8	1112.9	1	-1	1
804	8	1233.8	1	-1	1
804	8	1155.1	1	-1	1
804	8	723.93	1	-1	1
804	8	1410.3	1	-1	1
804	8	1143.6	1	-1	1
804	8	1034.4	1	-1	1
804	8	1109.2	1	-1	1
804	8	1187.2	1	-1	1
804	8	1222.1	1	-1	1
804	8	905.72	1	-1	1
804	8	915.89	1	-1	1
804	8	1035.4	1	-1	1
804	8	1859.1	1	-1	1
804	8	1578.7	1	-1	1
804	8	1927.3	1	-1	1
804	8	1010.4	1	-1	1
804	8	1276.5	1	-1	1
804	8	1010.6	1	-1	1
804	8	1809.8	1	-1	1
804	8	1258.2	1	-1	1
804	8	1501.3	1	-1	1
804	8	1025.6	1	-1	1
804	8	1276.5	1	-1	1
804	8	1729.4	1	-1	1
804	8	1544.9	1	-1	1
804	8	1456.3	1	-1	1
804	8	1660.7	1	-1	1
804	8	847.68	1	-1	1
804	8	955.47	1	-1	1
804	8	1425.3	1	-1	1
804	8	1180.8	1	-1	1
804	8	1171.1	1	-1	1
804	8	907.15	1	-1	1
804	8	1638	1	-1	1
804	8	1335.9	1	-1	1
804	8	1294.5	1	-1	1
804	8	1202.9	1	-1	1
804	8	795.9	1	-1	1
804	8	1122.1	1	-1	1
804	8	1281.5	1	-1	1
804	8	1788.7	1	-1	1
804	8	976.68	1	-1	1
804	8	1140.9	1	-1	1
804	8	1419.6	1	-1	1
804	8	1817.1	1	-1	1
804	8	1231.5	1	-1	1
804	8	1469.3	1	-1	1
804	8	1316.9	1	-1	1
804	8	963.05	1	-1	1
804	8	1015.6	1	-1	1
804	8	1238	1	-1	1
804	8	1873.9	1	-1	1
804	8	1889.8	1	-1	1
804	8	2899.7	1	-1	1
804	8	1734.2	1	-1	1
804	8	2074.6	1	-1	1
804	8	1342.7	1	-1	1
804	8	1033	1	-1	1
804	8	1231.9	1	-1	1
804	8	1245.6	1	-1	1
804	8	1061.1	1	-1	1
804	8	1664.6	1	-1	1
804	8	2140.3	1	-1	1
804	8	1204.7	1	-1	1
804	8	1183.4	1	-1	1
804	8	1150.3	1	-1	1
804	8	877.9	1	-1	1
804	8	1536.9	1	-1	1
804	8	1156.6	1	-1	1
804	8	1120.3	1	-1	1
804	8	1161.8	1	-1	1
804	8	1600.8	1	-1	1
804	8	1096.4	1	-1	1
804	8	1038.6	1	-1	1
804	8	1189.8	1	-1	1
804	8	1464.3	1	-1	1
804	8	1082.3	1	-1	1
804	8	2447.3	1	-1	1
804	8	1366.8	1	-1	1
804	8	1767.5	1	-1	1
804	8	1615.7	1	-1	1
804	8	828.21	1	-1	1
804	8	1251.2	1	-1	1
804	8	1633.1	1	-1	1
804	8	1999.4	1	-1	1
804	8	1100	1	-1	1
804	8	1944	1	-1	1
804	8	1076.3	1	-1	1
804	8	1057	1	-1	1
804	8	1576.6	1	-1	1
804	8	1280	1	-1	1
804	8	1470.7	1	-1	1
804	8	1877.2	1	-1	1
804	8	1868.1	1	-1	1
804	8	1336.6	1	-1	1
804	8	1266	1	-1	1
804	8	2307.7	1	-1	1
804	8	1828.5	1	-1	1
804	8	1564.3	1	-1	1
804	8	2144.5	1	-1	1
804	8	916.33	1	-1	1
804	8	1591.4	1	-1	1
804	8	1581	1	-1	1
804	8	2175.1	1	-1	1
804	8	2057.2	1	-1	1
804	8	1515.1	1	-1	1
804	8	1113.7	1	-1	1
804	8	987.79	1	-1	1
804	8	1913.9	1	-1	1
804	8	1088.2	1	-1	1
804	8	968.09	1	-1	1
804	8	1516.7	1	-1	1
804	8	1658.4	1	-1	1
804	8	1346.6	1	-1	1
804	8	1419.8	1	-1	1
804	8	1292.2	1	-1	1
804	8	965.87	1	-1	1
804	8	1189.7	1	-1	1
804	8	1300.1	1	-1	1
804	8	1587.1	1	-1	1
804	8	885.52	1	-1	1
804	8	1116.3	1	-1	1
804	8	1027.1	1	-1	1
804	8	1270.4	1	-1	1
804	8	1382.7	1	-1	1
804	8	775.97	1	-1	1
804	8	2842.5	1	-1	1
804	8	1423.4	1	-1	1
804	8	1375.7	1	-1	1
804	8	2301.4	1	-1	1
804	8	975.41	1	-1	1
804	8	1557	1	-1	1
804	8	1862.1	1	-1	1
804	8	1593.4	1	-1	1
804	8	2480.7	1	-1	1
804	8	1500	1	-1	1
804	8	1147.3	1	-1	1
804	8	772.76	1	-1	1
804	8	1689.1	1	-1	1
804	8	2104.5	1	-1	1
804	8	1106.9	1	-1	1
804	8	1501.6	1	-1	1
804	8	1308.5	1	-1	1
804	8	1274.3	1	-1	1
804	8	1149.7	1	-1	1
804	8	1057.1	1	-1	1
804	8	1184	1	-1	1
804	8	2126.6	1	-1	1
804	8	2720.5	1	-1	1
804	8	2932.9	1	-1	1
804	8	1089.7	1	-1	1
804	8	2229	1	-1	1
804	8	1268.8	1	-1	1
804	8	1637.2	1	-1	1
804	8	2091.2	1	-1	1
804	8	1216.2	1	-1	1
804	8	1080.5	1	-1	1
804	8	1343.1	1	-1	1
804	8	2410.9	1	-1	1
804	8	1149	1	-1	1
804	8	1004.5	1	-1	1
804	8	1564.3	1	-1	1
804	8	1920.2	1	-1	1
804	8	1918.9	1	-1	1
804	8	2034.1	1	-1	1
804	8	1032.3	1	-1	1
804	8	1480.6	1	-1	1
804	8	1386.6	1	-1	1
804	8	1491.7	1	-1	1
804	8	1417.2	1	-1	1
804	8	3175.3	1	-1	1
804	8	1216.8	1	-1	1
804	8	1979.2	1	-1	1
804	8	1829.5	1	-1	1
804	8	1876	1	-1	1
804	8	1103.4	1	-1	1
804	8	919.36	1	-1	1
804	8	884.77	1	-1	1
804	8	1212.3	1	-1	1
804	8	954.46	1	-1	1
804	8	1052.2	1	-1	1
804	8	4264.7	1	-1	1
804	8	1059.3	1	-1	1
804	8	844.79	1	-1	1
804	8	1155.7	1	-1	1
804	8	1788.3	1	-1	1
804	8	1941.3	1	-1	1
804	8	1231.2	1	-1	1
804	8	3353	1	-1	1
804	8	1621.1	1	-1	1
804	8	1549.4	0	-1	1
804	8	1524.3	1	-1	1
804	8	1437.3	1	-1	1
804	8	1426.6	1	-1	1
804	8	1230.1	1	-1	1
804	8	1135.6	1	-1	1
804	8	1224.4	1	-1	1
804	8	1135.8	1	-1	1
804	8	1787.1	1	-1	1
804	8	3239.3	1	-1	1
804	8	876.7	1	-1	-1
804	8	754.81	1	-1	-1
804	8	730.24	1	-1	-1
804	8	558.86	1	-1	-1
804	8	1145	1	-1	-1
804	8	784.77	1	-1	-1
804	8	703.1	1	-1	-1
804	8	999.96	1	-1	-1
804	8	852.79	1	-1	-1
804	8	719.86	1	-1	-1
804	8	1169.4	1	-1	-1
804	8	822.01	1	-1	-1
804	8	752.92	1	-1	-1
804	8	637.12	1	-1	-1
804	8	1378.6	1	-1	-1
804	8	640.52	1	-1	-1
804	8	840.41	1	-1	-1
804	8	723.48	1	-1	-1
804	8	725.57	1	-1	-1
804	8	742.83	1	-1	-1
804	8	962.74	1	-1	-1
804	8	1572.3	1	-1	-1
804	8	664.97	1	-1	-1
804	8	813.53	1	-1	-1
804	8	739.82	1	-1	-1
804	8	905.71	1	-1	-1
804	8	657.02	1	-1	-1
804	8	1091.2	1	-1	-1
804	8	700.9	1	-1	-1
804	8	687.46	1	-1	-1
804	8	874.31	1	-1	-1
804	8	688.64	1	-1	-1
804	8	1829.2	1	-1	-1
804	8	924.86	1	-1	-1
804	8	721.91	1	-1	-1
804	8	1113.5	1	-1	-1
804	8	1008.1	1	-1	-1
804	8	846.25	1	-1	-1
804	8	897.92	1	-1	-1
804	8	875.99	1	-1	-1
804	8	847.27	1	-1	-1
804	8	779.51	1	-1	-1
804	8	679.03	1	-1	-1
804	8	804.77	1	-1	-1
804	8	717.6	1	-1	-1
804	8	715.5	1	-1	-1
804	8	681.99	1	-1	-1
804	8	931.05	1	-1	-1
804	8	788.94	1	-1	-1
804	8	1163.3	1	-1	-1
804	8	1580.4	1	-1	-1
804	8	1082.6	1	-1	-1
804	8	689.78	1	-1	-1
804	8	667.87	1	-1	-1
804	8	708.72	1	-1	-1
804	8	822.67	1	-1	-1
804	8	1378.4	1	-1	-1
804	8	798.65	1	-1	-1
804	8	825.19	1	-1	-1
804	8	772.92	1	-1	-1
804	8	746.39	1	-1	-1
804	8	1272.7	1	-1	-1
804	8	652.64	1	-1	-1
804	8	1806.9	1	-1	-1
804	8	963.38	1	-1	-1
804	8	1328.1	1	-1	-1
804	8	1778.2	1	-1	-1
804	8	1107.6	1	-1	-1
804	8	827.27	1	-1	-1
804	8	1707.9	1	-1	-1
804	8	1504.7	1	-1	-1
804	8	1690.1	1	-1	-1
804	8	1863.2	1	-1	-1
804	8	1462.6	1	-1	-1
804	8	900.36	1	-1	-1
804	8	1388.3	1	-1	-1
804	8	2266.8	1	-1	-1
804	8	1244.1	1	-1	-1
804	8	954.02	1	-1	-1
804	8	817.48	1	-1	-1
804	8	1138.1	1	-1	-1
804	8	2200.3	1	-1	-1
804	8	1664.8	1	-1	-1
804	8	813.58	1	-1	-1
804	8	963.43	1	-1	-1
804	8	967.41	1	-1	-1
804	8	1530.6	1	-1	-1
804	8	957.21	1	-1	-1
804	8	1074.4	1	-1	-1
804	8	2429.8	1	-1	-1
804	8	1517.5	1	-1	-1
804	8	1613.9	1	-1	-1
804	8	1935.9	1	-1	-1
804	8	1032.5	1	-1	-1
804	8	1619.6	1	-1	-1
804	8	1347.4	1	-1	-1
804	8	3885	1	-1	-1
804	8	1150	1	-1	-1
804	8	1093.9	1	-1	-1
804	8	1062.8	1	-1	-1
804	8	682.18	1	-1	-1
804	8	603.98	1	-1	-1
804	8	678.99	1	-1	-1
804	8	545.15	1	-1	-1
804	8	508.74	1	-1	-1
804	8	1977	1	-1	-1
804	8	677.94	1	-1	-1
804	8	604.8	1	-1	-1
804	8	583.05	1	-1	-1
804	8	647.33	1	-1	-1
804	8	659.8	1	-1	-1
804	8	684.49	1	-1	-1
804	8	666.59	1	-1	-1
804	8	658.82	1	-1	-1
804	8	917.86	1	-1	-1
804	8	1271.3	1	-1	-1
804	8	1516.5	1	-1	-1
804	8	2293.4	1	-1	-1
804	8	735.4	1	-1	-1
804	8	708.7	1	-1	-1
804	8	541.01	1	-1	-1
804	8	763.07	1	-1	-1
804	8	837.82	1	-1	-1
804	8	586.44	1	-1	-1
804	8	982.1	1	-1	-1
804	8	1692.7	1	-1	-1
804	8	647.91	1	-1	-1
804	8	730.34	1	-1	-1
804	8	1579.6	1	-1	-1
804	8	608.35	1	-1	-1
804	8	636.95	1	-1	-1
804	8	618.41	1	-1	-1
804	8	1112.9	1	-1	-1
804	8	766.43	1	-1	-1
804	8	804.75	1	-1	-1
804	8	670.55	1	-1	-1
804	8	572.17	1	-1	-1
804	8	480.4	1	-1	-1
804	8	1371.4	1	-1	-1
804	8	631.25	1	-1	-1
804	8	845.68	1	-1	-1
804	8	758.99	1	-1	-1
804	8	957.39	1	-1	-1
804	8	662.25	1	-1	-1
804	8	898.12	1	-1	-1
804	8	604.67	1	-1	-1
804	8	654.38	1	-1	-1
804	8	1285.7	1	-1	-1
804	8	540.81	1	-1	-1
804	8	685.62	1	-1	-1
804	8	564.02	1	-1	-1
804	8	710.48	1	-1	-1
804	8	568.44	1	-1	-1
804	8	781.99	1	-1	-1
804	8	548.88	1	-1	-1
804	8	756.44	1	-1	-1
804	8	788.64	1	-1	-1
804	8	1806.8	1	-1	-1
804	8	2014.1	1	-1	-1
804	8	1576.3	1	-1	-1
804	8	840.15	1	-1	-1
804	8	1133.8	1	-1	-1
804	8	646	1	-1	-1
804	8	647.01	1	-1	-1
804	8	647.04	1	-1	-1
804	8	713.29	1	-1	-1
804	8	753.9	1	-1	-1
804	8	660.11	1	-1	-1
804	8	567.96	1	-1	-1
804	8	964.54	1	-1	-1
804	8	654.17	1	-1	-1
804	8	826.63	1	-1	-1
804	8	1152.8	1	-1	-1
804	8	1189.3	1	-1	-1
804	8	934.78	1	-1	-1
804	8	658.64	1	-1	-1
804	8	625.92	1	-1	-1
804	8	823.22	1	-1	-1
804	8	1141.6	1	-1	-1
804	8	661.81	1	-1	-1
804	8	655.53	1	-1	-1
804	8	662.28	1	-1	-1
804	8	662.59	1	-1	-1
804	8	741.11	1	-1	-1
804	8	608.93	1	-1	-1
804	8	772.63	1	-1	-1
804	8	682.28	1	-1	-1
804	8	715.54	1	-1	-1
804	8	619.08	1	-1	-1
804	8	568.54	1	-1	-1
804	8	615.71	1	-1	-1
804	8	786.36	1	-1	-1
804	8	583.47	1	-1	-1
804	8	659.48	1	-1	-1
804	8	870.38	1	-1	-1
804	8	1055.4	1	-1	-1
804	8	743.48	1	-1	-1
804	8	1373.7	1	-1	-1
804	8	753.24	1	-1	-1
804	8	1066.6	1	-1	-1
804	8	1170.4	1	-1	-1
804	8	573.27	1	-1	-1
804	8	1449.6	1	-1	-1
804	8	637.77	1	-1	-1
804	8	855.91	1	-1	-1
804	8	560.84	1	-1	-1
804	8	573.03	1	-1	-1
804	8	608.23	1	-1	-1
804	8	672.44	1	-1	-1
804	8	1072.3	1	-1	-1
804	8	1405.6	1	-1	-1
804	8	593.89	1	-1	-1
804	8	1750.4	1	-1	-1
804	8	750.99	1	-1	-1
804	8	653.19	1	-1	-1
804	8	677.83	1	-1	-1
804	8	731.69	1	-1	-1
804	8	1472.7	1	-1	-1
804	8	668.54	1	-1	-1
804	8	591.95	1	-1	-1
804	8	880.07	1	-1	-1
804	8	1256.3	1	-1	-1
804	8	613.94	1	-1	-1
804	8	597.15	1	-1	-1
804	8	2039.8	1	-1	-1
804	8	1550.5	1	-1	-1
804	8	1574.1	1	-1	-1
804	8	928.88	1	-1	-1
804	8	890.69	1	-1	-1
804	8	2076.5	1	-1	-1
804	8	713.3	1	-1	-1
804	8	678.51	1	-1	-1
804	8	906.21	1	-1	-1
804	8	727.76	1	-1	-1
804	8	729.31	1	-1	-1
804	8	734.32	1	-1	-1
804	8	692.58	1	-1	-1
804	8	702.7	1	-1	-1
804	8	886.09	1	-1	-1
804	8	1180	1	-1	-1
804	8	1060.2	1	-1	-1
804	8	703.64	1	-1	-1
804	8	2728.1	1	-1	-1
804	8	788.41	1	-1	-1
804	8	1317.2	1	-1	-1
804	8	2224.3	1	-1	-1
804	8	702.98	1	-1	-1
804	8	1132.1	1	-1	-1
804	8	748.27	1	-1	-1
804	8	602.33	1	-1	-1
804	8	1641.7	1	-1	-1
804	8	1387.4	1	-1	-1
804	8	1563.5	1	-1	-1
804	8	872.87	1	-1	-1
804	8	737.84	1	-1	-1
804	8	702.87	1	-1	-1
804	8	654.71	1	-1	-1
804	8	970.82	1	-1	-1
804	8	742.52	1	-1	-1
804	8	557.77	1	-1	-1
804	8	565.04	1	-1	-1
804	8	1506.4	1	-1	-1
804	8	777.47	1	-1	-1
804	8	704.24	1	-1	-1
804	8	743.64	1	-1	-1
804	8	745.23	1	-1	-1
804	8	600.6	1	-1	-1
804	8	1030	1	-1	-1
804	8	1540.7	1	-1	-1
804	8	1201.5	1	-1	-1
804	8	1448	1	-1	-1
804	8	745.82	1	-1	-1
804	8	1095.6	1	-1	-1
804	8	675.83	1	-1	-1
804	8	613.69	1	-1	-1
804	8	1141.5	1	-1	-1
804	8	676.3	1	-1	-1
804	8	812.32	1	-1	-1
804	8	1480.4	1	-1	-1
804	8	1376.7	1	-1	-1
804	8	737.43	1	-1	-1
804	8	925.66	1	-1	-1
804	8	887.03	1	-1	-1
804	8	670.18	1	-1	-1
804	8	1399.3	1	-1	-1
804	8	608.24	1	-1	-1
804	8	581.41	1	-1	-1
804	8	734.66	1	-1	-1
804	8	814.49	1	-1	-1
804	8	619.72	1	-1	-1
804	8	815.22	1	-1	-1
804	8	540.68	1	-1	-1
804	8	682.75	1	-1	-1
804	8	1116	1	-1	-1
804	8	1826.3	1	-1	-1
804	8	1127.3	1	-1	-1
804	8	1635.1	1	-1	-1
804	8	577.58	1	-1	-1
804	8	1613.4	1	-1	-1
804	8	1747.3	1	-1	-1
804	8	747.01	1	-1	-1
804	8	1268.8	1	-1	-1
804	8	1066.3	1	-1	-1
804	8	711.63	1	-1	-1
804	8	733.98	1	-1	-1
804	8	2162.2	1	-1	-1
804	8	1604.8	1	-1	-1
804	8	852.21	1	-1	-1
804	8	1271.6	1	-1	-1
804	8	906.29	1	-1	-1
804	8	784.8	1	-1	-1
804	8	785.07	1	-1	-1
804	8	612.46	1	-1	-1
804	8	716.84	1	-1	-1
804	8	726.73	1	-1	-1
804	8	742.66	1	-1	-1
804	8	1095.4	1	-1	-1
804	8	729.39	1	-1	-1
804	8	1849.8	1	-1	-1
804	8	1314.8	1	-1	-1
804	8	596.42	1	-1	-1
804	8	972.2	1	-1	-1
804	8	628.53	1	-1	-1
804	8	678.99	1	-1	-1
804	8	663.99	1	-1	-1
804	8	1810.1	1	-1	-1
804	8	669.73	1	-1	-1
804	8	1564.9	1	-1	-1
804	8	1122.1	1	-1	-1
804	8	656.03	1	-1	-1
804	8	873.57	1	-1	-1
804	8	768.72	1	-1	-1
804	8	602.22	1	-1	-1
804	8	537.29	1	-1	-1
804	8	642.61	1	-1	-1
804	8	665.08	1	-1	-1
804	8	1647.5	1	-1	-1
804	8	806.4	1	-1	-1
804	8	1213.7	1	-1	-1
804	8	1414.2	1	-1	-1
804	8	661.98	1	-1	-1
804	8	448.41	1	-1	-1
804	8	564.13	1	-1	-1
804	8	781.71	1	-1	-1
804	8	1844.3	1	-1	-1
804	8	733.28	1	-1	-1
804	8	970.91	1	-1	-1
804	8	810.59	1	-1	-1
804	8	1351.9	1	-1	-1
804	8	628.02	1	-1	-1
