601	6	1414.2	1	2	2
601	6	1263.2	1	2	2
601	6	1019.9	1	2	2
601	6	1042.1	1	2	2
601	6	1183.7	1	2	2
601	6	1186.5	1	2	2
601	6	1288.6	1	2	2
601	6	1584.6	1	2	2
601	6	1349.9	1	2	2
601	6	1280.2	1	2	2
601	6	1613	1	2	2
601	6	1164.8	1	2	2
601	6	1258.1	1	2	2
601	6	1348.8	1	2	2
601	6	1374.2	1	2	2
601	6	1346.6	1	2	2
601	6	1361.9	1	2	2
601	6	1374.6	1	2	2
601	6	1235	1	2	2
601	6	1099.2	1	2	2
601	6	1325.2	1	2	2
601	6	1721.7	1	2	2
601	6	1280.1	1	2	2
601	6	1170.3	1	2	2
601	6	1089.6	1	2	2
601	6	1105.7	1	2	2
601	6	1142.1	1	2	2
601	6	1302.8	1	2	2
601	6	1072.5	1	2	2
601	6	1262.5	1	2	2
601	6	1821.1	1	2	2
601	6	1707.9	1	2	2
601	6	1846.2	1	2	2
601	6	1435.2	1	2	2
601	6	1355.5	1	2	2
601	6	1032.4	1	2	2
601	6	1381.3	1	2	2
601	6	1168.2	1	2	2
601	6	1165.1	1	2	2
601	6	1176.6	1	2	2
601	6	1008.7	1	2	2
601	6	1044.5	1	2	2
601	6	1059.1	1	2	2
601	6	1113.2	1	2	2
601	6	1180.8	1	2	2
601	6	1046.1	1	2	2
601	6	1044.2	1	2	2
601	6	1357.2	1	2	2
601	6	1110.1	1	2	2
601	6	1101.9	1	2	2
601	6	1238.8	1	2	2
601	6	1248.3	1	2	2
601	6	1345.7	1	2	2
601	6	985.61	1	2	2
601	6	932.42	1	2	2
601	6	1275.5	1	2	2
601	6	1074.9	1	2	2
601	6	1140.2	1	2	2
601	6	1335.1	1	2	2
601	6	1025.5	1	2	2
601	6	1048.4	1	2	2
601	6	868.12	1	2	2
601	6	1168.8	1	2	2
601	6	1106.5	1	2	2
601	6	1023.9	1	2	2
601	6	909.32	1	2	2
601	6	982.33	1	2	2
601	6	1071.9	1	2	2
601	6	1517.7	1	2	2
601	6	1063.5	1	2	2
601	6	990.95	1	2	2
601	6	1546.5	1	2	2
601	6	1862.2	1	2	2
601	6	987	1	2	2
601	6	990.29	1	2	2
601	6	1003	1	2	2
601	6	1038.1	1	2	2
601	6	1370.9	1	2	2
601	6	878.34	1	2	2
601	6	1097.1	1	2	2
601	6	926.22	1	2	2
601	6	934.22	1	2	2
601	6	1090.8	1	2	2
601	6	1005	1	2	2
601	6	867.5	1	2	2
601	6	903.1	1	2	2
601	6	902.06	1	2	2
601	6	998.78	1	2	2
601	6	976.72	1	2	2
601	6	991.51	1	2	2
601	6	1198.6	1	2	2
601	6	899.31	1	2	2
601	6	941.41	1	2	2
601	6	884.31	1	2	2
601	6	1020.3	1	2	2
601	6	1075.1	1	2	2
601	6	953.09	1	2	2
601	6	804.15	1	2	2
601	6	936.01	1	2	2
601	6	855.98	1	2	2
601	6	844.47	1	2	2
601	6	1044	1	2	2
601	6	797.49	1	2	2
601	6	802.83	1	2	2
601	6	1073.5	1	2	2
601	6	1013.4	1	2	2
601	6	844.35	1	2	2
601	6	915.52	1	2	2
601	6	1051.6	1	2	2
601	6	968.88	1	2	2
601	6	910.77	1	2	2
601	6	813.89	1	2	2
601	6	835.24	1	2	2
601	6	838.1	1	2	2
601	6	1085	1	2	2
601	6	740.84	1	2	2
601	6	792.75	1	2	2
601	6	804.98	1	2	2
601	6	1448	1	2	2
601	6	881.22	1	2	2
601	6	938.9	1	2	2
601	6	879.17	1	2	2
601	6	777.7	1	2	2
601	6	731.88	1	2	2
601	6	921.47	1	2	2
601	6	1125.9	1	2	2
601	6	767.54	1	2	2
601	6	736.88	1	2	2
601	6	822.81	1	2	2
601	6	778.71	1	2	2
601	6	792.85	1	2	2
601	6	898.91	1	2	2
601	6	811.56	1	2	2
601	6	866.48	1	2	2
601	6	869.63	1	2	2
601	6	962.81	1	2	2
601	6	751.01	1	2	2
601	6	915.95	1	2	2
601	6	942.27	1	2	2
601	6	945.95	1	2	2
601	6	704.92	1	2	2
601	6	756	1	2	2
601	6	786.77	1	2	2
601	6	793.42	1	2	2
601	6	907.76	1	2	2
601	6	858.01	1	2	2
601	6	812	1	2	2
601	6	738.11	1	2	2
601	6	883.46	1	2	2
601	6	749.32	1	2	2
601	6	921.55	1	2	2
601	6	1162.8	1	2	2
601	6	1100.4	1	2	2
601	6	974.82	1	2	2
601	6	1078	1	2	2
601	6	839.13	1	2	2
601	6	1106.4	1	2	2
601	6	783.12	1	2	2
601	6	1136.7	1	2	2
601	6	1423.6	1	2	2
601	6	934.55	1	2	2
601	6	863.17	1	2	2
601	6	901.82	1	2	2
601	6	874.41	1	2	2
601	6	851.96	1	2	2
601	6	1176.1	1	2	2
601	6	1087.7	1	2	2
601	6	1134.3	1	2	2
601	6	942.05	1	2	2
601	6	1243.2	1	2	2
601	6	1058.7	1	2	2
601	6	899.76	1	2	2
601	6	1001.9	1	2	2
601	6	1090.2	1	2	2
601	6	881.75	1	2	2
601	6	1036	1	2	2
601	6	910.03	1	2	2
601	6	938.18	1	2	2
601	6	904.89	1	2	2
601	6	989.97	1	2	2
601	6	1111.6	1	2	2
601	6	1045.4	1	2	2
601	6	862.7	1	2	2
601	6	1143.9	1	2	2
601	6	974.49	1	2	2
601	6	1005	1	2	2
601	6	838.28	1	2	2
601	6	1413.2	1	2	2
601	6	1333.9	1	2	2
601	6	1059.5	1	2	2
601	6	860.17	1	2	2
601	6	1037.2	1	2	2
601	6	831.72	1	2	2
601	6	807.41	1	2	2
601	6	758.62	1	2	2
601	6	1761.7	1	2	2
601	6	735.07	1	2	2
601	6	915.12	1	2	2
601	6	908.75	1	2	2
601	6	957.94	1	2	2
601	6	916.83	1	2	2
601	6	1262.7	1	2	2
601	6	844.23	1	2	2
601	6	758.58	1	2	2
601	6	1078	1	2	2
601	6	966.71	1	2	2
601	6	949.09	1	2	2
601	6	975.49	1	2	2
601	6	917.48	1	2	2
601	6	1029.8	1	2	2
601	6	1093.7	1	2	2
601	6	821.25	1	2	2
601	6	1226.2	1	2	2
601	6	1423.6	1	2	2
601	6	931.36	1	2	2
601	6	990.13	1	2	2
601	6	771.58	1	2	2
601	6	944.28	1	2	2
601	6	812.13	1	2	2
601	6	847.18	1	2	2
601	6	936.69	1	2	2
601	6	1092.9	1	2	2
601	6	1019	1	2	2
601	6	985.44	1	2	2
601	6	821.54	1	2	2
601	6	770.3	1	2	2
601	6	763.7	1	2	2
601	6	755.72	1	2	2
601	6	901.23	1	2	2
601	6	1065.6	1	2	2
601	6	940.33	1	2	2
601	6	1230	1	2	2
601	6	799.3	1	2	2
601	6	1568.7	1	2	2
601	6	820.22	1	2	2
601	6	842.14	1	2	2
601	6	908.38	1	2	2
601	6	814.99	1	2	2
601	6	952.81	1	2	2
601	6	843.66	1	2	2
601	6	923.3	1	2	2
601	6	902.04	1	2	2
601	6	851.46	1	2	2
601	6	942.8	1	2	2
601	6	1517.6	1	2	2
601	6	915.79	1	2	2
601	6	1160	1	2	2
601	6	1253.5	1	2	2
601	6	902.75	1	2	2
601	6	990.15	1	2	2
601	6	949.14	1	2	2
601	6	900.3	1	2	2
601	6	861.64	1	2	2
601	6	978.56	1	2	2
601	6	1031.2	1	2	2
601	6	1098.8	1	2	2
601	6	978.63	1	2	2
601	6	1065.8	1	2	2
601	6	1154.3	1	2	2
601	6	1323.3	1	2	2
601	6	961.99	1	2	2
601	6	1010.6	1	2	2
601	6	975.98	1	2	2
601	6	1089.9	1	2	2
601	6	1346.3	1	2	2
601	6	1086.7	1	2	2
601	6	1061	1	2	2
601	6	1133	1	2	2
601	6	1074.1	1	2	2
601	6	1045.7	1	2	2
601	6	1197.8	1	2	2
601	6	868.71	1	2	2
601	6	1035.3	1	2	2
601	6	1117.5	1	2	2
601	6	1024.3	1	2	2
601	6	898.47	1	2	2
601	6	1043.6	1	2	2
601	6	873.75	1	2	2
601	6	978.52	1	2	2
601	6	1157.2	1	2	2
601	6	998.66	1	2	2
601	6	1185.7	1	2	2
601	6	1233.4	1	2	2
601	6	955.82	1	2	2
601	6	1190	1	2	2
601	6	1146.4	1	2	2
601	6	1373.3	1	2	2
601	6	1480.2	1	2	2
601	6	1139.5	1	2	2
601	6	1018.4	1	2	2
601	6	1409.2	1	2	2
601	6	1143.1	1	2	2
601	6	1112.1	1	2	2
601	6	1102.6	1	2	2
601	6	1177	1	2	2
601	6	1092	1	2	2
601	6	1234.2	1	2	2
601	6	1154.3	1	2	2
601	6	1156.1	1	2	2
601	6	1692.6	1	2	2
601	6	1004.7	1	2	2
601	6	1030	1	2	2
601	6	971.53	1	2	2
601	6	1057.1	1	2	2
601	6	878.72	1	2	2
601	6	1146.3	1	2	2
601	6	926.31	1	2	2
601	6	844.48	1	2	2
601	6	1096.7	1	2	2
601	6	1089.4	1	2	2
601	6	1079.7	1	2	2
601	6	923.14	1	2	2
601	6	958.96	1	2	2
601	6	909.65	1	2	2
601	6	984.99	1	2	2
601	6	887.62	1	2	2
601	6	909.8	1	2	2
601	6	784.83	1	2	2
601	6	1650.2	1	2	2
601	6	2255.4	1	2	2
601	6	928.41	1	2	2
601	6	813.33	1	2	2
601	6	1307.5	1	2	2
601	6	784.53	1	2	2
601	6	858.59	1	2	2
601	6	898.82	1	2	2
601	6	966.46	1	2	2
601	6	969.61	1	2	2
601	6	819.97	1	2	2
601	6	982.61	1	2	2
601	6	794.49	1	2	2
601	6	992.61	1	2	2
601	6	973.98	1	2	2
601	6	968.4	1	2	2
601	6	886.7	1	2	2
601	6	1068.3	1	2	2
601	6	973.32	1	2	2
601	6	895.87	1	2	2
601	6	972.23	1	2	2
601	6	989.03	1	2	2
601	6	1094.2	1	2	2
601	6	921.53	1	2	2
601	6	793.32	1	2	2
601	6	1004.6	1	2	2
601	6	755.66	1	2	2
601	6	894.03	1	2	2
601	6	1126.9	1	2	2
601	6	1027.8	1	2	2
601	6	992.33	1	2	2
601	6	1038.7	1	2	2
601	6	1222	1	2	1
601	6	1131	1	2	1
601	6	1399.1	1	2	1
601	6	1593.7	1	2	1
601	6	1294.6	1	2	1
601	6	2850.5	1	2	1
601	6	1767.1	1	2	1
601	6	1235	1	2	1
601	6	1521.9	1	2	1
601	6	2089.7	1	2	1
601	6	2306.9	1	2	1
601	6	1517.1	1	2	1
601	6	1168.3	1	2	1
601	6	1850.4	1	2	1
601	6	1582.5	1	2	1
601	6	1449.6	1	2	1
601	6	1557.2	1	2	1
601	6	1873.5	1	2	1
601	6	1311.4	1	2	1
601	6	1196.2	1	2	1
601	6	1251.5	1	2	1
601	6	1071.4	1	2	1
601	6	2130	1	2	1
601	6	1278.1	1	2	1
601	6	1108.5	1	2	1
601	6	1929.3	1	2	1
601	6	1567.6	1	2	1
601	6	2075.1	1	2	1
601	6	1994.7	1	2	1
601	6	1378.2	1	2	1
601	6	1201.3	1	2	1
601	6	1682.2	1	2	1
601	6	1397.5	1	2	1
601	6	2449.5	1	2	1
601	6	2066	1	2	1
601	6	1337.4	1	2	1
601	6	1831.3	1	2	1
601	6	1340.2	1	2	1
601	6	1110.8	1	2	1
601	6	1419.8	1	2	1
601	6	1221.7	1	2	1
601	6	1502.1	1	2	1
601	6	1131.7	1	2	1
601	6	1326.8	1	2	1
601	6	1188.1	1	2	1
601	6	1060	1	2	1
601	6	1379.8	1	2	1
601	6	1136.4	1	2	1
601	6	1475.3	1	2	1
601	6	1279.6	1	2	1
601	6	1120.9	1	2	1
601	6	1223.6	1	2	1
601	6	1133.1	1	2	1
601	6	2534.9	1	2	1
601	6	1257.8	1	2	1
601	6	1956	1	2	1
601	6	1414.8	1	2	1
601	6	1052.5	1	2	1
601	6	1437.8	1	2	1
601	6	1003.2	1	2	1
601	6	1102	1	2	1
601	6	829.94	1	2	1
601	6	1281	1	2	1
601	6	1226.3	1	2	1
601	6	1118	1	2	1
601	6	939.46	1	2	1
601	6	1689.1	1	2	1
601	6	1279.9	1	2	1
601	6	1203.7	1	2	1
601	6	1195.6	1	2	1
601	6	1321.3	1	2	1
601	6	1233.2	1	2	1
601	6	1541.8	1	2	1
601	6	1205.7	1	2	1
601	6	1140.6	1	2	1
601	6	961.47	1	2	1
601	6	1191.8	1	2	1
601	6	1397.2	1	2	1
601	6	1190.4	1	2	1
601	6	984.99	1	2	1
601	6	1141.8	1	2	1
601	6	1295.4	1	2	1
601	6	1240.7	1	2	1
601	6	1017.3	1	2	1
601	6	1161.8	1	2	1
601	6	1039.4	1	2	1
601	6	1198.4	1	2	1
601	6	1079	1	2	1
601	6	1129.7	1	2	1
601	6	1833.5	1	2	1
601	6	998.93	1	2	1
601	6	1156.4	1	2	1
601	6	1188.5	1	2	1
601	6	1072.6	1	2	1
601	6	1066.4	1	2	1
601	6	967.51	1	2	1
601	6	1260.4	1	2	1
601	6	984.05	1	2	1
601	6	845.82	1	2	1
601	6	1047.1	1	2	1
601	6	948.71	1	2	1
601	6	853.88	1	2	1
601	6	1160.8	1	2	1
601	6	1286.6	1	2	1
601	6	1473.1	1	2	1
601	6	1168.6	1	2	1
601	6	938.55	1	2	1
601	6	887.14	1	2	1
601	6	962.75	1	2	1
601	6	1086.4	1	2	1
601	6	1087	1	2	1
601	6	990.04	1	2	1
601	6	933.47	1	2	1
601	6	1794.6	1	2	1
601	6	909.42	1	2	1
601	6	1872.7	1	2	1
601	6	968.96	1	2	1
601	6	1248.6	1	2	1
601	6	1137.3	1	2	1
601	6	1021.2	1	2	1
601	6	990.54	1	2	1
601	6	1070.4	1	2	1
601	6	914.65	1	2	1
601	6	914.69	1	2	1
601	6	1369.8	1	2	1
601	6	1224.4	1	2	1
601	6	946.51	1	2	1
601	6	862.26	1	2	1
601	6	924.3	1	2	1
601	6	760.3	1	2	1
601	6	790.38	1	2	1
601	6	985.84	1	2	1
601	6	993.88	1	2	1
601	6	793.78	1	2	1
601	6	879.94	1	2	1
601	6	951.06	1	2	1
601	6	953.2	1	2	1
601	6	947.18	1	2	1
601	6	801.37	1	2	1
601	6	1560.2	1	2	1
601	6	929.68	1	2	1
601	6	820.09	1	2	1
601	6	935.07	1	2	1
601	6	973.12	1	2	1
601	6	1037.1	1	2	1
601	6	1101.6	1	2	1
601	6	998.22	1	2	1
601	6	890.92	1	2	1
601	6	1151.2	1	2	1
601	6	932.62	1	2	1
601	6	1186.8	1	2	1
601	6	963.82	1	2	1
601	6	951.83	1	2	1
601	6	2040.7	1	2	1
601	6	1382.3	1	2	1
601	6	1032.9	1	2	1
601	6	1093.3	1	2	1
601	6	1212.1	1	2	1
601	6	1172.4	1	2	1
601	6	2223.8	1	2	1
601	6	1037.2	1	2	1
601	6	1115.1	1	2	1
601	6	1011.5	1	2	1
601	6	1109.9	1	2	1
601	6	1030.1	1	2	1
601	6	1791.3	1	2	1
601	6	1143.2	1	2	1
601	6	984.81	1	2	1
601	6	991.16	1	2	1
601	6	2060.7	1	2	1
601	6	1531.5	1	2	1
601	6	980.27	1	2	1
601	6	1060	1	2	1
601	6	1063.4	1	2	1
601	6	1916.4	1	2	1
601	6	1061.3	1	2	1
601	6	968.79	1	2	1
601	6	1016.2	1	2	1
601	6	1125.6	1	2	1
601	6	1133.8	1	2	1
601	6	1003.4	1	2	1
601	6	993.38	1	2	1
601	6	1312.2	1	2	1
601	6	1172	1	2	1
601	6	1148	1	2	1
601	6	1278.7	1	2	1
601	6	972.56	1	2	1
601	6	899.96	1	2	1
601	6	800.71	1	2	1
601	6	959.78	1	2	1
601	6	934.57	1	2	1
601	6	1058.5	1	2	1
601	6	1048.8	1	2	1
601	6	980.25	1	2	1
601	6	951.07	1	2	1
601	6	1028.6	1	2	1
601	6	1061.4	1	2	1
601	6	1072.2	1	2	1
601	6	970.67	1	2	1
601	6	803.5	1	2	1
601	6	858.16	1	2	1
601	6	865.19	1	2	1
601	6	858.27	1	2	1
601	6	1052	1	2	1
601	6	1384.5	1	2	1
601	6	1129.8	1	2	1
601	6	1080.4	1	2	1
601	6	1188.9	1	2	1
601	6	1190.1	1	2	1
601	6	994.19	1	2	1
601	6	901.65	1	2	1
601	6	1081.6	1	2	1
601	6	1148.7	1	2	1
601	6	1306.8	1	2	1
601	6	1113.8	1	2	1
601	6	945.04	1	2	1
601	6	1145.1	1	2	1
601	6	822.76	1	2	1
601	6	1037.1	1	2	1
601	6	987.89	1	2	1
601	6	990.49	1	2	1
601	6	1004.4	1	2	1
601	6	1211.5	1	2	1
601	6	1093.8	1	2	1
601	6	950.35	1	2	1
601	6	890.26	1	2	1
601	6	1533.9	1	2	1
601	6	1063.8	1	2	1
601	6	1089.3	1	2	1
601	6	875.09	1	2	1
601	6	1098.3	1	2	1
601	6	1019	1	2	1
601	6	911.73	1	2	1
601	6	1469.4	1	2	1
601	6	1012.4	1	2	1
601	6	885.65	1	2	1
601	6	1271.3	1	2	1
601	6	925.07	1	2	1
601	6	913.18	1	2	1
601	6	1025.6	1	2	1
601	6	879.86	1	2	1
601	6	1017.2	1	2	1
601	6	1068.4	1	2	1
601	6	1392.1	1	2	1
601	6	1167.4	1	2	1
601	6	1007.6	1	2	1
601	6	2529.8	1	2	1
601	6	1277	1	2	1
601	6	1076.3	1	2	1
601	6	1420.8	1	2	1
601	6	1012.8	1	2	1
601	6	1140.8	1	2	1
601	6	1148.6	1	2	1
601	6	1393.2	1	2	1
601	6	1039.6	1	2	1
601	6	1088.1	1	2	1
601	6	1128.1	1	2	1
601	6	1269.2	1	2	1
601	6	1492.7	1	2	1
601	6	1386.6	1	2	1
601	6	982.6	1	2	1
601	6	1223.6	1	2	1
601	6	1153.8	1	2	1
601	6	1178.6	1	2	1
601	6	1660.6	1	2	1
601	6	1188.6	1	2	1
601	6	1057.5	1	2	1
601	6	1224.5	1	2	1
601	6	1057.6	1	2	1
601	6	1137.9	1	2	1
601	6	1101.6	1	2	1
601	6	1396.6	1	2	1
601	6	1221	1	2	1
601	6	1027.8	1	2	1
601	6	1180.3	1	2	1
601	6	1149.4	1	2	1
601	6	1231	1	2	1
601	6	1216	1	2	1
601	6	1059	1	2	1
601	6	1668.4	1	2	1
601	6	1208	1	2	1
601	6	1136.4	1	2	1
601	6	939.5	1	2	1
601	6	1001.6	1	2	1
601	6	3508.3	1	2	1
601	6	1730.3	1	2	1
601	6	1352	1	2	1
601	6	1307.7	1	2	1
601	6	1395.3	1	2	1
601	6	2088.9	1	2	1
601	6	1211.9	1	2	1
601	6	1175.1	1	2	1
601	6	1281.3	1	2	1
601	6	1167.6	1	2	1
601	6	1239.2	1	2	1
601	6	1152.9	1	2	1
601	6	1155.4	1	2	1
601	6	1257.6	1	2	1
601	6	1591.7	1	2	1
601	6	1367.3	1	2	1
601	6	1098.9	1	2	1
601	6	1239.8	1	2	1
601	6	1085.1	1	2	1
601	6	1131.7	1	2	1
601	6	991.27	1	2	1
601	6	1137.8	1	2	1
601	6	1134.8	1	2	1
601	6	1130	1	2	1
601	6	1363.9	1	2	1
601	6	1123	1	2	1
601	6	966.87	1	2	1
601	6	1419	1	2	1
601	6	993.63	1	2	1
601	6	1168.2	1	2	1
601	6	1133.1	1	2	1
601	6	960.99	1	2	1
601	6	883.69	1	2	1
601	6	1849	1	2	1
601	6	1011	1	2	1
601	6	1184	1	2	1
601	6	1041.7	1	2	1
601	6	949.68	1	2	1
601	6	1152.6	1	2	1
601	6	1077.5	1	2	1
601	6	1172.1	1	2	1
601	6	1141.9	1	2	1
601	6	913.02	1	2	1
601	6	1058.5	1	2	1
601	6	1086.8	1	2	1
601	6	1297.5	1	2	1
601	6	1066.1	1	2	1
601	6	1017.1	1	2	1
601	6	976.42	1	2	1
601	6	1070.3	1	2	1
601	6	975.44	1	2	1
601	6	1044.7	1	2	1
601	6	932	1	2	1
601	6	955.63	1	2	1
601	6	1208.9	1	2	1
601	6	1189.8	1	2	1
601	6	1054.7	1	2	1
601	6	1023.2	1	2	1
601	6	1393.2	1	2	1
601	6	2007.1	1	2	1
601	6	1119.2	1	2	1
601	6	886.64	1	2	1
601	6	1568.3	1	2	1
601	6	1082.7	1	2	1
601	6	1063.1	1	2	1
601	6	926.63	1	2	1
601	6	1215.4	1	1	2
601	6	1346	1	1	2
601	6	1476.3	1	1	2
601	6	952.33	1	1	2
601	6	1442.8	1	1	2
601	6	2585.3	1	1	2
601	6	2010.7	1	1	2
601	6	1371.3	1	1	2
601	6	2143.5	1	1	2
601	6	1664.5	1	1	2
601	6	3627.9	0	1	2
601	6	1650.6	1	1	2
601	6	1369.7	1	1	2
601	6	1388.8	1	1	2
601	6	1209.2	1	1	2
601	6	1413.1	1	1	2
601	6	1629.9	1	1	2
601	6	1488.2	1	1	2
601	6	2837.9	1	1	2
601	6	2220.2	1	1	2
601	6	1597.2	1	1	2
601	6	1330.7	1	1	2
601	6	1199.6	1	1	2
601	6	1277.9	1	1	2
601	6	1272.4	1	1	2
601	6	2160.1	1	1	2
601	6	1323.1	1	1	2
601	6	1146.5	1	1	2
601	6	1164	1	1	2
601	6	1941.4	1	1	2
601	6	1310	1	1	2
601	6	1688.5	1	1	2
601	6	1654.6	1	1	2
601	6	1264.9	1	1	2
601	6	2549.5	1	1	2
601	6	1176.9	1	1	2
601	6	1222.9	1	1	2
601	6	1359.1	1	1	2
601	6	1149.5	1	1	2
601	6	1715.5	1	1	2
601	6	1194.4	1	1	2
601	6	1314.2	1	1	2
601	6	1214.1	1	1	2
601	6	1170.9	1	1	2
601	6	1601.9	1	1	2
601	6	1180.6	1	1	2
601	6	1192.8	1	1	2
601	6	1652.6	1	1	2
601	6	1510.7	1	1	2
601	6	1061.9	1	1	2
601	6	1513.5	1	1	2
601	6	1472.9	1	1	2
601	6	1327	1	1	2
601	6	1268.5	1	1	2
601	6	1951.6	1	1	2
601	6	1445.6	1	1	2
601	6	1194.5	1	1	2
601	6	3070.9	1	1	2
601	6	1040.4	1	1	2
601	6	1064.8	1	1	2
601	6	1085.4	1	1	2
601	6	859.07	1	1	2
601	6	1133.2	1	1	2
601	6	1099.6	1	1	2
601	6	1058.9	1	1	2
601	6	1014.6	1	1	2
601	6	999.03	1	1	2
601	6	1121.2	1	1	2
601	6	991.7	1	1	2
601	6	1382.9	1	1	2
601	6	1187.2	1	1	2
601	6	1692.7	1	1	2
601	6	1065.5	1	1	2
601	6	1085.4	1	1	2
601	6	1232.8	1	1	2
601	6	1452.2	1	1	2
601	6	1715.6	1	1	2
601	6	1933.6	1	1	2
601	6	1258	1	1	2
601	6	1030.7	1	1	2
601	6	969.33	1	1	2
601	6	1170.3	1	1	2
601	6	1094	1	1	2
601	6	1108.7	1	1	2
601	6	1183.9	1	1	2
601	6	1253.4	1	1	2
601	6	1069	1	1	2
601	6	1035.5	1	1	2
601	6	1223	1	1	2
601	6	1556.9	1	1	2
601	6	991.93	1	1	2
601	6	1233.1	1	1	2
601	6	975.43	1	1	2
601	6	925.56	1	1	2
601	6	893.91	1	1	2
601	6	961.83	1	1	2
601	6	1222.5	1	1	2
601	6	1042.4	1	1	2
601	6	1020.2	1	1	2
601	6	845.12	1	1	2
601	6	911.13	1	1	2
601	6	816.23	1	1	2
601	6	1201.3	1	1	2
601	6	1617.8	1	1	2
601	6	1170.5	1	1	2
601	6	1045.3	1	1	2
601	6	834.82	1	1	2
601	6	1076.1	1	1	2
601	6	1338.2	1	1	2
601	6	1298.5	1	1	2
601	6	1316.3	1	1	2
601	6	754.87	1	1	2
601	6	1090.9	1	1	2
601	6	1027.9	1	1	2
601	6	1596.7	0	1	2
601	6	1483.5	1	1	2
601	6	784.39	1	1	2
601	6	994.18	1	1	2
601	6	1114.8	1	1	2
601	6	1117.4	1	1	2
601	6	957.06	1	1	2
601	6	1012	1	1	2
601	6	845.69	1	1	2
601	6	885.25	1	1	2
601	6	978.91	1	1	2
601	6	952.73	1	1	2
601	6	788.3	1	1	2
601	6	1170.9	1	1	2
601	6	756.88	1	1	2
601	6	796.29	1	1	2
601	6	761.64	1	1	2
601	6	942.86	1	1	2
601	6	907.03	1	1	2
601	6	778.89	1	1	2
601	6	1043.3	1	1	2
601	6	973	1	1	2
601	6	827.29	1	1	2
601	6	1071.4	1	1	2
601	6	1202.6	1	1	2
601	6	888.36	1	1	2
601	6	823.13	1	1	2
601	6	858.88	1	1	2
601	6	915.87	1	1	2
601	6	754.18	1	1	2
601	6	925.93	1	1	2
601	6	1340.3	1	1	2
601	6	806.08	1	1	2
601	6	1198.5	1	1	2
601	6	875.72	1	1	2
601	6	1008.2	1	1	2
601	6	838.31	1	1	2
601	6	1994.5	0	1	2
601	6	1465.8	1	1	2
601	6	1020.3	1	1	2
601	6	1568	1	1	2
601	6	1051.5	1	1	2
601	6	1749.4	1	1	2
601	6	1604.8	1	1	2
601	6	1740	1	1	2
601	6	1155	1	1	2
601	6	1412.5	1	1	2
601	6	1212	1	1	2
601	6	1437.9	1	1	2
601	6	1223.7	1	1	2
601	6	1204.7	1	1	2
601	6	1209.7	1	1	2
601	6	1051.1	1	1	2
601	6	1571.7	1	1	2
601	6	1388.4	1	1	2
601	6	1009.3	1	1	2
601	6	1120.9	1	1	2
601	6	1137.8	1	1	2
601	6	1076.3	1	1	2
601	6	1199.3	1	1	2
601	6	2660.4	0	1	2
601	6	1211	1	1	2
601	6	1078.3	1	1	2
601	6	845.22	1	1	2
601	6	922.74	1	1	2
601	6	1069.3	1	1	2
601	6	1082.5	1	1	2
601	6	1072.3	1	1	2
601	6	1105.6	1	1	2
601	6	1025.1	1	1	2
601	6	1203.9	1	1	2
601	6	1142.3	1	1	2
601	6	768.83	1	1	2
601	6	1006.6	1	1	2
601	6	1100.3	1	1	2
601	6	1026.7	1	1	2
601	6	1166	1	1	2
601	6	1031.6	1	1	2
601	6	933.36	1	1	2
601	6	1164.7	1	1	2
601	6	2131.3	1	1	2
601	6	941.19	1	1	2
601	6	994.24	1	1	2
601	6	1307.8	1	1	2
601	6	956.33	1	1	2
601	6	1032.2	1	1	2
601	6	1077.5	1	1	2
601	6	1090	1	1	2
601	6	2100.6	1	1	2
601	6	1037.5	1	1	2
601	6	1139.1	1	1	2
601	6	893.41	1	1	2
601	6	993.02	1	1	2
601	6	874.2	1	1	2
601	6	843.34	1	1	2
601	6	1073.6	1	1	2
601	6	1388.3	1	1	2
601	6	966.15	1	1	2
601	6	981.39	1	1	2
601	6	1547.5	1	1	2
601	6	1653.6	1	1	2
601	6	1068.5	1	1	2
601	6	932.55	1	1	2
601	6	1070.2	1	1	2
601	6	1379.9	1	1	2
601	6	1116.2	1	1	2
601	6	996.22	1	1	2
601	6	1251.4	1	1	2
601	6	1040.3	1	1	2
601	6	1099.5	1	1	2
601	6	945.78	1	1	2
601	6	1296.9	1	1	2
601	6	1161.1	1	1	2
601	6	1048.9	1	1	2
601	6	1318.8	1	1	2
601	6	923.91	1	1	2
601	6	1309	1	1	2
601	6	1114.1	1	1	2
601	6	1009.4	1	1	2
601	6	1033.1	1	1	2
601	6	918.77	1	1	2
601	6	1039.2	1	1	2
601	6	938.81	1	1	2
601	6	978.87	1	1	2
601	6	1086.9	1	1	2
601	6	943.93	1	1	2
601	6	953.2	1	1	2
601	6	1017.3	1	1	2
601	6	1003.7	1	1	2
601	6	953.65	1	1	2
601	6	1404.1	1	1	2
601	6	1629.4	1	1	2
601	6	1172.3	1	1	2
601	6	1262.9	1	1	2
601	6	3470.3	1	1	2
601	6	955.38	1	1	2
601	6	1031.5	1	1	2
601	6	1134.7	1	1	2
601	6	1359.4	1	1	2
601	6	2118.7	1	1	2
601	6	1184.7	1	1	2
601	6	1480.3	1	1	2
601	6	2962	1	1	2
601	6	2283.3	1	1	2
601	6	2768.7	1	1	2
601	6	1323	1	1	2
601	6	1532	1	1	2
601	6	1122.2	1	1	2
601	6	1038.8	1	1	2
601	6	1058	1	1	2
601	6	1129.7	1	1	2
601	6	1100	1	1	2
601	6	1197.1	1	1	2
601	6	1542.1	1	1	2
601	6	1167.7	1	1	2
601	6	3540.7	1	1	2
601	6	2229.8	1	1	2
601	6	1276.1	1	1	2
601	6	2058	1	1	2
601	6	1422.4	1	1	2
601	6	1408.2	1	1	2
601	6	1324.5	1	1	2
601	6	1418.7	1	1	2
601	6	1298.8	1	1	2
601	6	1315.7	1	1	2
601	6	1058.7	1	1	2
601	6	1310.4	1	1	2
601	6	1302.3	1	1	2
601	6	1684.2	1	1	2
601	6	1291.1	1	1	2
601	6	3551.9	1	1	2
601	6	1524.7	1	1	2
601	6	1429.1	1	1	2
601	6	1225.9	1	1	2
601	6	1261.9	1	1	2
601	6	1284.3	1	1	2
601	6	1091.2	1	1	2
601	6	1346.4	1	1	2
601	6	1231.8	1	1	2
601	6	1123.8	1	1	2
601	6	1328.1	1	1	2
601	6	3759.4	1	1	2
601	6	1332.8	1	1	2
601	6	1144.5	1	1	2
601	6	1397.4	1	1	2
601	6	1308.6	1	1	2
601	6	1330.4	1	1	2
601	6	1127.8	1	1	2
601	6	1131.1	1	1	2
601	6	1455	1	1	2
601	6	1367.2	1	1	2
601	6	1108.6	1	1	2
601	6	1518.5	1	1	2
601	6	1355.6	1	1	2
601	6	1104.3	1	1	2
601	6	919.04	1	1	2
601	6	997	1	1	2
601	6	1409	1	1	2
601	6	1187.5	1	1	2
601	6	865.46	1	1	2
601	6	1140	1	1	2
601	6	1123.3	1	1	2
601	6	1123.5	1	1	2
601	6	1198.4	0	1	2
601	6	1021.1	1	1	2
601	6	1070	1	1	2
601	6	1110.1	1	1	2
601	6	1038.5	1	1	2
601	6	974.6	1	1	2
601	6	1070.4	1	1	2
601	6	1194.1	1	1	2
601	6	1181.4	1	1	2
601	6	1000.5	1	1	2
601	6	1066.4	1	1	2
601	6	1758.9	1	1	2
601	6	1019.8	1	1	2
601	6	1761.5	1	1	2
601	6	1085.3	1	1	2
601	6	1053.9	1	1	2
601	6	1021.2	1	1	2
601	6	1179.3	1	1	2
601	6	1019.8	1	1	2
601	6	1249.8	1	1	2
601	6	997.43	1	1	2
601	6	1284.6	1	1	2
601	6	992.11	1	1	2
601	6	1080.6	1	1	2
601	6	1036.9	1	1	2
601	6	1090.7	1	1	2
601	6	1162.7	1	1	2
601	6	2352.2	1	1	2
601	6	1290.6	1	1	2
601	6	1904.6	1	1	2
601	6	1905.1	1	1	2
601	6	981.62	1	1	2
601	6	1035.1	1	1	2
601	6	1987.4	1	1	1
601	6	1544.6	1	1	1
601	6	1353.9	0	1	1
601	6	2179	1	1	1
601	6	3183.8	1	1	1
601	6	2856.7	1	1	1
601	6	2810.9	1	1	1
601	6	2340.2	1	1	1
601	6	2899.8	1	1	1
601	6	1427	1	1	1
601	6	1472.5	1	1	1
601	6	1971.9	1	1	1
601	6	2835.2	1	1	1
601	6	1757.3	1	1	1
601	6	2043.8	1	1	1
601	6	1541.9	1	1	1
601	6	1766.5	1	1	1
601	6	1893.9	1	1	1
601	6	2689.1	1	1	1
601	6	1199.7	1	1	1
601	6	1493.2	1	1	1
601	6	1178.9	1	1	1
601	6	1168.5	1	1	1
601	6	1511.1	1	1	1
601	6	1412.4	1	1	1
601	6	2201.1	1	1	1
601	6	1518.4	1	1	1
601	6	1344.4	1	1	1
601	6	1338.1	1	1	1
601	6	1414.1	1	1	1
601	6	1714.8	1	1	1
601	6	2939.8	1	1	1
601	6	1970.9	1	1	1
601	6	2316.1	1	1	1
601	6	2100.9	1	1	1
601	6	1453.9	1	1	1
601	6	2232.7	1	1	1
601	6	1732	1	1	1
601	6	1613.2	1	1	1
601	6	1099.6	1	1	1
601	6	2159.2	1	1	1
601	6	1382.9	1	1	1
601	6	1762.1	1	1	1
601	6	1965	0	1	1
601	6	1298.6	1	1	1
601	6	1403.3	1	1	1
601	6	1441.3	1	1	1
601	6	1283.2	1	1	1
601	6	1299.7	1	1	1
601	6	1234.2	1	1	1
601	6	2032.7	1	1	1
601	6	1316.6	1	1	1
601	6	1869.5	1	1	1
601	6	2859.5	0	1	1
601	6	2537.6	1	1	1
601	6	2329.1	1	1	1
601	6	2411.7	1	1	1
601	6	1299.4	1	1	1
601	6	1879.6	1	1	1
601	6	1319.8	1	1	1
601	6	1285.7	1	1	1
601	6	886.08	1	1	1
601	6	1917.2	0	1	1
601	6	2202.5	1	1	1
601	6	1271.4	1	1	1
601	6	1725.5	1	1	1
601	6	1349.5	1	1	1
601	6	1889	1	1	1
601	6	1653.5	1	1	1
601	6	1097.2	1	1	1
601	6	1328.8	1	1	1
601	6	1274.5	1	1	1
601	6	2508.4	0	1	1
601	6	1381.9	1	1	1
601	6	1321	1	1	1
601	6	1146.7	1	1	1
601	6	1222.1	1	1	1
601	6	1392.5	1	1	1
601	6	1182	1	1	1
601	6	1194.3	1	1	1
601	6	1137	1	1	1
601	6	1717.6	1	1	1
601	6	1702.5	1	1	1
601	6	1732.6	1	1	1
601	6	1233.9	1	1	1
601	6	1636	1	1	1
601	6	1454.2	1	1	1
601	6	1142.6	1	1	1
601	6	2543.6	1	1	1
601	6	1961.5	1	1	1
601	6	1482.2	1	1	1
601	6	2075.1	1	1	1
601	6	1065	1	1	1
601	6	1159.8	1	1	1
601	6	1404.1	1	1	1
601	6	1197	1	1	1
601	6	938.53	1	1	1
601	6	1097.5	1	1	1
601	6	1094.3	1	1	1
601	6	1108.7	1	1	1
601	6	1104.4	1	1	1
601	6	1067.7	1	1	1
601	6	1670.2	1	1	1
601	6	1583.2	1	1	1
601	6	1570.7	1	1	1
601	6	1372.6	0	1	1
601	6	2542.7	1	1	1
601	6	1862.5	1	1	1
601	6	1140.3	1	1	1
601	6	2451.1	1	1	1
601	6	1109.8	1	1	1
601	6	2010.9	0	1	1
601	6	948.29	1	1	1
601	6	969.93	1	1	1
601	6	1097	1	1	1
601	6	1086.2	1	1	1
601	6	1379.9	1	1	1
601	6	1318	1	1	1
601	6	987.64	1	1	1
601	6	914.48	1	1	1
601	6	1285	1	1	1
601	6	1169.5	1	1	1
601	6	1265.4	1	1	1
601	6	1133.7	1	1	1
601	6	1247.2	1	1	1
601	6	922.56	1	1	1
601	6	1362.5	1	1	1
601	6	871.62	1	1	1
601	6	1021.9	1	1	1
601	6	911.13	1	1	1
601	6	1000.5	1	1	1
601	6	1080	1	1	1
601	6	872.73	1	1	1
601	6	1316.1	1	1	1
601	6	755.43	1	1	1
601	6	1437.2	1	1	1
601	6	1129.9	1	1	1
601	6	1061.1	1	1	1
601	6	1887.1	1	1	1
601	6	1045.5	1	1	1
601	6	1117.6	1	1	1
601	6	1277.1	1	1	1
601	6	938.13	1	1	1
601	6	1027.8	1	1	1
601	6	865.18	1	1	1
601	6	1048.9	1	1	1
601	6	1546.9	1	1	1
601	6	1558.9	1	1	1
601	6	2023.5	1	1	1
601	6	1007.3	1	1	1
601	6	1361.3	1	1	1
601	6	1449.2	1	1	1
601	6	1701.8	1	1	1
601	6	1758.6	1	1	1
601	6	1390.6	1	1	1
601	6	1798.9	1	1	1
601	6	2287.4	1	1	1
601	6	1156.2	1	1	1
601	6	1416	1	1	1
601	6	1609.6	1	1	1
601	6	2253.5	1	1	1
601	6	1824.5	1	1	1
601	6	1340.8	1	1	1
601	6	1386.2	1	1	1
601	6	2222.2	0	1	1
601	6	1295.3	1	1	1
601	6	1133	1	1	1
601	6	1488.2	1	1	1
601	6	1275.9	1	1	1
601	6	1562.1	0	1	1
601	6	2064.2	1	1	1
601	6	1393.3	1	1	1
601	6	1120.9	1	1	1
601	6	1587.9	1	1	1
601	6	1082.4	1	1	1
601	6	1258.4	1	1	1
601	6	1249.9	1	1	1
601	6	956.6	1	1	1
601	6	1010	1	1	1
601	6	1149.7	1	1	1
601	6	1037.7	1	1	1
601	6	1011.6	1	1	1
601	6	932.69	1	1	1
601	6	1174.7	1	1	1
601	6	1221.1	1	1	1
601	6	1288	1	1	1
601	6	1439.2	1	1	1
601	6	1321.2	1	1	1
601	6	1534.1	1	1	1
601	6	1263	1	1	1
601	6	1023.3	1	1	1
601	6	1191.1	1	1	1
601	6	1184.2	1	1	1
601	6	1941.1	1	1	1
601	6	1538.2	1	1	1
601	6	1080.6	1	1	1
601	6	933.37	1	1	1
601	6	1768.5	1	1	1
601	6	1091.3	1	1	1
601	6	689.35	1	1	1
601	6	1118.6	1	1	1
601	6	1041.6	1	1	1
601	6	1118.7	1	1	1
601	6	920.31	1	1	1
601	6	1829.3	1	1	1
601	6	976.31	1	1	1
601	6	1043.5	1	1	1
601	6	1114	1	1	1
601	6	1515.4	1	1	1
601	6	1829.6	1	1	1
601	6	1616	1	1	1
601	6	1235	1	1	1
601	6	1758.2	0	1	1
601	6	1676.4	1	1	1
601	6	2438.3	0	1	1
601	6	3047.8	1	1	1
601	6	1022.2	1	1	1
601	6	1113.5	1	1	1
601	6	1087.2	1	1	1
601	6	1313.8	1	1	1
601	6	1147.4	1	1	1
601	6	997.07	1	1	1
601	6	1627.6	1	1	1
601	6	1232.4	1	1	1
601	6	1594.3	1	1	1
601	6	1526.2	0	1	1
601	6	995.4	1	1	1
601	6	1121.3	1	1	1
601	6	1027.4	1	1	1
601	6	1098.6	1	1	1
601	6	1087.7	1	1	1
601	6	1396.5	1	1	1
601	6	1082.3	1	1	1
601	6	1016.9	1	1	1
601	6	1424.5	1	1	1
601	6	992.15	1	1	1
601	6	1080	1	1	1
601	6	1900.1	1	1	1
601	6	1481.7	1	1	1
601	6	1006.7	1	1	1
601	6	873.17	1	1	1
601	6	1329.2	1	1	1
601	6	1055.9	1	1	1
601	6	915.02	1	1	1
601	6	1225.7	1	1	1
601	6	1040.6	1	1	1
601	6	1305.8	1	1	1
601	6	1634.2	1	1	1
601	6	1536.9	1	1	1
601	6	1127.3	1	1	1
601	6	1279	1	1	1
601	6	1346.3	1	1	1
601	6	1406.1	1	1	1
601	6	1691.1	1	1	1
601	6	1371	1	1	1
601	6	2767.9	1	1	1
601	6	1748.8	1	1	1
601	6	1936.9	1	1	1
601	6	1702.6	1	1	1
601	6	2535.6	1	1	1
601	6	1701.5	1	1	1
601	6	1282.5	1	1	1
601	6	1445.3	1	1	1
601	6	1156.7	1	1	1
601	6	1326.4	1	1	1
601	6	1373.5	1	1	1
601	6	1564.3	1	1	1
601	6	1489.2	1	1	1
601	6	2042.5	1	1	1
601	6	1394.6	1	1	1
601	6	1833.3	1	1	1
601	6	1218.7	1	1	1
601	6	2081	1	1	1
601	6	1459.6	1	1	1
601	6	1447.2	1	1	1
601	6	1291.8	1	1	1
601	6	1524.6	1	1	1
601	6	1328.2	1	1	1
601	6	1421.9	1	1	1
601	6	1135.8	1	1	1
601	6	1115.6	1	1	1
601	6	1185.6	1	1	1
601	6	1228	1	1	1
601	6	1267.9	1	1	1
601	6	2945.3	1	1	1
601	6	1406.4	1	1	1
601	6	1329.1	1	1	1
601	6	1520.5	1	1	1
601	6	1267.1	1	1	1
601	6	3233.5	1	1	1
601	6	1311.6	1	1	1
601	6	2081.4	1	1	1
601	6	1241.5	1	1	1
601	6	1239.9	1	1	1
601	6	1532	1	1	1
601	6	1524	1	1	1
601	6	1078	1	1	1
601	6	1237.5	1	1	1
601	6	1597.6	1	1	1
601	6	1174.2	1	1	1
601	6	1259.4	1	1	1
601	6	1264.5	1	1	1
601	6	1124.9	1	1	1
601	6	1279.8	1	1	1
601	6	1421.8	1	1	1
601	6	1084.2	1	1	1
601	6	1232	1	1	1
601	6	1206.8	1	1	1
601	6	1116.2	1	1	1
601	6	1352.1	1	1	1
601	6	1050.1	1	1	1
601	6	1217	1	1	1
601	6	1254.2	1	1	1
601	6	1241.8	1	1	1
601	6	1133.4	1	1	1
601	6	1211.1	1	1	1
601	6	1645.5	1	1	1
601	6	1004.8	1	1	1
601	6	1079.5	1	1	1
601	6	1306	1	1	1
601	6	1047.8	1	1	1
601	6	1186.6	1	1	1
601	6	1358.1	1	1	1
601	6	1215.6	1	1	1
601	6	1206.5	1	1	1
601	6	1072.5	1	1	1
601	6	1744	1	1	1
601	6	1148.9	1	1	1
601	6	963.42	1	1	1
601	6	1155.8	1	1	1
601	6	1065	1	1	1
601	6	1068	1	1	1
601	6	1058.4	1	1	1
601	6	1237.9	1	1	1
601	6	1264.1	1	1	1
601	6	1031.3	1	1	1
601	6	2081.4	1	1	1
601	6	1137.8	1	1	1
601	6	1015.3	1	1	1
601	6	1053.6	1	1	1
601	6	1185.5	1	1	1
601	6	2027.1	1	1	1
601	6	1117.2	1	1	1
601	6	1207.6	1	1	1
601	6	1130.6	1	1	1
601	6	1384.9	1	1	1
601	6	1264.6	1	1	1
601	6	1200.4	1	1	1
601	6	1666.5	1	1	1
601	6	951.74	1	2	-1
601	6	1558.2	1	2	-1
601	6	1064.2	1	2	-1
601	6	1302.3	1	2	-1
601	6	2026.6	1	2	-1
601	6	2487.3	1	2	-1
601	6	1243.5	1	2	-1
601	6	947.35	1	2	-1
601	6	1280.3	1	2	-1
601	6	1136.5	1	2	-1
601	6	1176.9	1	2	-1
601	6	878.88	1	2	-1
601	6	897.66	1	2	-1
601	6	850.29	1	2	-1
601	6	1195.5	1	2	-1
601	6	976.07	1	2	-1
601	6	1130	1	2	-1
601	6	1376.9	1	2	-1
601	6	975.74	1	2	-1
601	6	870.43	1	2	-1
601	6	774.65	1	2	-1
601	6	913.08	1	2	-1
601	6	822.32	1	2	-1
601	6	952.68	1	2	-1
601	6	816.04	1	2	-1
601	6	1192.7	1	2	-1
601	6	1041.1	1	2	-1
601	6	1329	1	2	-1
601	6	775.99	1	2	-1
601	6	859.62	1	2	-1
601	6	2231.3	1	2	-1
601	6	1792.7	1	2	-1
601	6	773.44	1	2	-1
601	6	866.15	1	2	-1
601	6	1175.9	1	2	-1
601	6	691.43	1	2	-1
601	6	653.29	1	2	-1
601	6	917.36	1	2	-1
601	6	873.25	1	2	-1
601	6	699.52	1	2	-1
601	6	1121.5	1	2	-1
601	6	1120.6	1	2	-1
601	6	963.37	1	2	-1
601	6	877.33	1	2	-1
601	6	742.51	1	2	-1
601	6	926.65	1	2	-1
601	6	984.21	1	2	-1
601	6	743.82	1	2	-1
601	6	752.31	1	2	-1
601	6	831.99	1	2	-1
601	6	763.19	1	2	-1
601	6	1376.4	1	2	-1
601	6	726.13	1	2	-1
601	6	721.52	1	2	-1
601	6	657.17	1	2	-1
601	6	757.86	1	2	-1
601	6	977.37	1	2	-1
601	6	823.35	1	2	-1
601	6	816.16	1	2	-1
601	6	1014.8	1	2	-1
601	6	698.66	1	2	-1
601	6	946.52	1	2	-1
601	6	738.77	1	2	-1
601	6	768.49	1	2	-1
601	6	1557.2	1	2	-1
601	6	1391.3	1	2	-1
601	6	794.37	1	2	-1
601	6	734.82	1	2	-1
601	6	835.33	1	2	-1
601	6	1098.4	1	2	-1
601	6	775.68	1	2	-1
601	6	848.2	1	2	-1
601	6	766.71	1	2	-1
601	6	732.23	1	2	-1
601	6	611.04	1	2	-1
601	6	767.3	1	2	-1
601	6	920.97	1	2	-1
601	6	700.79	1	2	-1
601	6	751.81	1	2	-1
601	6	799.91	1	2	-1
601	6	804.46	1	2	-1
601	6	885.25	1	2	-1
601	6	794.46	1	2	-1
601	6	769.99	1	2	-1
601	6	578.36	1	2	-1
601	6	673.4	1	2	-1
601	6	860.58	1	2	-1
601	6	689.13	1	2	-1
601	6	1000.4	1	2	-1
601	6	1051.1	1	2	-1
601	6	638.55	1	2	-1
601	6	806.72	1	2	-1
601	6	703.86	1	2	-1
601	6	892.28	1	2	-1
601	6	763.33	1	2	-1
601	6	637.16	1	2	-1
601	6	610.78	1	2	-1
601	6	796.96	1	2	-1
601	6	649.68	1	2	-1
601	6	584.59	1	2	-1
601	6	1278.8	0	2	-1
601	6	686.66	1	2	-1
601	6	668.93	1	2	-1
601	6	1186	1	2	-1
601	6	1099.1	1	2	-1
601	6	796.68	1	2	-1
601	6	736.53	1	2	-1
601	6	720.53	1	2	-1
601	6	1904.2	1	2	-1
601	6	1221.8	1	2	-1
601	6	861.4	1	2	-1
601	6	937.01	1	2	-1
601	6	635.88	1	2	-1
601	6	622.05	1	2	-1
601	6	738.97	1	2	-1
601	6	541.41	1	2	-1
601	6	604.21	1	2	-1
601	6	1200.1	1	2	-1
601	6	733.34	1	2	-1
601	6	683.73	1	2	-1
601	6	1041.1	1	2	-1
601	6	698.66	1	2	-1
601	6	602.66	1	2	-1
601	6	624.73	1	2	-1
601	6	706.95	1	2	-1
601	6	903.54	1	2	-1
601	6	656.19	1	2	-1
601	6	663.19	1	2	-1
601	6	582.26	1	2	-1
601	6	575.65	1	2	-1
601	6	609.51	1	2	-1
601	6	1062.3	0	2	-1
601	6	594.14	1	2	-1
601	6	797.75	1	2	-1
601	6	1142.3	0	2	-1
601	6	1086.9	1	2	-1
601	6	600.98	1	2	-1
601	6	597.41	1	2	-1
601	6	625.75	1	2	-1
601	6	609.03	1	2	-1
601	6	879.48	1	2	-1
601	6	637.27	1	2	-1
601	6	690.29	1	2	-1
601	6	645.52	1	2	-1
601	6	890.38	1	2	-1
601	6	592.96	1	2	-1
601	6	1196.6	0	2	-1
601	6	585.87	1	2	-1
601	6	597.95	1	2	-1
601	6	822.48	1	2	-1
601	6	695.81	1	2	-1
601	6	683.36	1	2	-1
601	6	1115.1	1	2	-1
601	6	1059.8	1	2	-1
601	6	583.04	1	2	-1
601	6	673.79	1	2	-1
601	6	644.45	1	2	-1
601	6	649.35	1	2	-1
601	6	580.99	1	2	-1
601	6	687.61	1	2	-1
601	6	813.4	1	2	-1
601	6	631.51	1	2	-1
601	6	690.16	1	2	-1
601	6	739.6	1	2	-1
601	6	713.2	1	2	-1
601	6	707.92	1	2	-1
601	6	601.59	1	2	-1
601	6	719.56	1	2	-1
601	6	572	1	2	-1
601	6	1124.1	0	2	-1
601	6	867.88	1	2	-1
601	6	720.36	1	2	-1
601	6	911.85	1	2	-1
601	6	1370.5	1	2	-1
601	6	1122.6	1	2	-1
601	6	754.3	1	2	-1
601	6	711.98	1	2	-1
601	6	754.46	1	2	-1
601	6	910.79	1	2	-1
601	6	1168.9	1	2	-1
601	6	926.33	1	2	-1
601	6	655.13	1	2	-1
601	6	640.4	1	2	-1
601	6	871	1	2	-1
601	6	2037.3	1	2	-1
601	6	1231.5	1	2	-1
601	6	1035	1	2	-1
601	6	755.87	1	2	-1
601	6	1190.8	1	2	-1
601	6	1161.5	1	2	-1
601	6	1984.8	1	2	-1
601	6	633.76	1	2	-1
601	6	1098	1	2	-1
601	6	1392.2	0	2	-1
601	6	1580.9	1	2	-1
601	6	974.91	1	2	-1
601	6	632.19	1	2	-1
601	6	672.08	1	2	-1
601	6	643.56	1	2	-1
601	6	943.78	1	2	-1
601	6	1001.6	1	2	-1
601	6	759.9	1	2	-1
601	6	726.67	1	2	-1
601	6	659.97	1	2	-1
601	6	1410.9	1	2	-1
601	6	620.22	1	2	-1
601	6	679.69	1	2	-1
601	6	995.88	1	2	-1
601	6	1133	1	2	-1
601	6	720.78	1	2	-1
601	6	1022.3	1	2	-1
601	6	677.05	1	2	-1
601	6	813.71	1	2	-1
601	6	697.2	1	2	-1
601	6	945.27	1	2	-1
601	6	705.53	1	2	-1
601	6	828.62	1	2	-1
601	6	864.15	1	2	-1
601	6	757.39	1	2	-1
601	6	858.17	1	2	-1
601	6	676.1	1	2	-1
601	6	823.38	1	2	-1
601	6	695.11	1	2	-1
601	6	831.35	1	2	-1
601	6	701.34	1	2	-1
601	6	755.47	1	2	-1
601	6	1091.1	1	2	-1
601	6	809.53	1	2	-1
601	6	668.56	1	2	-1
601	6	655.85	1	2	-1
601	6	1248.4	1	2	-1
601	6	635.7	1	2	-1
601	6	636.81	1	2	-1
601	6	693.46	1	2	-1
601	6	852.43	1	2	-1
601	6	801.17	1	2	-1
601	6	723.75	1	2	-1
601	6	876.57	1	2	-1
601	6	904.75	1	2	-1
601	6	717.42	1	2	-1
601	6	748.25	1	2	-1
601	6	773.63	1	2	-1
601	6	710.92	1	2	-1
601	6	921.52	1	2	-1
601	6	796.23	1	2	-1
601	6	1066.5	1	2	-1
601	6	2933.8	1	2	-1
601	6	1161.8	1	2	-1
601	6	818.98	1	2	-1
601	6	656.97	1	2	-1
601	6	1184.2	1	2	-1
601	6	792.73	1	2	-1
601	6	774.47	1	2	-1
601	6	964.46	1	2	-1
601	6	1205.2	1	2	-1
601	6	2125.6	1	2	-1
601	6	1083.5	1	2	-1
601	6	863.46	1	2	-1
601	6	1207	1	2	-1
601	6	1041.4	1	2	-1
601	6	716.49	1	2	-1
601	6	864.75	1	2	-1
601	6	798.21	1	2	-1
601	6	1356.8	1	2	-1
601	6	1180	1	2	-1
601	6	914.8	1	2	-1
601	6	1776.6	1	2	-1
601	6	720.18	1	2	-1
601	6	1008	1	2	-1
601	6	829.38	1	2	-1
601	6	832.84	1	2	-1
601	6	859.41	1	2	-1
601	6	863.19	1	2	-1
601	6	1062.9	1	2	-1
601	6	919.46	1	2	-1
601	6	946.86	1	2	-1
601	6	908.88	1	2	-1
601	6	918.93	1	2	-1
601	6	782.7	1	2	-1
601	6	1167.4	1	2	-1
601	6	757.04	1	2	-1
601	6	775.09	1	2	-1
601	6	1052.9	1	2	-1
601	6	845.4	1	2	-1
601	6	1048.5	1	2	-1
601	6	1618.1	1	2	-1
601	6	828.57	1	2	-1
601	6	831.16	1	2	-1
601	6	1041.2	1	2	-1
601	6	898.81	1	2	-1
601	6	1483.6	1	2	-1
601	6	780.15	1	2	-1
601	6	818.93	1	2	-1
601	6	690.22	1	2	-1
601	6	753.8	1	2	-1
601	6	689.61	1	2	-1
601	6	801.62	1	2	-1
601	6	918.49	1	2	-1
601	6	733.07	1	2	-1
601	6	955.68	1	2	-1
601	6	636.31	1	2	-1
601	6	808.29	1	2	-1
601	6	559.58	1	2	-1
601	6	649.85	1	2	-1
601	6	813.29	1	2	-1
601	6	635.52	1	2	-1
601	6	710.71	1	2	-1
601	6	867.54	1	2	-1
601	6	706.97	1	2	-1
601	6	671.58	1	2	-1
601	6	855.35	1	2	-1
601	6	684.29	1	2	-1
601	6	853.94	1	2	-1
601	6	1698.3	1	2	-1
601	6	1266.2	1	2	-1
601	6	1351.5	1	2	-1
601	6	683.6	1	2	-1
601	6	965.79	1	2	-1
601	6	782.44	1	2	-1
601	6	797.4	1	2	-1
601	6	781.14	1	2	-1
601	6	757.72	1	2	-1
601	6	635.85	1	2	-1
601	6	1187.9	1	2	-1
601	6	735.48	1	2	-1
601	6	789.99	1	2	-1
601	6	978.1	1	2	-1
601	6	650.79	1	2	-1
601	6	686.33	1	2	-1
601	6	1087.4	1	2	-1
601	6	825.65	1	2	-1
601	6	787.94	1	2	-1
601	6	869.08	1	2	-1
601	6	1402.2	1	2	-1
601	6	766.62	1	2	-1
601	6	713	1	2	-1
601	6	740.65	1	2	-1
601	6	898.28	1	2	-1
601	6	893.54	1	2	-1
601	6	707.65	1	2	-1
601	6	742.2	1	2	-1
601	6	747.39	1	2	-1
601	6	1005.6	1	2	-1
601	6	748.95	1	2	-1
601	6	1717.4	1	2	-1
601	6	757.87	1	2	-1
601	6	713.02	1	2	-1
601	6	957.67	1	2	-1
601	6	770.39	1	2	-1
601	6	789.49	1	2	-1
601	6	952.01	1	1	-1
601	6	3461.1	1	1	-1
601	6	1233.6	1	1	-1
601	6	890.29	1	1	-1
601	6	805.63	1	1	-1
601	6	1052	1	1	-1
601	6	1097.5	1	1	-1
601	6	1471.3	1	1	-1
601	6	1013.1	1	1	-1
601	6	1425	1	1	-1
601	6	2194.9	1	1	-1
601	6	881.03	1	1	-1
601	6	1056.1	1	1	-1
601	6	987.67	1	1	-1
601	6	1024.2	1	1	-1
601	6	1278.3	1	1	-1
601	6	920.14	1	1	-1
601	6	942.52	1	1	-1
601	6	786.86	1	1	-1
601	6	1134.2	1	1	-1
601	6	832.16	1	1	-1
601	6	825.88	1	1	-1
601	6	623.59	1	1	-1
601	6	1761.4	1	1	-1
601	6	847.53	1	1	-1
601	6	718.23	1	1	-1
601	6	816.81	1	1	-1
601	6	1077.5	1	1	-1
601	6	885.53	1	1	-1
601	6	980.1	1	1	-1
601	6	857.67	1	1	-1
601	6	1110.7	1	1	-1
601	6	1280.6	1	1	-1
601	6	964.01	1	1	-1
601	6	748.35	1	1	-1
601	6	1245.3	1	1	-1
601	6	803.03	1	1	-1
601	6	874.05	1	1	-1
601	6	949.41	1	1	-1
601	6	1352.6	1	1	-1
601	6	865.81	1	1	-1
601	6	747.4	1	1	-1
601	6	1022.7	1	1	-1
601	6	849.99	1	1	-1
601	6	785.89	1	1	-1
601	6	722.55	1	1	-1
601	6	633.41	1	1	-1
601	6	621.11	1	1	-1
601	6	824.47	1	1	-1
601	6	833.58	1	1	-1
601	6	905.74	1	1	-1
601	6	1625.6	1	1	-1
601	6	832.41	1	1	-1
601	6	780.85	1	1	-1
601	6	886.24	1	1	-1
601	6	773.51	1	1	-1
601	6	1385.6	1	1	-1
601	6	974.68	1	1	-1
601	6	792.88	1	1	-1
601	6	657.56	1	1	-1
601	6	710.19	1	1	-1
601	6	695.37	1	1	-1
601	6	681.02	1	1	-1
601	6	740.54	1	1	-1
601	6	747.08	1	1	-1
601	6	670.43	1	1	-1
601	6	1263	1	1	-1
601	6	766.08	1	1	-1
601	6	843.67	1	1	-1
601	6	911.65	1	1	-1
601	6	1510.7	1	1	-1
601	6	974.92	1	1	-1
601	6	816.09	1	1	-1
601	6	652.26	1	1	-1
601	6	705.17	1	1	-1
601	6	970.73	1	1	-1
601	6	795.94	1	1	-1
601	6	1172.4	1	1	-1
601	6	727.95	1	1	-1
601	6	733.6	1	1	-1
601	6	1249.8	1	1	-1
601	6	815.3	1	1	-1
601	6	1301.3	1	1	-1
601	6	633.54	1	1	-1
601	6	825.69	1	1	-1
601	6	872.22	1	1	-1
601	6	692.17	1	1	-1
601	6	702.06	1	1	-1
601	6	570.38	1	1	-1
601	6	669.42	1	1	-1
601	6	746.3	1	1	-1
601	6	725.24	1	1	-1
601	6	652.92	1	1	-1
601	6	668.06	1	1	-1
601	6	951.76	1	1	-1
601	6	653.21	1	1	-1
601	6	707.78	1	1	-1
601	6	631	1	1	-1
601	6	687.26	1	1	-1
601	6	754.91	1	1	-1
601	6	586.42	1	1	-1
601	6	636.73	1	1	-1
601	6	606.17	1	1	-1
601	6	864.61	1	1	-1
601	6	748.01	1	1	-1
601	6	1040.3	1	1	-1
601	6	1004	1	1	-1
601	6	636.76	1	1	-1
601	6	735.67	1	1	-1
601	6	655.38	1	1	-1
601	6	609.31	1	1	-1
601	6	640.82	1	1	-1
601	6	505.7	1	1	-1
601	6	741.42	1	1	-1
601	6	531.53	1	1	-1
601	6	786.97	1	1	-1
601	6	574.92	1	1	-1
601	6	567.85	1	1	-1
601	6	530.48	1	1	-1
601	6	662.05	1	1	-1
601	6	653.96	1	1	-1
601	6	628.84	1	1	-1
601	6	887.38	1	1	-1
601	6	882.11	1	1	-1
601	6	642.38	1	1	-1
601	6	625.08	1	1	-1
601	6	661.43	1	1	-1
601	6	602.35	1	1	-1
601	6	648.87	1	1	-1
601	6	651.04	1	1	-1
601	6	590.75	1	1	-1
601	6	580.34	1	1	-1
601	6	1186	1	1	-1
601	6	790.98	1	1	-1
601	6	643.98	1	1	-1
601	6	710.49	1	1	-1
601	6	655.93	1	1	-1
601	6	904.95	1	1	-1
601	6	637.72	1	1	-1
601	6	722.62	1	1	-1
601	6	653.13	1	1	-1
601	6	859.4	1	1	-1
601	6	615.14	1	1	-1
601	6	624.61	1	1	-1
601	6	791.15	1	1	-1
601	6	922.99	1	1	-1
601	6	727.65	1	1	-1
601	6	1528.1	1	1	-1
601	6	1114.7	1	1	-1
601	6	619.6	1	1	-1
601	6	853.24	1	1	-1
601	6	855.35	1	1	-1
601	6	1715.9	1	1	-1
601	6	940.59	1	1	-1
601	6	1478.4	1	1	-1
601	6	613.02	1	1	-1
601	6	962.38	1	1	-1
601	6	658.11	1	1	-1
601	6	529.73	1	1	-1
601	6	1087.7	1	1	-1
601	6	643.67	1	1	-1
601	6	626.63	1	1	-1
601	6	1212.5	0	1	-1
601	6	846.48	1	1	-1
601	6	534.06	1	1	-1
601	6	750.73	1	1	-1
601	6	1227.9	1	1	-1
601	6	1045.5	1	1	-1
601	6	661.54	1	1	-1
601	6	639.69	1	1	-1
601	6	748.76	1	1	-1
601	6	1215.2	1	1	-1
601	6	936.96	1	1	-1
601	6	717.49	1	1	-1
601	6	921.39	1	1	-1
601	6	796.15	1	1	-1
601	6	680.23	1	1	-1
601	6	816.67	1	1	-1
601	6	1185.2	1	1	-1
601	6	751.39	1	1	-1
601	6	606.7	1	1	-1
601	6	962.24	1	1	-1
601	6	1356.8	1	1	-1
601	6	651.51	1	1	-1
601	6	787.04	1	1	-1
601	6	686.85	1	1	-1
601	6	847.58	1	1	-1
601	6	1066.1	1	1	-1
601	6	776.85	1	1	-1
601	6	2400.8	1	1	-1
601	6	1067.8	1	1	-1
601	6	672.88	1	1	-1
601	6	769.74	1	1	-1
601	6	1798.7	1	1	-1
601	6	1414.2	1	1	-1
601	6	1117.2	1	1	-1
601	6	672.1	1	1	-1
601	6	778.52	1	1	-1
601	6	1260	1	1	-1
601	6	1295.4	1	1	-1
601	6	826.48	1	1	-1
601	6	692.55	1	1	-1
601	6	722.33	1	1	-1
601	6	612.8	1	1	-1
601	6	746.02	1	1	-1
601	6	952.35	1	1	-1
601	6	1438.4	1	1	-1
601	6	617.71	1	1	-1
601	6	791.86	1	1	-1
601	6	733.7	1	1	-1
601	6	801.57	1	1	-1
601	6	643.62	1	1	-1
601	6	951.09	1	1	-1
601	6	1378.8	0	1	-1
601	6	702.17	1	1	-1
601	6	760.43	1	1	-1
601	6	691.81	1	1	-1
601	6	723.56	1	1	-1
601	6	794.13	1	1	-1
601	6	680.75	1	1	-1
601	6	782.79	1	1	-1
601	6	768.07	1	1	-1
601	6	922.82	1	1	-1
601	6	1353.4	1	1	-1
601	6	924.6	1	1	-1
601	6	879.33	1	1	-1
601	6	986.6	1	1	-1
601	6	759.01	1	1	-1
601	6	795.69	1	1	-1
601	6	615.35	1	1	-1
601	6	924.75	1	1	-1
601	6	753.73	1	1	-1
601	6	860.79	1	1	-1
601	6	1189.4	1	1	-1
601	6	845.91	1	1	-1
601	6	779.87	1	1	-1
601	6	660.91	1	1	-1
601	6	766.71	1	1	-1
601	6	968.03	1	1	-1
601	6	702.27	1	1	-1
601	6	737.9	1	1	-1
601	6	1080.3	1	1	-1
601	6	726.37	1	1	-1
601	6	734.57	1	1	-1
601	6	742.95	1	1	-1
601	6	644.59	1	1	-1
601	6	772.71	1	1	-1
601	6	745.99	1	1	-1
601	6	672.39	1	1	-1
601	6	836.15	1	1	-1
601	6	2136.9	1	1	-1
601	6	847.53	1	1	-1
601	6	801.29	1	1	-1
601	6	673.34	1	1	-1
601	6	708.53	1	1	-1
601	6	752.27	1	1	-1
601	6	1042.6	1	1	-1
601	6	1025.8	1	1	-1
601	6	987.96	1	1	-1
601	6	926.41	1	1	-1
601	6	752.89	1	1	-1
601	6	899.2	1	1	-1
601	6	689.46	1	1	-1
601	6	973.33	1	1	-1
601	6	1063.3	1	1	-1
601	6	876.94	1	1	-1
601	6	763.48	1	1	-1
601	6	1122.5	1	1	-1
601	6	926.28	1	1	-1
601	6	806.36	1	1	-1
601	6	924.62	1	1	-1
601	6	983.84	1	1	-1
601	6	990.36	1	1	-1
601	6	821.71	1	1	-1
601	6	894.55	1	1	-1
601	6	770.64	1	1	-1
601	6	915.42	1	1	-1
601	6	1193.1	1	1	-1
601	6	708.36	1	1	-1
601	6	688.52	1	1	-1
601	6	1184.4	1	1	-1
601	6	883.57	1	1	-1
601	6	1749.9	1	1	-1
601	6	1147.4	1	1	-1
601	6	833.25	1	1	-1
601	6	902.61	1	1	-1
601	6	988.4	1	1	-1
601	6	931.36	1	1	-1
601	6	761.7	1	1	-1
601	6	859.25	1	1	-1
601	6	910.94	1	1	-1
601	6	973.51	1	1	-1
601	6	1006.3	1	1	-1
601	6	758.14	1	1	-1
601	6	970.81	1	1	-1
601	6	821.37	1	1	-1
601	6	822.06	1	1	-1
601	6	978.56	1	1	-1
601	6	766.03	1	1	-1
601	6	726.4	1	1	-1
601	6	732.94	1	1	-1
601	6	676.47	1	1	-1
601	6	613.55	1	1	-1
601	6	714.18	1	1	-1
601	6	737.02	1	1	-1
601	6	763.28	1	1	-1
601	6	792.31	1	1	-1
601	6	911.45	1	1	-1
601	6	624.95	1	1	-1
601	6	631.69	1	1	-1
601	6	907.46	1	1	-1
601	6	785.2	1	1	-1
601	6	724.26	1	1	-1
601	6	620.8	1	1	-1
601	6	839.25	1	1	-1
601	6	912.58	1	1	-1
601	6	637.18	1	1	-1
601	6	809.03	1	1	-1
601	6	1109.4	1	1	-1
601	6	1143.8	1	1	-1
601	6	814.94	1	1	-1
601	6	663.69	1	1	-1
601	6	663.45	1	1	-1
601	6	740.47	1	1	-1
601	6	730.77	1	1	-1
601	6	657.75	1	1	-1
601	6	674.45	1	1	-1
601	6	856.21	1	1	-1
601	6	749.94	1	1	-1
601	6	850.54	1	1	-1
601	6	791.57	1	1	-1
601	6	707.89	1	1	-1
601	6	969.49	1	1	-1
601	6	922.95	1	1	-1
601	6	1063.1	1	1	-1
601	6	706.71	1	1	-1
601	6	815.56	1	1	-1
601	6	866.62	1	1	-1
601	6	899.51	1	1	-1
601	6	1061.1	1	1	-1
601	6	796.42	1	1	-1
601	6	635.22	1	1	-1
601	6	757.55	1	1	-1
601	6	1010.4	1	1	-1
601	6	863.44	1	1	-1
601	6	905.1	1	1	-1
601	6	1215.7	1	1	-1
601	6	884.97	1	1	-1
601	6	837.45	1	1	-1
601	6	691.23	1	1	-1
601	6	2406.4	1	-1	2
601	6	1894.6	1	-1	2
601	6	1993.4	0	-1	2
601	6	1397.2	1	-1	2
601	6	1429.4	1	-1	2
601	6	3221.9	1	-1	2
601	6	3236.3	1	-1	2
601	6	1513.3	1	-1	2
601	6	2187.2	1	-1	2
601	6	1882.3	1	-1	2
601	6	1674.9	1	-1	2
601	6	1693.4	1	-1	2
601	6	1297.9	1	-1	2
601	6	3614.4	0	-1	2
601	6	1581.5	1	-1	2
601	6	1205.7	1	-1	2
601	6	1893.1	1	-1	2
601	6	1971	1	-1	2
601	6	1626.2	1	-1	2
601	6	1258.5	1	-1	2
601	6	1271.2	1	-1	2
601	6	1112.9	1	-1	2
601	6	1534.1	1	-1	2
601	6	1532.8	1	-1	2
601	6	1971.9	0	-1	2
601	6	1723.2	1	-1	2
601	6	1605.2	1	-1	2
601	6	1569.2	1	-1	2
601	6	1102.2	1	-1	2
601	6	1551.2	1	-1	2
601	6	1618.8	1	-1	2
601	6	2459.4	1	-1	2
601	6	2326.4	1	-1	2
601	6	1590.6	1	-1	2
601	6	1762.1	1	-1	2
601	6	1622.3	1	-1	2
601	6	1779.2	1	-1	2
601	6	2438.8	1	-1	2
601	6	1327.4	1	-1	2
601	6	1908.9	0	-1	2
601	6	1465.2	1	-1	2
601	6	1452.2	1	-1	2
601	6	1197.4	1	-1	2
601	6	1935.7	1	-1	2
601	6	1190.2	1	-1	2
601	6	1676.8	1	-1	2
601	6	1186.2	1	-1	2
601	6	1316.3	1	-1	2
601	6	2308	1	-1	2
601	6	1464.4	1	-1	2
601	6	1371.8	1	-1	2
601	6	1241.4	1	-1	2
601	6	1577.7	0	-1	2
601	6	1288.9	1	-1	2
601	6	1457.8	1	-1	2
601	6	1444.3	1	-1	2
601	6	2226.2	1	-1	2
601	6	1377.1	1	-1	2
601	6	2441.9	0	-1	2
601	6	1042.4	1	-1	2
601	6	2082.5	1	-1	2
601	6	1429.7	1	-1	2
601	6	2070.3	0	-1	2
601	6	1238.7	1	-1	2
601	6	1868.2	1	-1	2
601	6	1154.4	1	-1	2
601	6	1552.1	1	-1	2
601	6	1355.3	1	-1	2
601	6	2194.8	0	-1	2
601	6	1640	1	-1	2
601	6	1313.6	1	-1	2
601	6	1167	1	-1	2
601	6	1280.5	1	-1	2
601	6	1769.9	1	-1	2
601	6	1500	1	-1	2
601	6	1141.9	1	-1	2
601	6	1653.5	1	-1	2
601	6	1319.6	1	-1	2
601	6	1034.2	1	-1	2
601	6	987.61	1	-1	2
601	6	1560.4	1	-1	2
601	6	1252.2	1	-1	2
601	6	1544	1	-1	2
601	6	1446.5	1	-1	2
601	6	1127	1	-1	2
601	6	1897.2	0	-1	2
601	6	1311.8	1	-1	2
601	6	1075.4	1	-1	2
601	6	1142	1	-1	2
601	6	1906.5	1	-1	2
601	6	1223.1	1	-1	2
601	6	1006.8	1	-1	2
601	6	1342.1	1	-1	2
601	6	1055.4	1	-1	2
601	6	1176.4	1	-1	2
601	6	1138.1	1	-1	2
601	6	2235.2	0	-1	2
601	6	1415.4	1	-1	2
601	6	1211	1	-1	2
601	6	1312.2	1	-1	2
601	6	959.19	1	-1	2
601	6	1252.4	1	-1	2
601	6	1172.4	1	-1	2
601	6	1084.8	1	-1	2
601	6	1623.4	0	-1	2
601	6	1271.5	1	-1	2
601	6	1155.1	1	-1	2
601	6	1522.5	1	-1	2
601	6	1100	1	-1	2
601	6	1727.8	0	-1	2
601	6	1161.2	0	-1	2
601	6	1092.4	1	-1	2
601	6	1074.7	1	-1	2
601	6	897.4	1	-1	2
601	6	1006.4	1	-1	2
601	6	1129.6	1	-1	2
601	6	1467.2	1	-1	2
601	6	1417.6	1	-1	2
601	6	1048.4	1	-1	2
601	6	1180.1	1	-1	2
601	6	992.8	1	-1	2
601	6	811.55	1	-1	2
601	6	1787.9	1	-1	2
601	6	1954.4	0	-1	2
601	6	1555.2	0	-1	2
601	6	876.96	1	-1	2
601	6	1432.7	1	-1	2
601	6	1269.6	1	-1	2
601	6	992.08	1	-1	2
601	6	1155.4	0	-1	2
601	6	1035.8	1	-1	2
601	6	1178.5	1	-1	2
601	6	969.97	1	-1	2
601	6	936.01	1	-1	2
601	6	905.04	1	-1	2
601	6	969.38	1	-1	2
601	6	1012.1	1	-1	2
601	6	1106.2	1	-1	2
601	6	1100.7	1	-1	2
601	6	1323.1	1	-1	2
601	6	963.78	1	-1	2
601	6	1217.1	1	-1	2
601	6	870.41	1	-1	2
601	6	1362.4	0	-1	2
601	6	1048.1	1	-1	2
601	6	923.32	1	-1	2
601	6	1278.1	1	-1	2
601	6	1155.8	1	-1	2
601	6	1305.8	1	-1	2
601	6	1490.2	1	-1	2
601	6	2962.4	0	-1	2
601	6	2745.8	0	-1	2
601	6	2353.7	0	-1	2
601	6	1000.9	1	-1	2
601	6	962.4	1	-1	2
601	6	1278.5	1	-1	2
601	6	1637.7	1	-1	2
601	6	1209.4	1	-1	2
601	6	1045.5	1	-1	2
601	6	879.35	1	-1	2
601	6	1450.7	1	-1	2
601	6	1328.1	1	-1	2
601	6	1038.1	1	-1	2
601	6	915.16	1	-1	2
601	6	2693.4	1	-1	2
601	6	934.56	1	-1	2
601	6	886.25	1	-1	2
601	6	1057.3	1	-1	2
601	6	1371.1	1	-1	2
601	6	961.11	1	-1	2
601	6	998.59	1	-1	2
601	6	1399.9	1	-1	2
601	6	2886.6	1	-1	2
601	6	1242.1	1	-1	2
601	6	1194.8	1	-1	2
601	6	887.47	1	-1	2
601	6	1318.7	1	-1	2
601	6	1069.4	1	-1	2
601	6	1129.8	1	-1	2
601	6	1505.4	1	-1	2
601	6	1226.5	1	-1	2
601	6	1004.9	1	-1	2
601	6	1043.6	1	-1	2
601	6	1515.1	1	-1	2
601	6	891.01	1	-1	2
601	6	1294.6	1	-1	2
601	6	1297	1	-1	2
601	6	1166.6	1	-1	2
601	6	1515.3	1	-1	2
601	6	1051.9	1	-1	2
601	6	1099.9	1	-1	2
601	6	1021.4	1	-1	2
601	6	1002.1	1	-1	2
601	6	976.57	0	-1	2
601	6	776.05	1	-1	2
601	6	1261.4	1	-1	2
601	6	1006.1	1	-1	2
601	6	690.05	1	-1	2
601	6	1309.8	0	-1	2
601	6	1030.9	1	-1	2
601	6	985.37	1	-1	2
601	6	833.45	1	-1	2
601	6	896.06	1	-1	2
601	6	747.31	1	-1	2
601	6	2566.6	1	-1	2
601	6	948.82	1	-1	2
601	6	1117.7	1	-1	2
601	6	1044.9	1	-1	2
601	6	1183.8	1	-1	2
601	6	921.2	1	-1	2
601	6	1430.4	1	-1	2
601	6	1287	1	-1	2
601	6	1484.7	1	-1	2
601	6	1592.6	1	-1	2
601	6	1144.6	1	-1	2
601	6	854.7	1	-1	2
601	6	948.93	1	-1	2
601	6	1131	1	-1	2
601	6	1100.9	1	-1	2
601	6	986.86	1	-1	2
601	6	891.54	1	-1	2
601	6	1573	1	-1	2
601	6	1122.5	1	-1	2
601	6	1524.5	1	-1	2
601	6	1013.4	1	-1	2
601	6	1144.9	1	-1	2
601	6	928.12	1	-1	2
601	6	1253.5	1	-1	2
601	6	1002.9	1	-1	2
601	6	991.82	1	-1	2
601	6	978.67	1	-1	2
601	6	948.99	1	-1	2
601	6	1051.1	1	-1	2
601	6	1013.2	1	-1	2
601	6	1363.2	1	-1	2
601	6	931.75	1	-1	2
601	6	1117.9	1	-1	2
601	6	1277.2	1	-1	2
601	6	2448.5	1	-1	2
601	6	940.85	1	-1	2
601	6	842.48	1	-1	2
601	6	1043.6	1	-1	2
601	6	1174.5	1	-1	2
601	6	996.45	1	-1	2
601	6	1233.6	1	-1	2
601	6	1461.8	1	-1	2
601	6	1057.5	1	-1	2
601	6	1003.1	1	-1	2
601	6	2751.7	1	-1	2
601	6	997.51	1	-1	2
601	6	1246.7	1	-1	2
601	6	900.15	1	-1	2
601	6	1100.7	1	-1	2
601	6	1035.7	1	-1	2
601	6	860.92	1	-1	2
601	6	1201.3	1	-1	2
601	6	953.51	1	-1	2
601	6	998.28	1	-1	2
601	6	2412.5	1	-1	2
601	6	1137.1	1	-1	2
601	6	1352.2	1	-1	2
601	6	1117.8	1	-1	2
601	6	2646.4	1	-1	2
601	6	1189.4	1	-1	2
601	6	1098.1	1	-1	2
601	6	1167.2	1	-1	2
601	6	1081.2	1	-1	2
601	6	1181.4	1	-1	2
601	6	1090.1	1	-1	2
601	6	996.12	1	-1	2
601	6	919.73	1	-1	2
601	6	1083	1	-1	2
601	6	1165.9	1	-1	2
601	6	1146.6	1	-1	2
601	6	1432.2	1	-1	2
601	6	965.72	1	-1	2
601	6	1103.8	1	-1	2
601	6	1257	1	-1	2
601	6	2245.4	1	-1	2
601	6	1286.2	1	-1	2
601	6	1033.3	1	-1	2
601	6	1176.3	1	-1	2
601	6	1077.5	1	-1	2
601	6	1133.6	1	-1	2
601	6	1102.4	1	-1	2
601	6	1621.8	1	-1	2
601	6	1164	1	-1	2
601	6	2002.3	1	-1	2
601	6	1255.2	1	-1	2
601	6	1408.6	1	-1	2
601	6	1059.7	1	-1	2
601	6	2446.4	1	-1	2
601	6	1521.3	1	-1	2
601	6	1588.2	1	-1	2
601	6	1251.7	1	-1	2
601	6	1310.8	1	-1	2
601	6	1444	1	-1	2
601	6	2913.6	1	-1	2
601	6	2903.5	1	-1	2
601	6	1043	1	-1	2
601	6	998.15	1	-1	2
601	6	831.68	1	-1	2
601	6	830.61	1	-1	2
601	6	898.15	1	-1	2
601	6	1035.4	1	-1	2
601	6	1017.7	1	-1	2
601	6	985.51	1	-1	2
601	6	783.35	1	-1	2
601	6	1534.9	1	-1	2
601	6	1622.6	1	-1	2
601	6	1016.6	1	-1	2
601	6	1602	1	-1	2
601	6	1713.1	1	-1	2
601	6	994.21	1	-1	2
601	6	2656.4	0	-1	2
601	6	1222.4	1	-1	2
601	6	1586.3	1	-1	2
601	6	1495.1	1	-1	2
601	6	1208.6	1	-1	2
601	6	1852.1	1	-1	2
601	6	1963.7	1	-1	2
601	6	1214	1	-1	2
601	6	904.55	1	-1	2
601	6	1103	1	-1	2
601	6	827.41	1	-1	2
601	6	896.09	1	-1	2
601	6	797.04	1	-1	2
601	6	995.44	1	-1	2
601	6	1894	1	-1	2
601	6	802.49	1	-1	2
601	6	1527.2	1	-1	2
601	6	920.66	0	-1	2
601	6	933.2	1	-1	2
601	6	1292.3	1	-1	2
601	6	1163.4	1	-1	2
601	6	1098.6	1	-1	2
601	6	1031.5	1	-1	2
601	6	1016.1	1	-1	2
601	6	1020.6	1	-1	2
601	6	992.43	1	-1	2
601	6	1275.7	1	-1	2
601	6	882.69	1	-1	2
601	6	1125.3	1	-1	2
601	6	1067.7	1	-1	2
601	6	962.88	1	-1	2
601	6	918.11	1	-1	2
601	6	1551.9	1	-1	2
601	6	1431.8	1	-1	2
601	6	896.11	1	-1	2
601	6	2875.5	1	-1	1
601	6	1457.7	1	-1	1
601	6	2346	1	-1	1
601	6	2253.4	0	-1	1
601	6	3314.1	1	-1	1
601	6	2133.2	1	-1	1
601	6	1672.1	1	-1	1
601	6	2175.8	1	-1	1
601	6	3102	0	-1	1
601	6	1467	1	-1	1
601	6	2454.8	1	-1	1
601	6	1840.2	1	-1	1
601	6	1848.9	1	-1	1
601	6	2751.8	1	-1	1
601	6	2945.9	1	-1	1
601	6	1564.1	1	-1	1
601	6	1635.2	1	-1	1
601	6	2598.9	0	-1	1
601	6	1474.1	1	-1	1
601	6	1681.9	1	-1	1
601	6	1415.2	1	-1	1
601	6	2073.8	0	-1	1
601	6	2047.8	1	-1	1
601	6	1420.2	1	-1	1
601	6	1467.8	1	-1	1
601	6	1319.5	1	-1	1
601	6	1423	1	-1	1
601	6	1971.6	1	-1	1
601	6	2390.2	0	-1	1
601	6	1272.9	1	-1	1
601	6	1247.1	1	-1	1
601	6	1839.9	1	-1	1
601	6	1604.4	1	-1	1
601	6	2770	1	-1	1
601	6	1677.6	1	-1	1
601	6	1337.6	1	-1	1
601	6	1504.5	1	-1	1
601	6	2803.4	0	-1	1
601	6	2081.4	1	-1	1
601	6	1407.4	1	-1	1
601	6	1670.6	1	-1	1
601	6	1435.6	1	-1	1
601	6	1570.4	1	-1	1
601	6	1241	1	-1	1
601	6	2741.5	1	-1	1
601	6	1212.2	1	-1	1
601	6	1651.9	1	-1	1
601	6	1613.7	1	-1	1
601	6	1473.4	1	-1	1
601	6	1816.6	1	-1	1
601	6	2614.5	1	-1	1
601	6	1836.9	1	-1	1
601	6	1210.6	1	-1	1
601	6	1287.3	1	-1	1
601	6	1954.5	1	-1	1
601	6	1201.1	1	-1	1
601	6	1351.3	1	-1	1
601	6	1770.8	1	-1	1
601	6	1315.3	1	-1	1
601	6	1285.2	1	-1	1
601	6	1659.8	1	-1	1
601	6	1457.1	1	-1	1
601	6	2307.6	0	-1	1
601	6	1220.3	1	-1	1
601	6	1778.7	1	-1	1
601	6	1123.8	1	-1	1
601	6	1039.7	1	-1	1
601	6	1298.1	1	-1	1
601	6	2390.9	1	-1	1
601	6	1160.6	1	-1	1
601	6	1449.8	1	-1	1
601	6	1530.1	1	-1	1
601	6	1621.7	1	-1	1
601	6	1209.8	1	-1	1
601	6	1614	1	-1	1
601	6	1132.1	1	-1	1
601	6	1254.1	1	-1	1
601	6	1898.5	1	-1	1
601	6	1448.5	1	-1	1
601	6	947.91	1	-1	1
601	6	1763.8	1	-1	1
601	6	2034.5	0	-1	1
601	6	1081	1	-1	1
601	6	1154.4	1	-1	1
601	6	1385.1	1	-1	1
601	6	1215.6	1	-1	1
601	6	1093.6	1	-1	1
601	6	1125.9	1	-1	1
601	6	1187.6	1	-1	1
601	6	1205.7	1	-1	1
601	6	1439.4	1	-1	1
601	6	1138.9	1	-1	1
601	6	1633.2	0	-1	1
601	6	1592.8	1	-1	1
601	6	1454.1	1	-1	1
601	6	1625.8	1	-1	1
601	6	1235.7	1	-1	1
601	6	1047.9	1	-1	1
601	6	1157.3	1	-1	1
601	6	1411.5	1	-1	1
601	6	1101.9	1	-1	1
601	6	1236.7	1	-1	1
601	6	1107.5	1	-1	1
601	6	1239.8	1	-1	1
601	6	1034	1	-1	1
601	6	1234.3	1	-1	1
601	6	1662.6	1	-1	1
601	6	2796.2	1	-1	1
601	6	1659.3	1	-1	1
601	6	1110	1	-1	1
601	6	1244.4	1	-1	1
601	6	1036.7	1	-1	1
601	6	1967.6	0	-1	1
601	6	2050.9	0	-1	1
601	6	1416.3	1	-1	1
601	6	1279.1	1	-1	1
601	6	1161.3	1	-1	1
601	6	1133.9	1	-1	1
601	6	1105	1	-1	1
601	6	1082.9	1	-1	1
601	6	1379.4	1	-1	1
601	6	1193.2	1	-1	1
601	6	1151.3	1	-1	1
601	6	1116.6	1	-1	1
601	6	1045.9	1	-1	1
601	6	900.64	1	-1	1
601	6	1063.8	1	-1	1
601	6	1011.8	1	-1	1
601	6	1127.7	1	-1	1
601	6	1038.9	1	-1	1
601	6	952.34	1	-1	1
601	6	1018.5	1	-1	1
601	6	1029.9	1	-1	1
601	6	1049	1	-1	1
601	6	1140.4	1	-1	1
601	6	1220.9	1	-1	1
601	6	956.89	1	-1	1
601	6	1463.7	1	-1	1
601	6	948.18	1	-1	1
601	6	1198.3	1	-1	1
601	6	1033.3	1	-1	1
601	6	1139.1	1	-1	1
601	6	1035.3	1	-1	1
601	6	1090.6	1	-1	1
601	6	1030.8	1	-1	1
601	6	1369.6	1	-1	1
601	6	1021.1	1	-1	1
601	6	1053.2	1	-1	1
601	6	1531.9	1	-1	1
601	6	2579.1	1	-1	1
601	6	1132.8	1	-1	1
601	6	2550.7	0	-1	1
601	6	2089.6	0	-1	1
601	6	1480.2	1	-1	1
601	6	1124.2	1	-1	1
601	6	1754	1	-1	1
601	6	1069.7	1	-1	1
601	6	1130.3	1	-1	1
601	6	1230.7	1	-1	1
601	6	1238.8	1	-1	1
601	6	927.78	1	-1	1
601	6	990.4	1	-1	1
601	6	1006.8	1	-1	1
601	6	1046.6	1	-1	1
601	6	895.31	1	-1	1
601	6	1111.6	1	-1	1
601	6	908.6	1	-1	1
601	6	1353.2	1	-1	1
601	6	1325.8	1	-1	1
601	6	1187.7	1	-1	1
601	6	915.61	1	-1	1
601	6	1222	1	-1	1
601	6	1116.8	1	-1	1
601	6	1490.1	1	-1	1
601	6	1202.6	1	-1	1
601	6	1224.8	1	-1	1
601	6	1106.6	1	-1	1
601	6	1165	1	-1	1
601	6	1067.9	1	-1	1
601	6	2156.6	1	-1	1
601	6	1007	1	-1	1
601	6	1762.8	0	-1	1
601	6	1231.3	1	-1	1
601	6	1391.7	1	-1	1
601	6	1538	1	-1	1
601	6	1162.6	1	-1	1
601	6	1264.9	1	-1	1
601	6	979.53	1	-1	1
601	6	1208.9	1	-1	1
601	6	893.99	1	-1	1
601	6	1247.9	1	-1	1
601	6	1528.9	1	-1	1
601	6	1306.7	1	-1	1
601	6	1385.1	1	-1	1
601	6	1129	1	-1	1
601	6	841.41	1	-1	1
601	6	957.14	1	-1	1
601	6	863.51	1	-1	1
601	6	1153.2	1	-1	1
601	6	932.58	1	-1	1
601	6	1325.8	1	-1	1
601	6	854.98	1	-1	1
601	6	1185.8	1	-1	1
601	6	1055.9	1	-1	1
601	6	2176.2	1	-1	1
601	6	1072.5	1	-1	1
601	6	1557	1	-1	1
601	6	1425.5	1	-1	1
601	6	1133.8	1	-1	1
601	6	1954.1	1	-1	1
601	6	1426.6	1	-1	1
601	6	1268.3	1	-1	1
601	6	1096.5	1	-1	1
601	6	1174.9	1	-1	1
601	6	1203.9	1	-1	1
601	6	1436	1	-1	1
601	6	1162.6	1	-1	1
601	6	1095.1	1	-1	1
601	6	1001.6	1	-1	1
601	6	1009	1	-1	1
601	6	1039.8	1	-1	1
601	6	1483.5	1	-1	1
601	6	1266.7	1	-1	1
601	6	1035.7	1	-1	1
601	6	938.98	1	-1	1
601	6	1024.5	1	-1	1
601	6	1204.6	1	-1	1
601	6	1145.2	1	-1	1
601	6	1520.3	1	-1	1
601	6	1129.3	1	-1	1
601	6	2246.5	1	-1	1
601	6	1119	1	-1	1
601	6	1435.3	1	-1	1
601	6	918.38	1	-1	1
601	6	1065.2	1	-1	1
601	6	1446.2	1	-1	1
601	6	907.93	1	-1	1
601	6	1041.9	1	-1	1
601	6	2253	1	-1	1
601	6	1240.6	1	-1	1
601	6	1007.5	1	-1	1
601	6	1202.3	1	-1	1
601	6	2285	1	-1	1
601	6	1067.6	1	-1	1
601	6	1326.8	1	-1	1
601	6	972.21	1	-1	1
601	6	947.47	1	-1	1
601	6	1355.9	1	-1	1
601	6	1154.8	1	-1	1
601	6	1098.8	1	-1	1
601	6	1323.6	1	-1	1
601	6	3260	1	-1	1
601	6	1241.8	1	-1	1
601	6	941.12	1	-1	1
601	6	1023.2	1	-1	1
601	6	1365.2	1	-1	1
601	6	1812.6	1	-1	1
601	6	3535.9	1	-1	1
601	6	1610.3	1	-1	1
601	6	2770.1	1	-1	1
601	6	1106.2	1	-1	1
601	6	2389	1	-1	1
601	6	1367.1	1	-1	1
601	6	2628.4	1	-1	1
601	6	1747.1	1	-1	1
601	6	1262.8	1	-1	1
601	6	1790.6	1	-1	1
601	6	1217.5	1	-1	1
601	6	1190.7	1	-1	1
601	6	1352.4	1	-1	1
601	6	1343.5	1	-1	1
601	6	1944.5	1	-1	1
601	6	1101.5	1	-1	1
601	6	1219.1	1	-1	1
601	6	1151.4	1	-1	1
601	6	1212.5	1	-1	1
601	6	1161.8	1	-1	1
601	6	1076.8	1	-1	1
601	6	1469.5	1	-1	1
601	6	1238.3	1	-1	1
601	6	1280.5	1	-1	1
601	6	1025.9	1	-1	1
601	6	1423.6	1	-1	1
601	6	3306.2	1	-1	1
601	6	2254.5	1	-1	1
601	6	1443.1	1	-1	1
601	6	1348	1	-1	1
601	6	1358.4	1	-1	1
601	6	1178.8	1	-1	1
601	6	2100.7	1	-1	1
601	6	1664.1	1	-1	1
601	6	1096.8	1	-1	1
601	6	1336.5	1	-1	1
601	6	1771.6	1	-1	1
601	6	2689.3	1	-1	1
601	6	1067.6	1	-1	1
601	6	1419.8	1	-1	1
601	6	1184.4	1	-1	1
601	6	1429.8	1	-1	1
601	6	1347.9	1	-1	1
601	6	1106.9	1	-1	1
601	6	1041	1	-1	1
601	6	979.13	1	-1	1
601	6	768.87	1	-1	1
601	6	954.85	1	-1	1
601	6	957.22	1	-1	1
601	6	1124	1	-1	1
601	6	3451.7	0	-1	1
601	6	1122.4	1	-1	1
601	6	1294.1	1	-1	1
601	6	2210.4	1	-1	1
601	6	1582.2	1	-1	1
601	6	1071	1	-1	1
601	6	1657.7	1	-1	1
601	6	1101.7	1	-1	1
601	6	1738.3	1	-1	1
601	6	1325.6	1	-1	1
601	6	1002.4	1	-1	1
601	6	2532.4	1	-1	1
601	6	1184	1	-1	1
601	6	956.81	1	-1	1
601	6	2576	0	-1	1
601	6	1183.4	1	-1	1
601	6	1223.9	1	-1	1
601	6	1100.7	1	-1	1
601	6	874.09	1	-1	1
601	6	1338.3	1	-1	1
601	6	1067.7	1	-1	1
601	6	1086.9	1	-1	1
601	6	914.32	1	-1	1
601	6	2762.9	1	-1	1
601	6	2898.1	1	-1	1
601	6	1180.7	1	-1	1
601	6	1078.5	1	-1	1
601	6	1284.2	1	-1	1
601	6	1278.1	1	-1	1
601	6	1193.8	1	-1	1
601	6	1085.2	1	-1	1
601	6	1336.7	1	-1	1
601	6	1121.2	1	-1	1
601	6	1182.7	1	-1	1
601	6	1564.1	1	-1	1
601	6	1161.9	1	-1	1
601	6	1152.6	1	-1	1
601	6	1252.1	1	-1	1
601	6	1920.5	1	-1	1
601	6	1010.1	1	-1	1
601	6	1350.8	1	-1	1
601	6	1270.4	1	-1	1
601	6	1222.8	1	-1	-1
601	6	919.05	1	-1	-1
601	6	1317.5	1	-1	-1
601	6	1552.4	1	-1	-1
601	6	984.57	1	-1	-1
601	6	1325.6	1	-1	-1
601	6	1076.1	1	-1	-1
601	6	1848.5	1	-1	-1
601	6	930.06	1	-1	-1
601	6	784.55	1	-1	-1
601	6	2255.7	1	-1	-1
601	6	1054.9	1	-1	-1
601	6	1363.1	1	-1	-1
601	6	1149.9	1	-1	-1
601	6	938.64	1	-1	-1
601	6	1025.1	1	-1	-1
601	6	2241.2	1	-1	-1
601	6	963.3	1	-1	-1
601	6	927.92	1	-1	-1
601	6	835.9	1	-1	-1
601	6	663.26	1	-1	-1
601	6	697.97	1	-1	-1
601	6	792.71	1	-1	-1
601	6	1032.7	1	-1	-1
601	6	873.8	1	-1	-1
601	6	1158.7	1	-1	-1
601	6	1055.1	1	-1	-1
601	6	741.7	1	-1	-1
601	6	719.27	1	-1	-1
601	6	840.54	1	-1	-1
601	6	705.13	1	-1	-1
601	6	1886.6	1	-1	-1
601	6	1042.2	1	-1	-1
601	6	1367.7	1	-1	-1
601	6	808.91	1	-1	-1
601	6	734.5	1	-1	-1
601	6	802.22	1	-1	-1
601	6	1057	1	-1	-1
601	6	798.33	1	-1	-1
601	6	721.29	1	-1	-1
601	6	853.61	1	-1	-1
601	6	862.12	1	-1	-1
601	6	897.93	1	-1	-1
601	6	1268.8	1	-1	-1
601	6	1075.1	1	-1	-1
601	6	684.77	1	-1	-1
601	6	702.54	1	-1	-1
601	6	741.06	1	-1	-1
601	6	604.95	1	-1	-1
601	6	744.76	1	-1	-1
601	6	953.74	1	-1	-1
601	6	831.44	1	-1	-1
601	6	1200.5	1	-1	-1
601	6	1164.8	1	-1	-1
601	6	683.53	1	-1	-1
601	6	969.61	1	-1	-1
601	6	881.36	1	-1	-1
601	6	629.75	1	-1	-1
601	6	982.4	1	-1	-1
601	6	918.41	1	-1	-1
601	6	794.33	1	-1	-1
601	6	1088.3	1	-1	-1
601	6	863.86	1	-1	-1
601	6	765.99	1	-1	-1
601	6	739.79	1	-1	-1
601	6	787.27	1	-1	-1
601	6	992.27	1	-1	-1
601	6	753.29	1	-1	-1
601	6	1352.4	1	-1	-1
601	6	1878.8	1	-1	-1
601	6	794.42	1	-1	-1
601	6	692.05	1	-1	-1
601	6	830.34	1	-1	-1
601	6	961.56	1	-1	-1
601	6	782.45	1	-1	-1
601	6	665.07	1	-1	-1
601	6	1237.1	1	-1	-1
601	6	679.44	1	-1	-1
601	6	764.67	1	-1	-1
601	6	1405.9	1	-1	-1
601	6	632.15	1	-1	-1
601	6	674.34	1	-1	-1
601	6	753.16	1	-1	-1
601	6	676.12	1	-1	-1
601	6	1115.4	1	-1	-1
601	6	1309.5	1	-1	-1
601	6	786.53	1	-1	-1
601	6	1488.3	1	-1	-1
601	6	783.42	1	-1	-1
601	6	734.14	1	-1	-1
601	6	560.53	1	-1	-1
601	6	1015	1	-1	-1
601	6	713.73	1	-1	-1
601	6	841.92	1	-1	-1
601	6	670.21	1	-1	-1
601	6	659.01	1	-1	-1
601	6	598.12	1	-1	-1
601	6	627.2	1	-1	-1
601	6	590.14	1	-1	-1
601	6	637.41	1	-1	-1
601	6	663.55	1	-1	-1
601	6	1219.4	1	-1	-1
601	6	758.63	1	-1	-1
601	6	638.73	1	-1	-1
601	6	757.64	1	-1	-1
601	6	580.37	1	-1	-1
601	6	564.88	1	-1	-1
601	6	634.78	1	-1	-1
601	6	655.19	1	-1	-1
601	6	784.65	1	-1	-1
601	6	624.25	1	-1	-1
601	6	582.03	1	-1	-1
601	6	625.31	1	-1	-1
601	6	1212.9	1	-1	-1
601	6	682.39	1	-1	-1
601	6	548.53	1	-1	-1
601	6	569.44	1	-1	-1
601	6	630.57	1	-1	-1
601	6	762.74	1	-1	-1
601	6	655.93	1	-1	-1
601	6	561.4	1	-1	-1
601	6	647.09	1	-1	-1
601	6	658.02	1	-1	-1
601	6	645.54	1	-1	-1
601	6	716.87	1	-1	-1
601	6	645.59	1	-1	-1
601	6	685.68	1	-1	-1
601	6	621.12	1	-1	-1
601	6	608.67	1	-1	-1
601	6	615.2	1	-1	-1
601	6	627.88	1	-1	-1
601	6	731.84	1	-1	-1
601	6	646.88	1	-1	-1
601	6	673.52	1	-1	-1
601	6	644.02	1	-1	-1
601	6	601.18	1	-1	-1
601	6	657.87	1	-1	-1
601	6	690.18	1	-1	-1
601	6	872.41	1	-1	-1
601	6	603.82	1	-1	-1
601	6	622.47	1	-1	-1
601	6	620.48	1	-1	-1
601	6	928.27	1	-1	-1
601	6	699.51	1	-1	-1
601	6	678.1	1	-1	-1
601	6	649.92	1	-1	-1
601	6	612.36	1	-1	-1
601	6	651.92	1	-1	-1
601	6	763.8	1	-1	-1
601	6	585.98	1	-1	-1
601	6	553.38	1	-1	-1
601	6	841.83	1	-1	-1
601	6	653.73	1	-1	-1
601	6	650.39	1	-1	-1
601	6	606.85	1	-1	-1
601	6	590.25	1	-1	-1
601	6	567.73	1	-1	-1
601	6	723.45	1	-1	-1
601	6	643.68	1	-1	-1
601	6	633.55	1	-1	-1
601	6	690.33	1	-1	-1
601	6	1396.5	1	-1	-1
601	6	1020.6	1	-1	-1
601	6	872.81	1	-1	-1
601	6	715.9	1	-1	-1
601	6	760.67	1	-1	-1
601	6	597.36	1	-1	-1
601	6	674	1	-1	-1
601	6	1072.5	1	-1	-1
601	6	706.92	1	-1	-1
601	6	1321.2	1	-1	-1
601	6	1379.9	1	-1	-1
601	6	664	1	-1	-1
601	6	1127.7	1	-1	-1
601	6	905.26	1	-1	-1
601	6	749.14	1	-1	-1
601	6	931.79	1	-1	-1
601	6	1160.3	1	-1	-1
601	6	974.18	1	-1	-1
601	6	1079	1	-1	-1
601	6	637.47	1	-1	-1
601	6	842.46	1	-1	-1
601	6	660.79	1	-1	-1
601	6	765.79	1	-1	-1
601	6	680.53	1	-1	-1
601	6	745.26	1	-1	-1
601	6	627.71	1	-1	-1
601	6	710.37	1	-1	-1
601	6	925.2	1	-1	-1
601	6	641.6	1	-1	-1
601	6	635.49	1	-1	-1
601	6	915.17	1	-1	-1
601	6	766.23	1	-1	-1
601	6	1550.3	1	-1	-1
601	6	1256.9	1	-1	-1
601	6	862.71	1	-1	-1
601	6	1350.1	1	-1	-1
601	6	911.45	1	-1	-1
601	6	882.91	1	-1	-1
601	6	1192.8	1	-1	-1
601	6	652.88	1	-1	-1
601	6	867.12	1	-1	-1
601	6	845.53	1	-1	-1
601	6	725.55	1	-1	-1
601	6	746.35	1	-1	-1
601	6	904.65	1	-1	-1
601	6	709.97	1	-1	-1
601	6	752.49	1	-1	-1
601	6	655.56	1	-1	-1
601	6	729.84	1	-1	-1
601	6	734.53	1	-1	-1
601	6	842.02	1	-1	-1
601	6	899.71	1	-1	-1
601	6	733.08	1	-1	-1
601	6	844.44	1	-1	-1
601	6	822.29	1	-1	-1
601	6	795.52	1	-1	-1
601	6	950.31	1	-1	-1
601	6	816.26	1	-1	-1
601	6	1162.8	1	-1	-1
601	6	997.48	1	-1	-1
601	6	920.05	1	-1	-1
601	6	935.73	1	-1	-1
601	6	820.81	1	-1	-1
601	6	757.58	1	-1	-1
601	6	660.09	1	-1	-1
601	6	636.81	1	-1	-1
601	6	684.35	1	-1	-1
601	6	669.64	1	-1	-1
601	6	719.22	1	-1	-1
601	6	974.04	1	-1	-1
601	6	684.55	1	-1	-1
601	6	642.89	1	-1	-1
601	6	888.35	1	-1	-1
601	6	701.13	1	-1	-1
601	6	640.67	1	-1	-1
601	6	742.75	1	-1	-1
601	6	1200.9	1	-1	-1
601	6	789.66	1	-1	-1
601	6	738.46	1	-1	-1
601	6	750.53	1	-1	-1
601	6	653.27	1	-1	-1
601	6	1287.6	1	-1	-1
601	6	758.79	1	-1	-1
601	6	2076.9	1	-1	-1
601	6	1045.4	1	-1	-1
601	6	815.08	1	-1	-1
601	6	866.8	1	-1	-1
601	6	843.78	1	-1	-1
601	6	946.92	1	-1	-1
601	6	804.33	1	-1	-1
601	6	682.21	1	-1	-1
601	6	868.13	1	-1	-1
601	6	749.76	1	-1	-1
601	6	735.95	1	-1	-1
601	6	805.25	1	-1	-1
601	6	969.34	1	-1	-1
601	6	798.43	1	-1	-1
601	6	879.77	1	-1	-1
601	6	721.51	1	-1	-1
601	6	1013.7	1	-1	-1
601	6	1739.4	1	-1	-1
601	6	876.73	1	-1	-1
601	6	929.05	1	-1	-1
601	6	913.3	1	-1	-1
601	6	858.75	1	-1	-1
601	6	879.36	1	-1	-1
601	6	950.23	1	-1	-1
601	6	821.61	1	-1	-1
601	6	894.01	1	-1	-1
601	6	907.51	1	-1	-1
601	6	869.57	1	-1	-1
601	6	891.9	1	-1	-1
601	6	810.85	1	-1	-1
601	6	942.66	1	-1	-1
601	6	837.85	1	-1	-1
601	6	1956.6	1	-1	-1
601	6	759.2	1	-1	-1
601	6	839.8	1	-1	-1
601	6	958.83	1	-1	-1
601	6	791.76	1	-1	-1
601	6	1324	1	-1	-1
601	6	866.92	1	-1	-1
601	6	1008.3	1	-1	-1
601	6	803.36	1	-1	-1
601	6	1120.5	1	-1	-1
601	6	969.84	1	-1	-1
601	6	856.7	1	-1	-1
601	6	862.57	1	-1	-1
601	6	1353.2	1	-1	-1
601	6	806.85	1	-1	-1
601	6	885.29	1	-1	-1
601	6	696.06	1	-1	-1
601	6	731.75	1	-1	-1
601	6	865.2	1	-1	-1
601	6	781.58	1	-1	-1
601	6	959.04	1	-1	-1
601	6	731.07	1	-1	-1
601	6	852.78	1	-1	-1
601	6	746.01	1	-1	-1
601	6	681.25	1	-1	-1
601	6	1190	1	-1	-1
601	6	711.69	1	-1	-1
601	6	672.43	1	-1	-1
601	6	1002.1	1	-1	-1
601	6	650.74	1	-1	-1
601	6	732.46	1	-1	-1
601	6	822.29	1	-1	-1
601	6	855.28	1	-1	-1
601	6	631.91	1	-1	-1
601	6	664.93	1	-1	-1
601	6	914.37	1	-1	-1
601	6	1070.2	1	-1	-1
601	6	632.71	1	-1	-1
601	6	858.46	1	-1	-1
601	6	893.95	1	-1	-1
601	6	1686.1	1	-1	-1
601	6	558.24	1	-1	-1
601	6	774.85	1	-1	-1
601	6	763.33	1	-1	-1
601	6	861.25	1	-1	-1
601	6	645.18	1	-1	-1
601	6	905.79	1	-1	-1
601	6	1147.7	1	-1	-1
601	6	1068.2	1	-1	-1
601	6	612.47	1	-1	-1
601	6	977.46	1	-1	-1
601	6	829.83	1	-1	-1
601	6	1260.6	1	-1	-1
601	6	595.56	1	-1	-1
601	6	1374.2	1	-1	-1
601	6	645.8	1	-1	-1
601	6	1050.6	1	-1	-1
601	6	1136.7	1	-1	-1
601	6	685.18	1	-1	-1
601	6	650.68	1	-1	-1
601	6	633.74	1	-1	-1
601	6	675.74	1	-1	-1
601	6	788.06	1	-1	-1
601	6	819.29	1	-1	-1
601	6	809.97	1	-1	-1
601	6	1162.7	1	-1	-1
601	6	1083.2	1	-1	-1
601	6	781.84	1	-1	-1
601	6	792.57	1	-1	-1
601	6	1060.5	1	-1	-1
601	6	1032.4	1	-1	-1
601	6	686.21	1	-1	-1
601	6	771.73	1	-1	-1
601	6	816.97	1	-1	-1
