606	6	1560.3	1	2	2
606	6	1506	1	2	2
606	6	1285.4	1	2	2
606	6	1744.7	1	2	2
606	6	1217.4	1	2	2
606	6	1398.5	1	2	2
606	6	854.95	1	2	2
606	6	1421.9	1	2	2
606	6	2607.6	1	2	2
606	6	1999.7	1	2	2
606	6	1158	1	2	2
606	6	671.72	1	2	2
606	6	2735.3	1	2	2
606	6	896.54	1	2	2
606	6	1485.4	1	2	2
606	6	1280.2	1	2	2
606	6	824.06	1	2	2
606	6	1347.8	1	2	2
606	6	1674.3	1	2	2
606	6	2394.9	1	2	2
606	6	1404.7	1	2	2
606	6	778.18	1	2	2
606	6	1494.1	1	2	2
606	6	946.65	1	2	2
606	6	1550.4	1	2	2
606	6	1445.2	1	2	2
606	6	1369.5	1	2	2
606	6	1316.4	1	2	2
606	6	1417.9	1	2	2
606	6	1183.3	1	2	2
606	6	1427.5	1	2	2
606	6	1744.6	1	2	2
606	6	930.27	1	2	2
606	6	1325.2	1	2	2
606	6	1483.5	1	2	2
606	6	809.9	1	2	2
606	6	1001.5	1	2	2
606	6	2007.6	1	2	2
606	6	1030.8	1	2	2
606	6	1622	1	2	2
606	6	1251.6	1	2	2
606	6	1868.4	1	2	2
606	6	1789.1	1	2	2
606	6	1122.7	1	2	2
606	6	1343	1	2	2
606	6	1165.4	1	2	2
606	6	1150	1	2	2
606	6	2524	1	2	2
606	6	2084.9	1	2	2
606	6	1546.8	1	2	2
606	6	2002	1	2	2
606	6	1414.1	1	2	2
606	6	1062.8	1	2	2
606	6	1622	1	2	2
606	6	1518.7	1	2	2
606	6	1592	1	2	2
606	6	1150.2	1	2	2
606	6	1184.8	1	2	2
606	6	1107.8	1	2	2
606	6	1371.1	1	2	2
606	6	1282.6	1	2	2
606	6	1176.9	1	2	2
606	6	1198	1	2	2
606	6	1396.9	1	2	2
606	6	1804.8	1	2	2
606	6	1506.4	1	2	2
606	6	1270.4	1	2	2
606	6	1946.8	1	2	2
606	6	2264.3	1	2	2
606	6	1798.1	1	2	2
606	6	1168.5	1	2	2
606	6	1300.8	1	2	2
606	6	1162.8	1	2	2
606	6	1672.3	1	2	2
606	6	1033.7	1	2	2
606	6	2343.8	1	2	2
606	6	1310.4	1	2	2
606	6	1326	1	2	2
606	6	1109	1	2	2
606	6	1333.3	1	2	2
606	6	1768	1	2	2
606	6	2688.3	1	2	2
606	6	1682.3	1	2	2
606	6	2295.5	1	2	2
606	6	1019.2	1	2	2
606	6	1282.8	1	2	2
606	6	1865.8	1	2	2
606	6	2337.8	1	2	2
606	6	2015.7	1	2	2
606	6	1870.4	1	2	2
606	6	1538.1	1	2	2
606	6	1163.2	1	2	2
606	6	1645.9	1	2	2
606	6	1318.5	1	2	2
606	6	1159.2	1	2	2
606	6	2425	1	2	2
606	6	932.87	1	2	2
606	6	2253	1	2	2
606	6	1538.4	1	2	2
606	6	1228.2	1	2	2
606	6	1280.2	1	2	2
606	6	807.36	1	2	2
606	6	1331.5	1	2	2
606	6	1148.9	1	2	2
606	6	1233.1	1	2	2
606	6	778.01	1	2	2
606	6	1302.6	1	2	2
606	6	1338.7	1	2	2
606	6	1755	1	2	2
606	6	906.91	1	2	2
606	6	1752.2	1	2	2
606	6	998.42	1	2	2
606	6	1324.8	1	2	2
606	6	1069.2	1	2	2
606	6	1353.1	1	2	2
606	6	1268	1	2	2
606	6	1067.8	1	2	2
606	6	1422.5	1	2	2
606	6	1421.8	1	2	2
606	6	1211.1	1	2	2
606	6	829.33	1	2	2
606	6	2191.2	1	2	2
606	6	1476.2	1	2	2
606	6	1357.2	1	2	2
606	6	1211	1	2	2
606	6	1741.1	1	2	2
606	6	1726.9	1	2	2
606	6	1169.8	1	2	2
606	6	1196.7	1	2	2
606	6	1152.9	1	2	2
606	6	1601	1	2	2
606	6	1529.5	1	2	2
606	6	1964.6	1	2	2
606	6	747.22	1	2	2
606	6	1315.9	1	2	2
606	6	1145.2	1	2	2
606	6	1966.2	1	2	2
606	6	1590.8	1	2	2
606	6	1626.9	1	2	2
606	6	1470.3	1	2	2
606	6	1258.3	1	2	2
606	6	1605	1	2	2
606	6	2362.5	1	2	2
606	6	1219.5	1	2	2
606	6	1371.8	1	2	2
606	6	1402.2	1	2	2
606	6	1582.5	1	2	2
606	6	1576	1	2	2
606	6	1023.7	1	2	2
606	6	1480.9	1	2	2
606	6	1331.8	1	2	2
606	6	912.34	1	2	2
606	6	1388	1	2	2
606	6	1087.9	1	2	2
606	6	975.59	1	2	2
606	6	817.82	1	2	2
606	6	849.29	1	2	2
606	6	878.43	1	2	2
606	6	1095.3	1	2	2
606	6	985.49	1	2	2
606	6	672.28	1	2	2
606	6	755.85	1	2	2
606	6	847.15	1	2	2
606	6	1029.3	1	2	2
606	6	1359.9	1	2	2
606	6	973.88	1	2	2
606	6	1306	1	2	2
606	6	915.59	1	2	2
606	6	658.73	1	2	2
606	6	1262.9	1	2	2
606	6	908.42	1	2	2
606	6	974.64	1	2	2
606	6	1053.9	1	2	2
606	6	1163.5	1	2	2
606	6	1625.1	1	2	2
606	6	1755	1	2	2
606	6	868.33	1	2	2
606	6	796.7	1	2	2
606	6	750.27	1	2	2
606	6	2478.2	1	2	2
606	6	1231.6	1	2	2
606	6	1400.8	1	2	2
606	6	1192.1	1	2	2
606	6	2535.4	1	2	2
606	6	757.29	1	2	2
606	6	1008.2	1	2	2
606	6	2140.1	1	2	2
606	6	1348.1	1	2	2
606	6	1091.3	1	2	2
606	6	1588.3	1	2	2
606	6	625.54	1	2	2
606	6	1132.6	1	2	2
606	6	1643.8	1	2	2
606	6	1087.8	1	2	2
606	6	756.81	1	2	2
606	6	725.51	1	2	2
606	6	1248.2	1	2	2
606	6	666.81	1	2	2
606	6	1262.7	1	2	2
606	6	1002.6	1	2	2
606	6	1009	1	2	2
606	6	1423.3	1	2	2
606	6	624.95	1	2	2
606	6	573.99	1	2	2
606	6	689.88	1	2	2
606	6	915.93	1	2	2
606	6	967.84	1	2	2
606	6	1128.3	1	2	2
606	6	1333.2	1	2	2
606	6	739.52	1	2	2
606	6	2299.9	1	2	2
606	6	1003	1	2	2
606	6	944.75	1	2	2
606	6	1044.9	1	2	2
606	6	835.23	1	2	2
606	6	1137.4	1	2	2
606	6	965.39	1	2	2
606	6	1454.2	1	2	2
606	6	1675.1	1	2	2
606	6	1142.3	1	2	2
606	6	1154.1	1	2	2
606	6	1394	1	2	2
606	6	678.75	1	2	2
606	6	734.75	1	2	2
606	6	1183.8	1	2	2
606	6	1337.9	1	2	2
606	6	1147.1	1	2	2
606	6	996.46	1	2	2
606	6	978.46	1	2	2
606	6	1693.8	1	2	2
606	6	1008.4	1	2	2
606	6	1285.3	1	2	2
606	6	1226.3	1	2	2
606	6	832.63	1	2	2
606	6	598.1	1	2	2
606	6	648.67	1	2	2
606	6	1015.3	1	2	2
606	6	1344.1	1	2	2
606	6	1168.8	1	2	2
606	6	1367.7	1	2	2
606	6	812.34	1	2	2
606	6	788.1	1	2	2
606	6	689.57	1	2	2
606	6	605.06	1	2	2
606	6	1421.1	1	2	2
606	6	886.56	1	2	2
606	6	1008.5	1	2	2
606	6	1201.4	1	2	2
606	6	739.36	1	2	2
606	6	952.76	1	2	2
606	6	698.78	1	2	2
606	6	979.22	1	2	2
606	6	1499.4	1	2	2
606	6	1537.9	1	2	2
606	6	787.71	1	2	2
606	6	790.5	1	2	2
606	6	827.37	1	2	2
606	6	723.08	1	2	2
606	6	842.38	1	2	2
606	6	843.24	1	2	2
606	6	760.96	1	2	2
606	6	995.22	1	2	2
606	6	900.39	1	2	2
606	6	959.63	1	2	2
606	6	941.64	1	2	2
606	6	1771.4	1	2	2
606	6	1945.9	1	2	2
606	6	928.53	1	2	2
606	6	943.15	1	2	2
606	6	831.22	1	2	2
606	6	735.01	1	2	2
606	6	1312.8	1	2	2
606	6	1449.6	1	2	2
606	6	973.8	1	2	2
606	6	1025.1	1	2	2
606	6	995.87	1	2	2
606	6	1294.8	1	2	2
606	6	1225.3	1	2	2
606	6	841.98	1	2	2
606	6	1004.6	1	2	2
606	6	896.3	1	2	2
606	6	1256.2	1	2	2
606	6	1180.4	1	2	2
606	6	930.35	1	2	2
606	6	1326.5	1	2	2
606	6	1486.3	1	2	2
606	6	893.07	1	2	2
606	6	929.46	1	2	2
606	6	1641.5	1	2	2
606	6	1004.8	1	2	2
606	6	1799.6	1	2	2
606	6	1303.8	1	2	2
606	6	898.83	1	2	2
606	6	1376.5	1	2	2
606	6	969.44	1	2	2
606	6	845.19	1	2	2
606	6	812.95	1	2	2
606	6	2337.3	1	2	2
606	6	847.93	1	2	2
606	6	1109.5	1	2	2
606	6	831.64	1	2	2
606	6	932.45	1	2	2
606	6	710.59	1	2	2
606	6	850.57	1	2	2
606	6	1170.8	1	2	2
606	6	857.1	1	2	2
606	6	760.67	1	2	2
606	6	665.49	1	2	2
606	6	1352.4	1	2	2
606	6	1723.8	1	2	2
606	6	836.16	1	2	2
606	6	915.18	1	2	2
606	6	1342.9	1	2	2
606	6	897.51	1	2	2
606	6	933.32	1	2	2
606	6	924.88	1	2	2
606	6	975.7	1	2	2
606	6	825.41	1	2	2
606	6	785.45	1	2	2
606	6	768.11	1	2	2
606	6	837.17	1	2	2
606	6	807.58	1	2	2
606	6	707.91	1	2	2
606	6	675.13	1	2	2
606	6	658.04	1	2	2
606	6	660.17	1	2	2
606	6	736.32	1	2	2
606	6	769.31	1	2	2
606	6	678.27	1	2	2
606	6	837.44	1	2	2
606	6	793.54	1	2	2
606	6	986.77	1	2	2
606	6	1152.1	1	2	2
606	6	1015.8	1	2	2
606	6	921.62	1	2	2
606	6	800.62	1	2	2
606	6	1425.4	1	2	2
606	6	1576.5	1	2	2
606	6	1106.8	1	2	2
606	6	2060.3	1	2	2
606	6	2239	1	2	2
606	6	1330.1	1	2	2
606	6	1075.7	1	2	2
606	6	1117	1	2	2
606	6	778.41	1	2	2
606	6	1693.9	1	2	2
606	6	712.86	1	2	2
606	6	757.47	1	2	2
606	6	628.16	1	2	2
606	6	871.19	1	2	2
606	6	972.25	1	2	2
606	6	1916.1	1	2	1
606	6	1116.3	1	2	1
606	6	639.35	1	2	1
606	6	1110.9	1	2	1
606	6	697.79	1	2	1
606	6	656.05	1	2	1
606	6	1041.4	1	2	1
606	6	1659.9	0	2	1
606	6	1185	1	2	1
606	6	1050	1	2	1
606	6	1269.2	0	2	1
606	6	1116.7	0	2	1
606	6	919.83	1	2	1
606	6	1056.8	1	2	1
606	6	3219.6	0	2	1
606	6	747.24	1	2	1
606	6	1356.9	0	2	1
606	6	2667.7	1	2	1
606	6	2554	1	2	1
606	6	1442.3	0	2	1
606	6	1380.4	1	2	1
606	6	4463.3	0	2	1
606	6	3335.2	1	2	1
606	6	2793	1	2	1
606	6	3187.4	1	2	1
606	6	2212.9	1	2	1
606	6	2727.5	1	2	1
606	6	3329.5	1	2	1
606	6	888.97	1	2	1
606	6	1001.9	1	2	1
606	6	2400.5	1	2	1
606	6	3102.6	0	2	1
606	6	1751	1	2	1
606	6	1794.3	1	2	1
606	6	1154.5	0	2	1
606	6	2010.8	1	2	1
606	6	1585.6	1	2	1
606	6	1252.9	0	2	1
606	6	1767.7	1	2	1
606	6	1612	1	2	1
606	6	1454.7	1	2	1
606	6	2732.4	1	2	1
606	6	1709.7	1	2	1
606	6	1632.2	1	2	1
606	6	2374.4	1	2	1
606	6	1984.4	1	2	1
606	6	1287.6	0	2	1
606	6	3109	1	2	1
606	6	1256.4	0	2	1
606	6	1680.7	1	2	1
606	6	1206.4	1	2	1
606	6	1962.8	1	2	1
606	6	2058.3	1	2	1
606	6	1420.5	0	2	1
606	6	1637.8	1	2	1
606	6	1526.7	1	2	1
606	6	1717	1	2	1
606	6	1259.9	1	2	1
606	6	3546.6	1	2	1
606	6	1595.5	1	2	1
606	6	1560.2	1	2	1
606	6	1611.2	1	2	1
606	6	2804.4	1	2	1
606	6	2211.9	1	2	1
606	6	1616	1	2	1
606	6	1933.9	1	2	1
606	6	1812.4	1	2	1
606	6	2845.6	0	2	1
606	6	2197.7	1	2	1
606	6	3008.5	1	2	1
606	6	1852.5	1	2	1
606	6	1849.8	1	2	1
606	6	2709.7	1	2	1
606	6	1611.1	1	2	1
606	6	1524.2	1	2	1
606	6	2237.4	1	2	1
606	6	3487.4	1	2	1
606	6	2250.4	1	2	1
606	6	1758.9	1	2	1
606	6	2711	1	2	1
606	6	1475.4	1	2	1
606	6	3425.2	1	2	1
606	6	2410.2	1	2	1
606	6	2511.4	1	2	1
606	6	2665.2	1	2	1
606	6	1906.4	1	2	1
606	6	1851.9	1	2	1
606	6	2727.8	1	2	1
606	6	1891.9	1	2	1
606	6	3177.8	1	2	1
606	6	1836.6	1	2	1
606	6	1976.2	1	2	1
606	6	2461	1	2	1
606	6	2492.5	1	2	1
606	6	1661.7	1	2	1
606	6	2285.4	1	2	1
606	6	1754.8	1	2	1
606	6	2013.9	1	2	1
606	6	1476.6	1	2	1
606	6	1981.4	1	2	1
606	6	498.03	1	2	1
606	6	1746	1	2	1
606	6	1529.2	1	2	1
606	6	2063.8	1	2	1
606	6	1476.8	1	2	1
606	6	2639.6	1	2	1
606	6	1622.1	1	2	1
606	6	1643	1	2	1
606	6	1100.9	1	2	1
606	6	1822.5	1	2	1
606	6	1216	1	2	1
606	6	2220.9	1	2	1
606	6	2203.7	1	2	1
606	6	1710.3	1	2	1
606	6	2002.8	1	2	1
606	6	1557.8	1	2	1
606	6	2526.5	1	2	1
606	6	1259.3	1	2	1
606	6	830.73	1	2	1
606	6	1159.5	1	2	1
606	6	1173.9	1	2	1
606	6	1131.6	1	2	1
606	6	3118.6	1	2	1
606	6	1951.7	0	2	1
606	6	3238.8	1	2	1
606	6	2270.8	1	2	1
606	6	1416.8	1	2	1
606	6	1555.3	1	2	1
606	6	2107.9	1	2	1
606	6	2118.8	1	2	1
606	6	2276.1	1	2	1
606	6	1310.5	1	2	1
606	6	1726.6	1	2	1
606	6	1154.4	1	2	1
606	6	1330.7	1	2	1
606	6	2088.8	1	2	1
606	6	1975	1	2	1
606	6	2990.7	1	2	1
606	6	1984.7	0	2	1
606	6	1563.4	1	2	1
606	6	2286.6	1	2	1
606	6	1636.1	1	2	1
606	6	1799.1	1	2	1
606	6	1276.2	1	2	1
606	6	2409.2	1	2	1
606	6	1513.8	1	2	1
606	6	1460.1	1	2	1
606	6	1156	1	2	1
606	6	1452.2	1	2	1
606	6	2323.2	1	2	1
606	6	942.07	1	2	1
606	6	1967.9	1	2	1
606	6	1127.7	1	2	1
606	6	1158.1	1	2	1
606	6	1922.7	1	2	1
606	6	2379.7	0	2	1
606	6	1517.8	1	2	1
606	6	1401.2	1	2	1
606	6	1359.2	1	2	1
606	6	1380.3	1	2	1
606	6	1343.4	0	2	1
606	6	879.97	1	2	1
606	6	684.7	1	2	1
606	6	1140.9	1	2	1
606	6	1239	1	2	1
606	6	1190.9	1	2	1
606	6	1093.3	1	2	1
606	6	783.48	1	2	1
606	6	927.6	1	2	1
606	6	1559.3	1	2	1
606	6	1311.2	1	2	1
606	6	1135.5	1	2	1
606	6	1622.1	1	2	1
606	6	957.28	1	2	1
606	6	1015.3	1	2	1
606	6	1748	1	2	1
606	6	2196.8	1	2	1
606	6	933.26	1	2	1
606	6	1114.8	1	2	1
606	6	1220.9	1	2	1
606	6	1283.1	1	2	1
606	6	994.84	1	2	1
606	6	1446.9	1	2	1
606	6	1105.7	1	2	1
606	6	909.54	1	2	1
606	6	879.42	1	2	1
606	6	901.56	1	2	1
606	6	818.03	1	2	1
606	6	1055.1	1	2	1
606	6	1030.9	1	2	1
606	6	1187.7	1	2	1
606	6	1751.6	1	2	1
606	6	996.43	1	2	1
606	6	1052.4	1	2	1
606	6	1191	1	2	1
606	6	1647.3	1	2	1
606	6	1426.3	1	2	1
606	6	1379.4	1	2	1
606	6	2099.2	1	2	1
606	6	1749.2	1	2	1
606	6	966.87	1	2	1
606	6	744.83	1	2	1
606	6	1874.9	0	2	1
606	6	1417.3	1	2	1
606	6	940.78	1	2	1
606	6	748.23	1	2	1
606	6	1145.4	1	2	1
606	6	1288.3	1	2	1
606	6	1069.1	1	2	1
606	6	1325.8	1	2	1
606	6	1972.5	1	2	1
606	6	1614.7	1	2	1
606	6	1579.9	1	2	1
606	6	1461.4	1	2	1
606	6	1352	1	2	1
606	6	2405.9	1	2	1
606	6	1586.4	1	2	1
606	6	1065.1	1	2	1
606	6	1262.9	1	2	1
606	6	2701.7	1	2	1
606	6	1384.3	1	2	1
606	6	1409.4	1	2	1
606	6	1742	1	2	1
606	6	1084.5	1	2	1
606	6	1144.9	1	2	1
606	6	1942.3	1	2	1
606	6	850.72	0	2	1
606	6	1976.8	1	2	1
606	6	1242.9	1	2	1
606	6	1041.9	1	2	1
606	6	693.63	1	2	1
606	6	892.7	1	2	1
606	6	2204.4	1	2	1
606	6	770.05	1	2	1
606	6	1092.3	1	2	1
606	6	674.94	1	2	1
606	6	817.39	1	2	1
606	6	742.97	1	2	1
606	6	1443.5	1	2	1
606	6	1278.9	1	2	1
606	6	1081.9	1	2	1
606	6	1092.6	1	2	1
606	6	724.4	1	2	1
606	6	764.56	1	2	1
606	6	1061.8	1	2	1
606	6	1659.3	1	2	1
606	6	807.67	1	2	1
606	6	844.99	1	2	1
606	6	1036.6	1	2	1
606	6	949.08	1	2	1
606	6	862.56	1	2	1
606	6	822	1	2	1
606	6	880.16	1	2	1
606	6	2287.9	1	2	1
606	6	952.89	1	2	1
606	6	758.3	1	2	1
606	6	759.37	1	2	1
606	6	903.26	1	2	1
606	6	1023.8	1	2	1
606	6	917.69	1	2	1
606	6	902.09	1	2	1
606	6	720.59	1	2	1
606	6	760.21	1	2	1
606	6	1668.1	1	2	1
606	6	749.6	1	2	1
606	6	1603.1	1	2	1
606	6	886.41	1	2	1
606	6	851.66	1	2	1
606	6	859.67	1	2	1
606	6	1037.7	1	2	1
606	6	1096.8	1	2	1
606	6	1152	1	2	1
606	6	1181.8	1	2	1
606	6	1031.8	1	2	1
606	6	1005.4	1	2	1
606	6	809.69	1	2	1
606	6	1194.7	1	2	1
606	6	1159.9	1	2	1
606	6	1373.4	1	2	1
606	6	875.96	1	2	1
606	6	1232.8	1	2	1
606	6	1244.6	1	2	1
606	6	1673.8	1	2	1
606	6	1114.5	1	2	1
606	6	1455.5	1	2	1
606	6	1667.8	1	2	1
606	6	1525	1	2	1
606	6	1205.2	1	2	1
606	6	1147.2	1	2	1
606	6	1084.4	1	2	1
606	6	1887.7	1	2	1
606	6	2111.2	1	2	1
606	6	914.72	1	2	1
606	6	1476.5	1	2	1
606	6	763.04	1	2	1
606	6	1159.8	1	2	1
606	6	879.66	1	2	1
606	6	866.88	1	2	1
606	6	1056.3	1	2	1
606	6	1551.8	1	2	1
606	6	1143.8	1	2	1
606	6	619.4	1	2	1
606	6	965.19	1	2	1
606	6	3634.7	1	2	1
606	6	1535.2	1	2	1
606	6	1086.7	1	2	1
606	6	3211.2	0	2	1
606	6	2955.3	1	2	1
606	6	789.34	1	2	1
606	6	1127.2	1	2	1
606	6	2212.3	1	2	1
606	6	1785.4	1	2	1
606	6	1244.8	1	2	1
606	6	1232.9	1	2	1
606	6	1526.2	1	2	1
606	6	1638.6	1	2	1
606	6	1212.6	1	2	1
606	6	914.32	1	2	1
606	6	610.78	1	2	1
606	6	914.7	1	2	1
606	6	2138.8	1	2	1
606	6	1100.1	1	2	1
606	6	923.6	1	2	1
606	6	764.95	1	2	1
606	6	752.5	1	2	1
606	6	904.69	1	2	1
606	6	672.88	1	2	1
606	6	1486.3	1	2	1
606	6	973.77	1	2	1
606	6	800.69	1	2	1
606	6	819.76	1	2	1
606	6	687.82	1	2	1
606	6	981.06	1	2	1
606	6	1456.9	1	2	1
606	6	3330.8	1	2	1
606	6	1021.1	1	2	1
606	6	1582.4	1	2	1
606	6	913.9	1	2	1
606	6	850.45	1	2	1
606	6	1080	1	2	1
606	6	829.18	1	2	1
606	6	1563.2	1	2	1
606	6	2256.6	1	2	1
606	6	765.19	1	2	1
606	6	708.39	1	2	1
606	6	1429.5	1	2	1
606	6	660.85	1	2	1
606	6	887.97	1	2	1
606	6	686.56	1	2	1
606	6	905.59	1	2	1
606	6	830.08	1	2	1
606	6	739.92	1	2	1
606	6	1148.5	1	2	1
606	6	763.42	0	1	2
606	6	1262.8	1	1	2
606	6	2184.4	1	1	2
606	6	2586.6	1	1	2
606	6	1486.4	1	1	2
606	6	2338.6	1	1	2
606	6	1738.6	1	1	2
606	6	1251.4	1	1	2
606	6	1130.5	1	1	2
606	6	1859.3	1	1	2
606	6	2631.7	0	1	2
606	6	1529.4	1	1	2
606	6	2181.6	1	1	2
606	6	1952.3	1	1	2
606	6	1726.2	1	1	2
606	6	1608.5	1	1	2
606	6	1567.4	1	1	2
606	6	1292.8	1	1	2
606	6	1897.5	1	1	2
606	6	2213.8	0	1	2
606	6	1807.7	1	1	2
606	6	1438.9	1	1	2
606	6	3163.3	1	1	2
606	6	1184.5	1	1	2
606	6	1350.4	1	1	2
606	6	1121.9	1	1	2
606	6	3435.3	0	1	2
606	6	1316.6	1	1	2
606	6	758.78	0	1	2
606	6	3119.7	1	1	2
606	6	1487.4	1	1	2
606	6	2805	1	1	2
606	6	1077	1	1	2
606	6	1226.3	1	1	2
606	6	711.95	1	1	2
606	6	3468.8	1	1	2
606	6	2581.5	1	1	2
606	6	2028.1	0	1	2
606	6	1569.2	1	1	2
606	6	1589	1	1	2
606	6	1113.1	1	1	2
606	6	1183.7	1	1	2
606	6	1369.9	1	1	2
606	6	1475.1	1	1	2
606	6	1650.9	1	1	2
606	6	1907.2	1	1	2
606	6	3201.4	1	1	2
606	6	1128.4	1	1	2
606	6	3017.9	1	1	2
606	6	3329.2	1	1	2
606	6	2543.5	1	1	2
606	6	1223.4	1	1	2
606	6	2322.7	1	1	2
606	6	1345.7	1	1	2
606	6	2030.9	1	1	2
606	6	1337.7	1	1	2
606	6	1466.7	1	1	2
606	6	1632.8	1	1	2
606	6	1400.5	1	1	2
606	6	2344.3	1	1	2
606	6	2780.7	1	1	2
606	6	1445.7	1	1	2
606	6	795.65	1	1	2
606	6	1307.2	1	1	2
606	6	2868.9	1	1	2
606	6	1559.6	1	1	2
606	6	1320.9	1	1	2
606	6	1417.5	1	1	2
606	6	1424.3	1	1	2
606	6	1468.4	1	1	2
606	6	1330.8	1	1	2
606	6	1522.7	1	1	2
606	6	1496.3	1	1	2
606	6	1171.5	1	1	2
606	6	1590	1	1	2
606	6	1176.7	1	1	2
606	6	1233	1	1	2
606	6	1467.6	1	1	2
606	6	2676.2	1	1	2
606	6	1272.8	1	1	2
606	6	1209.3	1	1	2
606	6	1308.2	1	1	2
606	6	2148.6	1	1	2
606	6	3051.9	1	1	2
606	6	2626.6	1	1	2
606	6	1983.9	0	1	2
606	6	1255.9	1	1	2
606	6	1184.9	1	1	2
606	6	3175.1	1	1	2
606	6	2846.5	1	1	2
606	6	2813.9	1	1	2
606	6	2203.6	1	1	2
606	6	1025.7	1	1	2
606	6	1345.8	1	1	2
606	6	1433.2	1	1	2
606	6	909.01	1	1	2
606	6	3671.4	0	1	2
606	6	1181.8	1	1	2
606	6	1451.5	1	1	2
606	6	1909.6	1	1	2
606	6	2220.2	1	1	2
606	6	2806.5	0	1	2
606	6	1184.7	1	1	2
606	6	1274.2	1	1	2
606	6	2226.3	1	1	2
606	6	1411.9	1	1	2
606	6	1872.2	1	1	2
606	6	2080.3	0	1	2
606	6	998.77	1	1	2
606	6	2278.9	1	1	2
606	6	1529.2	1	1	2
606	6	1004.6	1	1	2
606	6	1880.4	1	1	2
606	6	1294.4	1	1	2
606	6	1709	1	1	2
606	6	1275.6	1	1	2
606	6	2596.8	1	1	2
606	6	1004.9	1	1	2
606	6	2071	1	1	2
606	6	1010.1	1	1	2
606	6	1613.5	1	1	2
606	6	2010.5	1	1	2
606	6	1604.1	1	1	2
606	6	3118.3	1	1	2
606	6	1647.1	1	1	2
606	6	2239.7	0	1	2
606	6	1124	1	1	2
606	6	1459	1	1	2
606	6	1790.7	1	1	2
606	6	2296.8	1	1	2
606	6	1894.4	1	1	2
606	6	2711.8	1	1	2
606	6	2636.8	1	1	2
606	6	1502.9	1	1	2
606	6	2113.7	1	1	2
606	6	1832.7	1	1	2
606	6	1839.2	1	1	2
606	6	2413.3	1	1	2
606	6	1458.1	1	1	2
606	6	1759.5	1	1	2
606	6	1261.4	1	1	2
606	6	1108.6	1	1	2
606	6	2204.5	1	1	2
606	6	1229.4	1	1	2
606	6	2577.5	0	1	2
606	6	1718	1	1	2
606	6	1051.4	1	1	2
606	6	1626.3	1	1	2
606	6	2746.1	1	1	2
606	6	2436	1	1	2
606	6	1702.8	1	1	2
606	6	801.52	1	1	2
606	6	1086.2	1	1	2
606	6	778.28	1	1	2
606	6	1332.1	1	1	2
606	6	923.59	1	1	2
606	6	1044.8	1	1	2
606	6	1151.3	1	1	2
606	6	951.2	1	1	2
606	6	1019	1	1	2
606	6	1106	1	1	2
606	6	1678.6	1	1	2
606	6	1773.5	1	1	2
606	6	1837	1	1	2
606	6	1386.5	1	1	2
606	6	2035.2	1	1	2
606	6	1353.8	1	1	2
606	6	1753.5	1	1	2
606	6	1547.8	1	1	2
606	6	1149.3	1	1	2
606	6	2117.4	1	1	2
606	6	1125.8	1	1	2
606	6	897.71	1	1	2
606	6	1748.5	1	1	2
606	6	2092.2	1	1	2
606	6	1529.9	1	1	2
606	6	1032.1	1	1	2
606	6	2145.1	1	1	2
606	6	2698.9	1	1	2
606	6	944.75	1	1	2
606	6	1580.8	1	1	2
606	6	1325.4	1	1	2
606	6	2144.2	1	1	2
606	6	1904	1	1	2
606	6	1534.6	1	1	2
606	6	1101.8	1	1	2
606	6	1131.3	1	1	2
606	6	1002.8	1	1	2
606	6	1539	1	1	2
606	6	1066.2	1	1	2
606	6	1848.4	1	1	2
606	6	2464.7	1	1	2
606	6	936	1	1	2
606	6	1669.8	1	1	2
606	6	2966.8	1	1	2
606	6	1815.9	1	1	2
606	6	1828.8	1	1	2
606	6	1059.7	1	1	2
606	6	1870.9	1	1	2
606	6	2136.9	1	1	2
606	6	1322.2	0	1	2
606	6	1007.9	1	1	2
606	6	815.26	1	1	2
606	6	1208	1	1	2
606	6	2059.2	1	1	2
606	6	2085	1	1	2
606	6	1383.6	1	1	2
606	6	1819.6	1	1	2
606	6	1945.1	1	1	2
606	6	984.37	1	1	2
606	6	1246.9	1	1	2
606	6	1209.6	1	1	2
606	6	1867.2	1	1	2
606	6	843.24	1	1	2
606	6	1107.2	1	1	2
606	6	1944.8	1	1	2
606	6	1209.8	1	1	2
606	6	1480	1	1	2
606	6	1048.5	1	1	2
606	6	2145.6	1	1	2
606	6	1156.3	1	1	2
606	6	720.12	1	1	2
606	6	2319.7	1	1	2
606	6	1147.1	1	1	2
606	6	1355.8	1	1	2
606	6	1537.5	1	1	2
606	6	813.8	1	1	2
606	6	841.95	1	1	2
606	6	1441.8	1	1	2
606	6	888.03	1	1	2
606	6	1696.2	0	1	2
606	6	2115.2	1	1	2
606	6	1191.1	0	1	2
606	6	1051.7	1	1	2
606	6	2168.9	1	1	2
606	6	1006.6	1	1	2
606	6	1092.9	1	1	2
606	6	1838.9	1	1	2
606	6	2020.3	1	1	2
606	6	988.59	1	1	2
606	6	1539.6	1	1	2
606	6	1199.5	1	1	2
606	6	698.83	1	1	2
606	6	893.06	1	1	2
606	6	1589.8	1	1	2
606	6	1717.9	1	1	2
606	6	1575.9	1	1	2
606	6	1418.8	1	1	2
606	6	1646.2	1	1	2
606	6	871.99	1	1	2
606	6	879.33	1	1	2
606	6	840.26	1	1	2
606	6	1805.4	1	1	2
606	6	853.71	1	1	2
606	6	676.34	1	1	2
606	6	1457.3	1	1	2
606	6	867.54	1	1	2
606	6	1350.1	1	1	2
606	6	776.31	1	1	2
606	6	1087.7	1	1	2
606	6	722.31	1	1	2
606	6	2204.8	1	1	2
606	6	917.68	1	1	2
606	6	743.68	1	1	2
606	6	1668.4	1	1	2
606	6	1323.5	1	1	2
606	6	824.68	1	1	2
606	6	732.06	1	1	2
606	6	986.94	1	1	2
606	6	984.73	1	1	2
606	6	888	1	1	2
606	6	1184.9	1	1	2
606	6	951.3	0	1	2
606	6	1534.8	1	1	2
606	6	1129.2	1	1	2
606	6	1215.2	1	1	2
606	6	985.03	1	1	2
606	6	1500.7	1	1	2
606	6	998.26	1	1	2
606	6	829.18	1	1	2
606	6	964.65	1	1	2
606	6	1226.8	1	1	2
606	6	778.29	1	1	2
606	6	1594.4	1	1	2
606	6	1580.9	1	1	2
606	6	1199.7	1	1	2
606	6	1496.8	1	1	2
606	6	1088	1	1	2
606	6	1696.7	1	1	2
606	6	1440	1	1	2
606	6	1194.3	1	1	2
606	6	1028	1	1	2
606	6	2519.8	1	1	2
606	6	1410.3	1	1	2
606	6	1109.3	1	1	2
606	6	1527	1	1	2
606	6	1316.6	1	1	2
606	6	889.73	1	1	2
606	6	1470.2	1	1	2
606	6	1152.8	1	1	2
606	6	783.72	1	1	2
606	6	837.11	1	1	2
606	6	871.87	1	1	2
606	6	2872.8	1	1	2
606	6	902.9	1	1	2
606	6	1179.7	1	1	2
606	6	1597.5	1	1	2
606	6	1027.9	1	1	2
606	6	1412.7	1	1	2
606	6	799.51	1	1	2
606	6	925.24	1	1	2
606	6	1405.8	1	1	2
606	6	1375.3	1	1	2
606	6	994.68	1	1	2
606	6	878.48	1	1	2
606	6	1691.6	1	1	2
606	6	1072.8	1	1	2
606	6	768.98	1	1	2
606	6	647.75	1	1	2
606	6	1045.9	1	1	2
606	6	1882.2	1	1	2
606	6	931.05	1	1	2
606	6	1375.2	1	1	2
606	6	1308.1	1	1	2
606	6	975.83	1	1	2
606	6	1037.4	1	1	2
606	6	888.28	1	1	2
606	6	1387.5	1	1	2
606	6	837.9	1	1	2
606	6	1469	1	1	2
606	6	2510	1	1	2
606	6	1338.7	1	1	2
606	6	1391.3	1	1	2
606	6	1095	1	1	2
606	6	2413.2	1	1	2
606	6	1117.5	1	1	2
606	6	1325.1	1	1	2
606	6	1204.7	1	1	2
606	6	1289.2	0	1	2
606	6	1588	1	1	2
606	6	2012.8	1	1	2
606	6	1620.1	1	1	2
606	6	832.16	1	1	2
606	6	2382.4	1	1	2
606	6	2701	1	1	2
606	6	711.62	1	1	2
606	6	2975.2	1	1	2
606	6	690	1	1	2
606	6	1784.3	1	1	2
606	6	3431.9	1	1	2
606	6	650.26	1	1	2
606	6	1084.6	1	1	2
606	6	1126.2	0	1	1
606	6	1282.7	1	1	1
606	6	1264.6	1	1	1
606	6	1861.8	1	1	1
606	6	1773.8	0	1	1
606	6	733.61	1	1	1
606	6	2881.9	0	1	1
606	6	3848.6	0	1	1
606	6	1777.5	0	1	1
606	6	1711.6	1	1	1
606	6	3181.1	0	1	1
606	6	2351	0	1	1
606	6	1433.6	0	1	1
606	6	1334.7	1	1	1
606	6	2756	1	1	1
606	6	2072.2	0	1	1
606	6	1709.2	1	1	1
606	6	3467.5	1	1	1
606	6	2387.9	1	1	1
606	6	2611.1	0	1	1
606	6	1377.9	0	1	1
606	6	2403.7	1	1	1
606	6	1176	1	1	1
606	6	2416	0	1	1
606	6	2933.3	1	1	1
606	6	1861.1	0	1	1
606	6	3574.6	1	1	1
606	6	2057.7	0	1	1
606	6	2926.2	1	1	1
606	6	1868.2	0	1	1
606	6	929.53	0	1	1
606	6	1975.5	0	1	1
606	6	3297.5	1	1	1
606	6	1377.6	1	1	1
606	6	3527.7	1	1	1
606	6	1538.8	1	1	1
606	6	3009	1	1	1
606	6	1972.9	0	1	1
606	6	1388.8	1	1	1
606	6	1441.9	0	1	1
606	6	1842	1	1	1
606	6	2737.4	1	1	1
606	6	1928.3	1	1	1
606	6	2744.9	1	1	1
606	6	2707.1	1	1	1
606	6	1550.3	0	1	1
606	6	1728.3	0	1	1
606	6	3595.7	1	1	1
606	6	3464.4	1	1	1
606	6	3452.3	0	1	1
606	6	2943.9	1	1	1
606	6	2240.9	0	1	1
606	6	2388.2	0	1	1
606	6	2848.7	1	1	1
606	6	3842.3	0	1	1
606	6	2309.6	1	1	1
606	6	2169	1	1	1
606	6	2144	1	1	1
606	6	3194.5	1	1	1
606	6	1649.7	1	1	1
606	6	2821.1	1	1	1
606	6	1915.8	0	1	1
606	6	2095.3	1	1	1
606	6	1284	1	1	1
606	6	2923	1	1	1
606	6	2508.3	1	1	1
606	6	3105.7	1	1	1
606	6	1464.7	1	1	1
606	6	1174.8	0	1	1
606	6	2429	1	1	1
606	6	2503	1	1	1
606	6	3456.6	1	1	1
606	6	2474.8	1	1	1
606	6	1218.2	1	1	1
606	6	2310	1	1	1
606	6	2339.7	1	1	1
606	6	1959.8	1	1	1
606	6	1235.9	1	1	1
606	6	1587.6	0	1	1
606	6	1731.7	0	1	1
606	6	2656	1	1	1
606	6	2612.7	1	1	1
606	6	3014.2	0	1	1
606	6	3741.5	1	1	1
606	6	2967.2	1	1	1
606	6	1633.1	1	1	1
606	6	3234.3	1	1	1
606	6	1453.5	0	1	1
606	6	2676	1	1	1
606	6	2330.4	1	1	1
606	6	2298.3	1	1	1
606	6	3277.3	0	1	1
606	6	2153.5	1	1	1
606	6	2715.8	1	1	1
606	6	2515.7	1	1	1
606	6	1809.4	1	1	1
606	6	2239.6	1	1	1
606	6	2269.5	1	1	1
606	6	2841.1	1	1	1
606	6	3259.2	0	1	1
606	6	1367.1	1	1	1
606	6	2451.3	1	1	1
606	6	917.42	0	1	1
606	6	2646	0	1	1
606	6	2176.8	1	1	1
606	6	2954.4	1	1	1
606	6	2382.8	1	1	1
606	6	2802.7	1	1	1
606	6	2572.2	1	1	1
606	6	1271.5	0	1	1
606	6	2250.4	1	1	1
606	6	2417.9	1	1	1
606	6	3380.6	1	1	1
606	6	2453.5	1	1	1
606	6	2147.4	0	1	1
606	6	1715.1	1	1	1
606	6	2927.3	1	1	1
606	6	2337.6	1	1	1
606	6	2435.5	1	1	1
606	6	1874.3	1	1	1
606	6	2510.6	1	1	1
606	6	1121.1	1	1	1
606	6	1302.4	1	1	1
606	6	1199.9	0	1	1
606	6	2775	1	1	1
606	6	2267.9	1	1	1
606	6	2247.3	0	1	1
606	6	1375.5	0	1	1
606	6	2097.4	1	1	1
606	6	3207.5	1	1	1
606	6	2686.8	1	1	1
606	6	3346.7	1	1	1
606	6	1100.7	1	1	1
606	6	3381.4	1	1	1
606	6	847.99	0	1	1
606	6	2488	1	1	1
606	6	948.63	0	1	1
606	6	1281.3	1	1	1
606	6	1796.1	1	1	1
606	6	2563.5	1	1	1
606	6	1974.2	1	1	1
606	6	2534.8	1	1	1
606	6	2946.6	1	1	1
606	6	1997.3	1	1	1
606	6	1451.9	0	1	1
606	6	2596.1	1	1	1
606	6	1311.9	0	1	1
606	6	2808	0	1	1
606	6	2432.3	1	1	1
606	6	3451.2	1	1	1
606	6	3148.3	1	1	1
606	6	2969.6	1	1	1
606	6	3475.1	1	1	1
606	6	1123.8	0	1	1
606	6	648.67	0	1	1
606	6	1962.2	1	1	1
606	6	1103.8	1	1	1
606	6	1067.2	1	1	1
606	6	2001.4	1	1	1
606	6	1698	1	1	1
606	6	1625.7	1	1	1
606	6	1747.4	1	1	1
606	6	1614.3	1	1	1
606	6	1823.6	0	1	1
606	6	1974.1	1	1	1
606	6	898.51	1	1	1
606	6	1704.6	1	1	1
606	6	1532.1	1	1	1
606	6	1439.3	1	1	1
606	6	2846.9	1	1	1
606	6	2814.4	1	1	1
606	6	1847.5	0	1	1
606	6	1274.5	1	1	1
606	6	2504.8	1	1	1
606	6	1107.6	1	1	1
606	6	1615.1	1	1	1
606	6	1695.8	1	1	1
606	6	1775	1	1	1
606	6	1449.6	1	1	1
606	6	1317	1	1	1
606	6	1411.4	0	1	1
606	6	2810.1	1	1	1
606	6	2569.9	1	1	1
606	6	2059	1	1	1
606	6	1832.2	1	1	1
606	6	2052.9	1	1	1
606	6	1918.7	1	1	1
606	6	1526.6	1	1	1
606	6	972.63	1	1	1
606	6	1676.6	1	1	1
606	6	2291.6	0	1	1
606	6	1072.1	0	1	1
606	6	1568.1	1	1	1
606	6	3571.4	1	1	1
606	6	1590.8	1	1	1
606	6	1236.4	1	1	1
606	6	1030.1	1	1	1
606	6	1268	1	1	1
606	6	1923	1	1	1
606	6	941.09	1	1	1
606	6	2870.6	1	1	1
606	6	1645.5	0	1	1
606	6	2627.4	1	1	1
606	6	1390.7	1	1	1
606	6	2184.2	1	1	1
606	6	2198.4	1	1	1
606	6	1919.9	1	1	1
606	6	932.61	1	1	1
606	6	1020.4	1	1	1
606	6	1545.1	1	1	1
606	6	1258.8	1	1	1
606	6	2572.7	1	1	1
606	6	1072.1	1	1	1
606	6	1705.9	1	1	1
606	6	2423.3	1	1	1
606	6	1607.2	1	1	1
606	6	915.4	1	1	1
606	6	1553.5	0	1	1
606	6	2607	1	1	1
606	6	2387	1	1	1
606	6	2379.3	0	1	1
606	6	2077.3	1	1	1
606	6	2076.1	1	1	1
606	6	1733.8	1	1	1
606	6	1064.1	1	1	1
606	6	1097.2	1	1	1
606	6	1646.6	1	1	1
606	6	3887.7	1	1	1
606	6	1685.6	0	1	1
606	6	1806.1	1	1	1
606	6	1658.6	1	1	1
606	6	884.58	1	1	1
606	6	1395.7	1	1	1
606	6	3143.1	1	1	1
606	6	3185.4	1	1	1
606	6	1490.4	1	1	1
606	6	1844.9	1	1	1
606	6	1008.4	1	1	1
606	6	1249.3	1	1	1
606	6	3351.6	1	1	1
606	6	1092.7	1	1	1
606	6	1386.1	1	1	1
606	6	3674.4	1	1	1
606	6	1729.2	1	1	1
606	6	1602.1	1	1	1
606	6	1428.8	1	1	1
606	6	1418.6	1	1	1
606	6	3332.7	1	1	1
606	6	1572.4	1	1	1
606	6	1054.5	1	1	1
606	6	2710.9	1	1	1
606	6	1658.1	1	1	1
606	6	890.33	1	1	1
606	6	770.78	1	1	1
606	6	847.82	1	1	1
606	6	1599.8	1	1	1
606	6	2148.3	1	1	1
606	6	3132.8	0	1	1
606	6	853.47	1	1	1
606	6	844.07	1	1	1
606	6	1081	1	1	1
606	6	914.67	1	1	1
606	6	2189.6	1	1	1
606	6	2275.8	1	1	1
606	6	1419.4	1	1	1
606	6	1997.8	1	1	1
606	6	1368.9	1	1	1
606	6	985.74	1	1	1
606	6	2116.4	1	1	1
606	6	1029.6	1	1	1
606	6	1408	1	1	1
606	6	1019.6	1	1	1
606	6	903.11	0	1	1
606	6	1377.4	0	1	1
606	6	2060.4	1	1	1
606	6	2373.8	1	1	1
606	6	1796.5	1	1	1
606	6	1896.5	1	1	1
606	6	1967.5	0	1	1
606	6	1140.7	1	1	1
606	6	1169.3	1	1	1
606	6	2280.3	1	1	1
606	6	1253.5	1	1	1
606	6	1731.3	1	1	1
606	6	1215.6	1	1	1
606	6	909.63	1	1	1
606	6	1023.9	1	1	1
606	6	1331	1	1	1
606	6	893.75	1	1	1
606	6	1326.2	1	1	1
606	6	2372.8	1	1	1
606	6	1838	1	1	1
606	6	1282.3	1	1	1
606	6	1245.1	1	1	1
606	6	1233.9	1	1	1
606	6	1874.2	1	1	1
606	6	1573.1	1	1	1
606	6	3738.7	1	1	1
606	6	1427.4	1	1	1
606	6	1794.6	1	1	1
606	6	2870.5	0	1	1
606	6	1402.2	1	1	1
606	6	1199.1	1	1	1
606	6	1914.6	1	1	1
606	6	934.39	1	1	1
606	6	1572.6	1	1	1
606	6	3244.7	1	1	1
606	6	2921.1	0	1	1
606	6	1399.5	1	1	1
606	6	3292.9	0	1	1
606	6	1106.9	1	1	1
606	6	1012.5	1	1	1
606	6	1392.8	1	1	1
606	6	2128.8	1	1	1
606	6	2025.5	1	1	1
606	6	1197	1	1	1
606	6	1720	1	1	1
606	6	1097.7	1	1	1
606	6	2417.1	1	1	1
606	6	1115	1	1	1
606	6	1317.6	1	1	1
606	6	1032.9	1	1	1
606	6	1741.4	1	1	1
606	6	1970	1	1	1
606	6	1840.5	1	1	1
606	6	1610.4	1	1	1
606	6	1224.7	1	1	1
606	6	1659.9	1	1	1
606	6	905.28	1	1	1
606	6	1199	1	1	1
606	6	3304.6	1	1	1
606	6	3431.5	1	1	1
606	6	672.29	1	1	1
606	6	1820.6	1	1	1
606	6	1668.2	1	1	1
606	6	1811.4	1	1	1
606	6	1113.1	1	1	1
606	6	3905.8	0	1	1
606	6	1606.3	1	1	1
606	6	1368.4	1	1	1
606	6	2517.1	1	1	1
606	6	2343	1	1	1
606	6	2811.1	1	1	1
606	6	1787.4	1	1	1
606	6	1974.7	1	1	1
606	6	1802.2	0	1	1
606	6	3468.1	1	1	1
606	6	1933	1	1	1
606	6	1725.5	1	1	1
606	6	1995.4	1	1	1
606	6	1146.1	1	1	1
606	6	1287.2	1	1	1
606	6	1875.7	1	1	1
606	6	745.52	1	1	1
606	6	881.64	1	1	1
606	6	1981.5	0	1	1
606	6	1864.9	1	1	1
606	6	2157.7	1	2	-1
606	6	1228	0	2	-1
606	6	1608.5	0	2	-1
606	6	708.26	0	2	-1
606	6	794.26	0	2	-1
606	6	988.7	0	2	-1
606	6	1730.6	1	2	-1
606	6	1626.9	1	2	-1
606	6	755.17	0	2	-1
606	6	3802.5	0	2	-1
606	6	1273.7	1	2	-1
606	6	1002.9	0	2	-1
606	6	2384.2	1	2	-1
606	6	1913.9	1	2	-1
606	6	1795.3	1	2	-1
606	6	1542.4	1	2	-1
606	6	1356.7	0	2	-1
606	6	1970	0	2	-1
606	6	3799.2	0	2	-1
606	6	1949.8	1	2	-1
606	6	2609.6	1	2	-1
606	6	839.79	0	2	-1
606	6	3359	1	2	-1
606	6	1931.1	1	2	-1
606	6	2215.6	1	2	-1
606	6	1679.8	1	2	-1
606	6	2059.9	1	2	-1
606	6	1143.4	1	2	-1
606	6	1590.1	1	2	-1
606	6	1415.3	1	2	-1
606	6	1692.8	1	2	-1
606	6	1960	1	2	-1
606	6	1664.3	1	2	-1
606	6	1619.2	1	2	-1
606	6	795.16	0	2	-1
606	6	1153.7	1	2	-1
606	6	1538.4	1	2	-1
606	6	1172.8	0	2	-1
606	6	2695.6	0	2	-1
606	6	1031.4	1	2	-1
606	6	2685.7	0	2	-1
606	6	1130.9	1	2	-1
606	6	1364.4	1	2	-1
606	6	1539.3	1	2	-1
606	6	853.74	0	2	-1
606	6	2127	1	2	-1
606	6	1660	1	2	-1
606	6	1403.7	1	2	-1
606	6	1973.8	1	2	-1
606	6	1415.6	1	2	-1
606	6	1615.3	1	2	-1
606	6	1012.7	1	2	-1
606	6	2769.9	1	2	-1
606	6	2352.3	1	2	-1
606	6	1149.7	1	2	-1
606	6	1790.5	0	2	-1
606	6	1421.5	1	2	-1
606	6	2282.5	1	2	-1
606	6	1486.2	1	2	-1
606	6	1698.2	1	2	-1
606	6	693.22	0	2	-1
606	6	1105.2	0	2	-1
606	6	1237.8	1	2	-1
606	6	2437.7	1	2	-1
606	6	2047.2	1	2	-1
606	6	1487.6	1	2	-1
606	6	1235.3	1	2	-1
606	6	2136.1	1	2	-1
606	6	1374.5	1	2	-1
606	6	2120.1	1	2	-1
606	6	1176.3	1	2	-1
606	6	1988.9	1	2	-1
606	6	2019	1	2	-1
606	6	1151.7	1	2	-1
606	6	1330.6	1	2	-1
606	6	1103.1	1	2	-1
606	6	1272.6	1	2	-1
606	6	1379.8	1	2	-1
606	6	2451.2	1	2	-1
606	6	1611.8	1	2	-1
606	6	1303.7	1	2	-1
606	6	2724.8	1	2	-1
606	6	1219	1	2	-1
606	6	1024.6	1	2	-1
606	6	3613.3	0	2	-1
606	6	2033.9	1	2	-1
606	6	2217.7	1	2	-1
606	6	1949.2	1	2	-1
606	6	1302.3	1	2	-1
606	6	1079.4	1	2	-1
606	6	1453	1	2	-1
606	6	1459.5	1	2	-1
606	6	1643.9	1	2	-1
606	6	1460.4	1	2	-1
606	6	2059.3	1	2	-1
606	6	992.55	1	2	-1
606	6	1992.8	0	2	-1
606	6	1356	1	2	-1
606	6	1099.3	1	2	-1
606	6	837.78	1	2	-1
606	6	1438.4	1	2	-1
606	6	1396.6	1	2	-1
606	6	1159.2	1	2	-1
606	6	1171.9	1	2	-1
606	6	825.2	1	2	-1
606	6	1544.1	0	2	-1
606	6	2873	1	2	-1
606	6	961.85	0	2	-1
606	6	3083.6	0	2	-1
606	6	1408.9	1	2	-1
606	6	1958.3	1	2	-1
606	6	1354.8	1	2	-1
606	6	1571	1	2	-1
606	6	2215.6	1	2	-1
606	6	2101	0	2	-1
606	6	1689.1	1	2	-1
606	6	1488.3	1	2	-1
606	6	2115.4	1	2	-1
606	6	1921.9	0	2	-1
606	6	2723.7	1	2	-1
606	6	2585.6	1	2	-1
606	6	1201.8	1	2	-1
606	6	2268.4	0	2	-1
606	6	1847.7	1	2	-1
606	6	982.84	1	2	-1
606	6	1762.4	1	2	-1
606	6	2227.9	1	2	-1
606	6	1930.5	1	2	-1
606	6	2196.8	1	2	-1
606	6	1732.7	1	2	-1
606	6	1580.3	1	2	-1
606	6	2217.7	0	2	-1
606	6	937.13	1	2	-1
606	6	1435	1	2	-1
606	6	1125.8	1	2	-1
606	6	1893.6	1	2	-1
606	6	1002.3	1	2	-1
606	6	1112.4	1	2	-1
606	6	974.75	1	2	-1
606	6	1517.1	1	2	-1
606	6	954.19	1	2	-1
606	6	1122.4	1	2	-1
606	6	1259.1	1	2	-1
606	6	1059.4	1	2	-1
606	6	1514.3	1	2	-1
606	6	1390.3	1	2	-1
606	6	1609.3	1	2	-1
606	6	1358.5	1	2	-1
606	6	1816.2	1	2	-1
606	6	1001.3	1	2	-1
606	6	1185.4	1	2	-1
606	6	1698.4	0	2	-1
606	6	817.64	1	2	-1
606	6	1764.5	1	2	-1
606	6	3373.6	1	2	-1
606	6	1068.2	0	2	-1
606	6	3084.9	1	2	-1
606	6	1745.9	1	2	-1
606	6	1356.3	1	2	-1
606	6	1200.9	1	2	-1
606	6	1860.9	1	2	-1
606	6	723.2	0	2	-1
606	6	1302.2	1	2	-1
606	6	1425	1	2	-1
606	6	1243.4	1	2	-1
606	6	2713.5	1	2	-1
606	6	1155.3	1	2	-1
606	6	1082.1	1	2	-1
606	6	1408.6	1	2	-1
606	6	1658.9	1	2	-1
606	6	2837.3	0	2	-1
606	6	1178.6	1	2	-1
606	6	2856.2	1	2	-1
606	6	1440.7	1	2	-1
606	6	1580.3	1	2	-1
606	6	1444	1	2	-1
606	6	1266.5	1	2	-1
606	6	1111.9	1	2	-1
606	6	982.17	1	2	-1
606	6	2480.9	1	2	-1
606	6	1212.3	0	2	-1
606	6	1590.8	0	2	-1
606	6	1754.5	1	2	-1
606	6	716.97	0	2	-1
606	6	943.31	1	2	-1
606	6	1284.5	1	2	-1
606	6	1091.6	1	2	-1
606	6	2328	1	2	-1
606	6	1133.7	1	2	-1
606	6	2366.8	1	2	-1
606	6	1817.2	1	2	-1
606	6	954.1	0	2	-1
606	6	813.18	0	2	-1
606	6	1004.5	1	2	-1
606	6	566.55	1	2	-1
606	6	1243.7	1	2	-1
606	6	1424.3	1	2	-1
606	6	1093.3	1	2	-1
606	6	1095	1	2	-1
606	6	1912.6	0	2	-1
606	6	1019.7	1	2	-1
606	6	2845.4	0	2	-1
606	6	1146.4	1	2	-1
606	6	858.01	1	2	-1
606	6	1830.3	1	2	-1
606	6	841.98	0	2	-1
606	6	1527.9	1	2	-1
606	6	1140.9	1	2	-1
606	6	2835	1	2	-1
606	6	1723.7	0	2	-1
606	6	2157.5	1	2	-1
606	6	1183.2	0	2	-1
606	6	836.25	0	2	-1
606	6	1595.3	1	2	-1
606	6	978.52	1	2	-1
606	6	1188.3	1	2	-1
606	6	2756.5	1	2	-1
606	6	953.53	1	2	-1
606	6	937.74	1	2	-1
606	6	2188.1	1	2	-1
606	6	1747.3	1	2	-1
606	6	2767.6	1	2	-1
606	6	1332.5	1	2	-1
606	6	1324.8	1	2	-1
606	6	1660.3	1	2	-1
606	6	1024	1	2	-1
606	6	1497.6	1	2	-1
606	6	1873.1	0	2	-1
606	6	616.88	1	2	-1
606	6	1617.5	1	2	-1
606	6	1520.9	1	2	-1
606	6	1673.5	1	2	-1
606	6	1249	1	2	-1
606	6	1713.1	1	2	-1
606	6	980.7	0	2	-1
606	6	1322.5	1	2	-1
606	6	664.28	1	2	-1
606	6	1659.1	1	2	-1
606	6	2365.3	1	2	-1
606	6	2380	1	2	-1
606	6	1555	1	2	-1
606	6	719.84	0	2	-1
606	6	1049.8	1	2	-1
606	6	2794.8	1	2	-1
606	6	1523.8	0	2	-1
606	6	2720.5	1	2	-1
606	6	1579.7	1	2	-1
606	6	1676.2	0	2	-1
606	6	1275.9	1	2	-1
606	6	1385.6	1	2	-1
606	6	2536.4	1	2	-1
606	6	1991	0	2	-1
606	6	1776.2	1	2	-1
606	6	693.14	0	2	-1
606	6	2454.4	0	2	-1
606	6	1780	0	2	-1
606	6	1588.2	1	2	-1
606	6	1563.6	1	2	-1
606	6	1506.4	1	2	-1
606	6	791.74	0	2	-1
606	6	1341.1	1	2	-1
606	6	2228.1	1	2	-1
606	6	1449.2	0	2	-1
606	6	1551.4	0	2	-1
606	6	1316.1	1	2	-1
606	6	1597.3	1	2	-1
606	6	1559.7	1	2	-1
606	6	1200.8	0	2	-1
606	6	1217.9	1	2	-1
606	6	2107	1	2	-1
606	6	2170.4	1	2	-1
606	6	1112.8	1	2	-1
606	6	1006.3	1	2	-1
606	6	1133.4	1	2	-1
606	6	1150.9	1	2	-1
606	6	1171.9	1	2	-1
606	6	1657.4	1	2	-1
606	6	1293.5	1	2	-1
606	6	1057.3	0	2	-1
606	6	1584.3	1	2	-1
606	6	1174.9	1	2	-1
606	6	1867.3	1	2	-1
606	6	2498.6	1	2	-1
606	6	1037.2	1	2	-1
606	6	1232.7	1	2	-1
606	6	968.8	0	2	-1
606	6	1486.8	1	2	-1
606	6	1212.7	1	2	-1
606	6	1151.5	1	2	-1
606	6	1371.6	1	2	-1
606	6	1210.8	1	2	-1
606	6	1254.2	1	2	-1
606	6	2255.2	1	2	-1
606	6	1177.5	1	2	-1
606	6	2284.2	1	2	-1
606	6	2807.1	1	2	-1
606	6	2817	1	2	-1
606	6	1538.7	0	2	-1
606	6	3001.9	1	2	-1
606	6	1080.8	1	2	-1
606	6	1556.7	1	2	-1
606	6	1064.4	1	2	-1
606	6	3055.4	1	2	-1
606	6	2748.6	1	2	-1
606	6	1058.6	1	2	-1
606	6	2084.4	1	2	-1
606	6	1575.7	1	2	-1
606	6	1316.7	1	2	-1
606	6	1369.3	1	2	-1
606	6	1749.3	1	2	-1
606	6	1717.6	1	2	-1
606	6	2190.8	1	2	-1
606	6	1281	1	2	-1
606	6	731.4	0	2	-1
606	6	2229.7	0	2	-1
606	6	1204.9	1	2	-1
606	6	2583	0	2	-1
606	6	1610	1	2	-1
606	6	1130.1	1	2	-1
606	6	1285.5	1	2	-1
606	6	1854.3	1	2	-1
606	6	1543	1	2	-1
606	6	1281.9	1	2	-1
606	6	992.52	1	2	-1
606	6	1337.7	1	2	-1
606	6	1038.9	1	2	-1
606	6	1045.6	1	2	-1
606	6	1097.1	1	2	-1
606	6	1337.9	1	2	-1
606	6	962.31	0	2	-1
606	6	2151.6	1	2	-1
606	6	1716.6	1	2	-1
606	6	2764	0	2	-1
606	6	2679.2	1	2	-1
606	6	921.22	1	2	-1
606	6	1104.7	1	2	-1
606	6	1300.4	1	2	-1
606	6	1710.5	0	2	-1
606	6	1683.9	1	2	-1
606	6	1220.5	1	2	-1
606	6	1562.1	1	2	-1
606	6	2254.4	1	2	-1
606	6	2737.8	1	2	-1
606	6	1146.1	1	2	-1
606	6	1645.5	1	2	-1
606	6	1476.6	1	2	-1
606	6	1689.2	0	2	-1
606	6	1361.9	1	2	-1
606	6	1734	1	2	-1
606	6	1322.5	1	2	-1
606	6	980.17	1	2	-1
606	6	1155.3	1	2	-1
606	6	1799.6	1	1	-1
606	6	2320.4	1	1	-1
606	6	1024.6	1	1	-1
606	6	687.75	0	1	-1
606	6	2200.7	0	1	-1
606	6	1570.1	1	1	-1
606	6	1768	1	1	-1
606	6	1121.5	1	1	-1
606	6	1838.1	1	1	-1
606	6	1142	1	1	-1
606	6	1987.1	1	1	-1
606	6	1718.7	1	1	-1
606	6	1590.6	1	1	-1
606	6	1203.1	1	1	-1
606	6	2560.2	0	1	-1
606	6	2268.7	1	1	-1
606	6	1751.9	1	1	-1
606	6	2387	1	1	-1
606	6	2573.2	1	1	-1
606	6	1439.9	1	1	-1
606	6	1471.9	1	1	-1
606	6	2574.6	1	1	-1
606	6	1963.1	1	1	-1
606	6	1228.3	1	1	-1
606	6	365.49	1	1	-1
606	6	1523.6	1	1	-1
606	6	1267.7	1	1	-1
606	6	2112.6	1	1	-1
606	6	1549.4	1	1	-1
606	6	2007	1	1	-1
606	6	1212.7	1	1	-1
606	6	1894.7	1	1	-1
606	6	1148.2	1	1	-1
606	6	1170.3	1	1	-1
606	6	1831.6	1	1	-1
606	6	1164.1	1	1	-1
606	6	2424.8	1	1	-1
606	6	1110.6	1	1	-1
606	6	1948.8	1	1	-1
606	6	1527.2	1	1	-1
606	6	1335	1	1	-1
606	6	2084.5	1	1	-1
606	6	1743.6	1	1	-1
606	6	2766.2	1	1	-1
606	6	1890.7	1	1	-1
606	6	1415.7	1	1	-1
606	6	1997.2	1	1	-1
606	6	1225.9	1	1	-1
606	6	911.97	1	1	-1
606	6	1584.4	1	1	-1
606	6	2450	1	1	-1
606	6	1866.9	1	1	-1
606	6	1352	1	1	-1
606	6	1255.9	1	1	-1
606	6	2202	1	1	-1
606	6	2049.5	1	1	-1
606	6	2321.9	1	1	-1
606	6	1146.6	1	1	-1
606	6	2265.2	1	1	-1
606	6	1690.6	1	1	-1
606	6	2872	1	1	-1
606	6	2785.7	1	1	-1
606	6	934.2	1	1	-1
606	6	1377.2	1	1	-1
606	6	1577.6	1	1	-1
606	6	1369.6	1	1	-1
606	6	1799.6	1	1	-1
606	6	1564.1	1	1	-1
606	6	1802.6	1	1	-1
606	6	1667.8	1	1	-1
606	6	1318.2	1	1	-1
606	6	1867.9	1	1	-1
606	6	1142.5	1	1	-1
606	6	1209.8	1	1	-1
606	6	1250.3	1	1	-1
606	6	1642.1	1	1	-1
606	6	1521.4	1	1	-1
606	6	1817.2	1	1	-1
606	6	1358.5	1	1	-1
606	6	1325.8	1	1	-1
606	6	2084.8	1	1	-1
606	6	2910.9	1	1	-1
606	6	3091.9	1	1	-1
606	6	1777.4	1	1	-1
606	6	2173.9	1	1	-1
606	6	1366.5	1	1	-1
606	6	2037.5	1	1	-1
606	6	1117.3	1	1	-1
606	6	2738	1	1	-1
606	6	1814.3	1	1	-1
606	6	1044.8	1	1	-1
606	6	2234.6	1	1	-1
606	6	1369.9	1	1	-1
606	6	1353.9	1	1	-1
606	6	1490.9	1	1	-1
606	6	1247.7	1	1	-1
606	6	1235.1	1	1	-1
606	6	1121.7	1	1	-1
606	6	1428.7	1	1	-1
606	6	558.8	0	1	-1
606	6	1503.8	1	1	-1
606	6	1193.2	1	1	-1
606	6	944.36	1	1	-1
606	6	1120.1	1	1	-1
606	6	799.84	1	1	-1
606	6	2411.5	1	1	-1
606	6	1406.7	1	1	-1
606	6	1138.5	1	1	-1
606	6	1826.1	1	1	-1
606	6	2369.2	1	1	-1
606	6	2227.7	1	1	-1
606	6	1865.8	1	1	-1
606	6	1490.1	1	1	-1
606	6	2187	1	1	-1
606	6	3210.3	0	1	-1
606	6	1577.3	1	1	-1
606	6	2872.9	0	1	-1
606	6	1191.8	1	1	-1
606	6	1456.1	1	1	-1
606	6	1805	1	1	-1
606	6	2678.4	1	1	-1
606	6	1482.2	1	1	-1
606	6	1329.1	1	1	-1
606	6	2634.1	1	1	-1
606	6	1257.3	1	1	-1
606	6	1859.1	1	1	-1
606	6	1472.7	1	1	-1
606	6	1259	1	1	-1
606	6	1796.1	1	1	-1
606	6	1588.6	1	1	-1
606	6	1248.3	1	1	-1
606	6	1817	1	1	-1
606	6	2781.4	1	1	-1
606	6	2167.4	1	1	-1
606	6	1027	1	1	-1
606	6	1565.3	1	1	-1
606	6	1050.4	1	1	-1
606	6	1165.1	1	1	-1
606	6	1505.2	1	1	-1
606	6	2557.7	1	1	-1
606	6	1204.7	1	1	-1
606	6	1081	1	1	-1
606	6	1667.2	1	1	-1
606	6	1902.2	1	1	-1
606	6	1110.6	1	1	-1
606	6	737.49	1	1	-1
606	6	1043.3	1	1	-1
606	6	1031.1	1	1	-1
606	6	1088.3	1	1	-1
606	6	2131	1	1	-1
606	6	1754.4	1	1	-1
606	6	1351.3	1	1	-1
606	6	1326.3	1	1	-1
606	6	994.59	1	1	-1
606	6	1501.8	1	1	-1
606	6	1390.9	1	1	-1
606	6	1346.9	1	1	-1
606	6	1661	1	1	-1
606	6	1327.3	1	1	-1
606	6	1506	1	1	-1
606	6	1141.8	1	1	-1
606	6	1325	1	1	-1
606	6	2147.3	1	1	-1
606	6	1192.3	1	1	-1
606	6	1085.2	1	1	-1
606	6	1283.2	1	1	-1
606	6	954.55	1	1	-1
606	6	1002	1	1	-1
606	6	1771.5	1	1	-1
606	6	1094.3	1	1	-1
606	6	1361.5	1	1	-1
606	6	953.16	1	1	-1
606	6	1002.6	1	1	-1
606	6	1120.8	1	1	-1
606	6	791.82	1	1	-1
606	6	1024.7	1	1	-1
606	6	1298.3	1	1	-1
606	6	1166.4	1	1	-1
606	6	1374.1	1	1	-1
606	6	1465.9	1	1	-1
606	6	2035.2	1	1	-1
606	6	2005.7	1	1	-1
606	6	1885.4	1	1	-1
606	6	953.74	1	1	-1
606	6	1345.3	1	1	-1
606	6	1099.6	1	1	-1
606	6	1594.1	1	1	-1
606	6	1067.8	1	1	-1
606	6	2206.9	1	1	-1
606	6	1586.2	1	1	-1
606	6	1449.1	1	1	-1
606	6	1072	1	1	-1
606	6	1128.3	1	1	-1
606	6	1225.2	1	1	-1
606	6	1455.9	1	1	-1
606	6	969.72	1	1	-1
606	6	1005.6	1	1	-1
606	6	871.97	1	1	-1
606	6	845.9	1	1	-1
606	6	928.82	1	1	-1
606	6	833.85	1	1	-1
606	6	1399.1	1	1	-1
606	6	607.62	1	1	-1
606	6	569.77	1	1	-1
606	6	997.97	1	1	-1
606	6	603.16	1	1	-1
606	6	1171	1	1	-1
606	6	788.28	1	1	-1
606	6	1266.1	1	1	-1
606	6	810.49	1	1	-1
606	6	1253.2	1	1	-1
606	6	1196.3	1	1	-1
606	6	1747.5	1	1	-1
606	6	1389.6	1	1	-1
606	6	820.91	1	1	-1
606	6	1091.3	1	1	-1
606	6	959.26	1	1	-1
606	6	1832.4	1	1	-1
606	6	874.07	1	1	-1
606	6	2132.9	1	1	-1
606	6	2585	1	1	-1
606	6	742.8	1	1	-1
606	6	1073.6	1	1	-1
606	6	1601.9	1	1	-1
606	6	1134	1	1	-1
606	6	1121.3	1	1	-1
606	6	1529.6	1	1	-1
606	6	1397	1	1	-1
606	6	1016.9	1	1	-1
606	6	2109.3	1	1	-1
606	6	1222.5	1	1	-1
606	6	953.12	1	1	-1
606	6	1057.8	1	1	-1
606	6	684.14	1	1	-1
606	6	891.61	1	1	-1
606	6	1000.3	1	1	-1
606	6	1115	1	1	-1
606	6	2275.1	1	1	-1
606	6	1810.4	1	1	-1
606	6	1919	1	1	-1
606	6	1111.2	1	1	-1
606	6	544.44	1	1	-1
606	6	745.72	1	1	-1
606	6	1282.8	1	1	-1
606	6	1197.4	1	1	-1
606	6	909.07	1	1	-1
606	6	2295.5	0	1	-1
606	6	2089.5	0	1	-1
606	6	2111.8	1	1	-1
606	6	1881.7	1	1	-1
606	6	766.51	1	1	-1
606	6	1106	1	1	-1
606	6	1850	1	1	-1
606	6	1079.8	1	1	-1
606	6	1184.6	1	1	-1
606	6	1082	1	1	-1
606	6	1979.9	1	1	-1
606	6	1039.1	1	1	-1
606	6	1134.6	1	1	-1
606	6	1516.6	1	1	-1
606	6	1239.1	1	1	-1
606	6	1694.4	1	1	-1
606	6	1367.2	1	1	-1
606	6	1902.1	1	1	-1
606	6	1171.3	1	1	-1
606	6	2372.9	1	1	-1
606	6	1199.8	1	1	-1
606	6	1445.5	1	1	-1
606	6	823.41	1	1	-1
606	6	1609.4	1	1	-1
606	6	1188.5	1	1	-1
606	6	962.09	1	1	-1
606	6	1266	1	1	-1
606	6	1413.5	1	1	-1
606	6	1109.9	1	1	-1
606	6	1045.3	1	1	-1
606	6	1490.6	1	1	-1
606	6	670.36	1	1	-1
606	6	1026.4	1	1	-1
606	6	913.7	1	1	-1
606	6	905.24	1	1	-1
606	6	1011.1	1	1	-1
606	6	1094.4	1	1	-1
606	6	1031.4	1	1	-1
606	6	1304.6	1	1	-1
606	6	1600.1	1	1	-1
606	6	2655.6	1	1	-1
606	6	1243.6	1	1	-1
606	6	1609.6	1	1	-1
606	6	1767.2	1	1	-1
606	6	1677.3	1	1	-1
606	6	1210.8	1	1	-1
606	6	1287	1	1	-1
606	6	1335.2	1	1	-1
606	6	910.07	1	1	-1
606	6	1143.2	1	1	-1
606	6	2050.2	0	1	-1
606	6	868.62	1	1	-1
606	6	2667.4	1	1	-1
606	6	2695.7	1	1	-1
606	6	849.13	1	1	-1
606	6	1183.7	1	1	-1
606	6	2876.5	1	1	-1
606	6	3353.4	1	1	-1
606	6	2110.9	1	1	-1
606	6	3175	0	1	-1
606	6	955.77	1	1	-1
606	6	1014.7	1	1	-1
606	6	1501.6	1	1	-1
606	6	1123.8	1	1	-1
606	6	1599.3	1	1	-1
606	6	1077.4	1	1	-1
606	6	1105.7	1	1	-1
606	6	960.97	1	1	-1
606	6	1018.5	1	1	-1
606	6	2170.7	0	1	-1
606	6	1375.1	1	1	-1
606	6	995.85	1	1	-1
606	6	1402.2	1	1	-1
606	6	1402.4	1	1	-1
606	6	1012	1	1	-1
606	6	857.19	1	1	-1
606	6	1127.8	1	1	-1
606	6	1177.5	1	1	-1
606	6	833.59	1	1	-1
606	6	1164.9	1	1	-1
606	6	1297.7	1	1	-1
606	6	1757.6	1	1	-1
606	6	1654.9	0	1	-1
606	6	1390.6	1	1	-1
606	6	1444.7	1	1	-1
606	6	1148.8	1	1	-1
606	6	1412.2	1	1	-1
606	6	1060.6	1	1	-1
606	6	2178.4	1	1	-1
606	6	1765.7	1	1	-1
606	6	1121.2	1	1	-1
606	6	1452.5	1	1	-1
606	6	2541.4	1	1	-1
606	6	2028.6	1	1	-1
606	6	3258.1	1	1	-1
606	6	1885.3	1	1	-1
606	6	1050.6	1	1	-1
606	6	1854.4	1	1	-1
606	6	1760.3	1	1	-1
606	6	1491.2	1	1	-1
606	6	1980.9	1	1	-1
606	6	2299	1	1	-1
606	6	1329.7	0	1	-1
606	6	2769.6	1	1	-1
606	6	954.3	1	1	-1
606	6	2693.4	1	-1	2
606	6	984.2	1	-1	2
606	6	828.63	1	-1	2
606	6	672.41	1	-1	2
606	6	976.88	1	-1	2
606	6	597.24	1	-1	2
606	6	616.15	1	-1	2
606	6	1041.3	1	-1	2
606	6	995.87	1	-1	2
606	6	1388.4	1	-1	2
606	6	2028.6	1	-1	2
606	6	2073.2	1	-1	2
606	6	1541.1	0	-1	2
606	6	825.1	1	-1	2
606	6	1369.1	1	-1	2
606	6	1482.5	1	-1	2
606	6	1366.1	0	-1	2
606	6	1976.3	1	-1	2
606	6	3409.4	1	-1	2
606	6	807.8	1	-1	2
606	6	1627.6	0	-1	2
606	6	2357.6	1	-1	2
606	6	1521.9	1	-1	2
606	6	1050.4	1	-1	2
606	6	1195.7	1	-1	2
606	6	2071.4	1	-1	2
606	6	1567.3	1	-1	2
606	6	1954.3	1	-1	2
606	6	1504.5	1	-1	2
606	6	1081.2	1	-1	2
606	6	1097.8	1	-1	2
606	6	1140.1	0	-1	2
606	6	1495.6	1	-1	2
606	6	840.6	1	-1	2
606	6	745.14	1	-1	2
606	6	1286.4	1	-1	2
606	6	2249	1	-1	2
606	6	1762.2	1	-1	2
606	6	747.94	1	-1	2
606	6	1664.2	0	-1	2
606	6	1328.7	1	-1	2
606	6	2130.5	1	-1	2
606	6	1463.2	1	-1	2
606	6	1727.7	1	-1	2
606	6	775.01	1	-1	2
606	6	1955.8	1	-1	2
606	6	1201.3	0	-1	2
606	6	2339.4	1	-1	2
606	6	935.48	1	-1	2
606	6	645.35	1	-1	2
606	6	2292.1	0	-1	2
606	6	1646.9	1	-1	2
606	6	2768.4	1	-1	2
606	6	1736.4	1	-1	2
606	6	1729.1	0	-1	2
606	6	1942.9	1	-1	2
606	6	2260.5	1	-1	2
606	6	2763.7	1	-1	2
606	6	1911.5	1	-1	2
606	6	2293.5	1	-1	2
606	6	2341.5	1	-1	2
606	6	977.96	1	-1	2
606	6	1254.8	1	-1	2
606	6	688.27	1	-1	2
606	6	822.93	1	-1	2
606	6	2049.6	1	-1	2
606	6	1354.7	1	-1	2
606	6	2597.3	1	-1	2
606	6	1535.3	1	-1	2
606	6	1260.7	1	-1	2
606	6	1603.5	1	-1	2
606	6	948.66	1	-1	2
606	6	1278.8	1	-1	2
606	6	987.95	1	-1	2
606	6	2061.4	1	-1	2
606	6	2278.4	1	-1	2
606	6	903.72	1	-1	2
606	6	912.44	1	-1	2
606	6	1899	1	-1	2
606	6	1970.2	1	-1	2
606	6	3532.1	1	-1	2
606	6	1409.8	1	-1	2
606	6	1818.6	1	-1	2
606	6	2969.3	1	-1	2
606	6	1490.9	1	-1	2
606	6	2505.7	1	-1	2
606	6	1988.7	1	-1	2
606	6	1120.4	1	-1	2
606	6	2248.4	1	-1	2
606	6	2104	1	-1	2
606	6	2596	1	-1	2
606	6	1093.4	1	-1	2
606	6	2242	1	-1	2
606	6	1528.1	1	-1	2
606	6	1670.9	1	-1	2
606	6	1483	1	-1	2
606	6	1536.6	1	-1	2
606	6	769.86	1	-1	2
606	6	969.98	1	-1	2
606	6	1102.3	1	-1	2
606	6	935.79	1	-1	2
606	6	1471.7	1	-1	2
606	6	1361.7	1	-1	2
606	6	2841.4	1	-1	2
606	6	1665.9	1	-1	2
606	6	2418.3	1	-1	2
606	6	1702.8	1	-1	2
606	6	1990.3	1	-1	2
606	6	865.33	1	-1	2
606	6	1106.3	1	-1	2
606	6	687.96	1	-1	2
606	6	1445	1	-1	2
606	6	2976.3	1	-1	2
606	6	1714.7	1	-1	2
606	6	2317.4	1	-1	2
606	6	1429.7	1	-1	2
606	6	1191.4	1	-1	2
606	6	3012.5	0	-1	2
606	6	1092.1	1	-1	2
606	6	1829.8	1	-1	2
606	6	1294	1	-1	2
606	6	2271.5	1	-1	2
606	6	2068.4	1	-1	2
606	6	1256.9	1	-1	2
606	6	1564.1	1	-1	2
606	6	1936.1	1	-1	2
606	6	815.39	1	-1	2
606	6	869.6	1	-1	2
606	6	1078.2	1	-1	2
606	6	3329.9	1	-1	2
606	6	1362.8	1	-1	2
606	6	1743.5	1	-1	2
606	6	1729.5	1	-1	2
606	6	1558.6	1	-1	2
606	6	2095.3	1	-1	2
606	6	2131.2	1	-1	2
606	6	2003.5	1	-1	2
606	6	2292.6	1	-1	2
606	6	1593.2	1	-1	2
606	6	1463.2	1	-1	2
606	6	1598.8	1	-1	2
606	6	2310.8	1	-1	2
606	6	2447.1	1	-1	2
606	6	2536.7	1	-1	2
606	6	1876.9	1	-1	2
606	6	1494	1	-1	2
606	6	1932.7	1	-1	2
606	6	2866.6	1	-1	2
606	6	1815.5	1	-1	2
606	6	799.08	1	-1	2
606	6	915.21	1	-1	2
606	6	1220.4	1	-1	2
606	6	1665.8	1	-1	2
606	6	1554	1	-1	2
606	6	1483.5	1	-1	2
606	6	819.67	1	-1	2
606	6	1622.4	1	-1	2
606	6	844.58	1	-1	2
606	6	939.59	1	-1	2
606	6	2026.7	1	-1	2
606	6	1007.8	1	-1	2
606	6	679.89	1	-1	2
606	6	2701.3	0	-1	2
606	6	1532.9	1	-1	2
606	6	839.82	1	-1	2
606	6	998.58	1	-1	2
606	6	762.71	1	-1	2
606	6	1720.8	1	-1	2
606	6	759.58	1	-1	2
606	6	758.94	1	-1	2
606	6	1471.3	1	-1	2
606	6	1633.2	1	-1	2
606	6	1025.3	1	-1	2
606	6	1473.8	1	-1	2
606	6	925.38	1	-1	2
606	6	943.77	1	-1	2
606	6	1352.6	0	-1	2
606	6	2151.7	1	-1	2
606	6	957.23	1	-1	2
606	6	1619.6	1	-1	2
606	6	725.08	1	-1	2
606	6	877.64	1	-1	2
606	6	1725.5	1	-1	2
606	6	2625.1	1	-1	2
606	6	1365.1	1	-1	2
606	6	1200	1	-1	2
606	6	1622	1	-1	2
606	6	1249.7	1	-1	2
606	6	827.55	1	-1	2
606	6	2636.1	1	-1	2
606	6	815.68	1	-1	2
606	6	2415.3	1	-1	2
606	6	938.7	1	-1	2
606	6	1041.3	1	-1	2
606	6	1312.4	1	-1	2
606	6	961.44	1	-1	2
606	6	665.26	1	-1	2
606	6	819.04	1	-1	2
606	6	1226.4	1	-1	2
606	6	1191.2	1	-1	2
606	6	644.89	1	-1	2
606	6	927.18	1	-1	2
606	6	2087.3	1	-1	2
606	6	1000.1	1	-1	2
606	6	1803	1	-1	2
606	6	742.45	1	-1	2
606	6	1139.2	1	-1	2
606	6	655.5	1	-1	2
606	6	904.49	1	-1	2
606	6	718.42	1	-1	2
606	6	756.24	1	-1	2
606	6	652.96	1	-1	2
606	6	660.24	1	-1	2
606	6	681.04	1	-1	2
606	6	914.76	1	-1	2
606	6	1787.9	1	-1	2
606	6	2652.7	1	-1	2
606	6	1879.7	1	-1	2
606	6	2121.5	1	-1	2
606	6	1153.8	1	-1	2
606	6	1006.6	1	-1	2
606	6	1115.4	1	-1	2
606	6	743.01	1	-1	2
606	6	847.16	1	-1	2
606	6	947.82	1	-1	2
606	6	1433.9	1	-1	2
606	6	1631.1	0	-1	2
606	6	1031.4	1	-1	2
606	6	902.44	1	-1	2
606	6	896.27	1	-1	2
606	6	1972.1	0	-1	2
606	6	708.52	1	-1	2
606	6	681.44	1	-1	2
606	6	1177.6	1	-1	2
606	6	1520	1	-1	2
606	6	1292.8	1	-1	2
606	6	650.61	1	-1	2
606	6	1482.9	1	-1	2
606	6	672.14	1	-1	2
606	6	796.74	1	-1	2
606	6	1106.6	1	-1	2
606	6	1434.7	1	-1	2
606	6	835.14	1	-1	2
606	6	1679.4	1	-1	2
606	6	757.6	1	-1	2
606	6	710.92	1	-1	2
606	6	805.43	1	-1	2
606	6	1864.3	0	-1	2
606	6	1192.6	1	-1	2
606	6	1315.1	1	-1	2
606	6	949.05	1	-1	2
606	6	2778.4	1	-1	2
606	6	1416.9	1	-1	2
606	6	1654.9	1	-1	2
606	6	1268.1	1	-1	2
606	6	1080.9	1	-1	2
606	6	1207.7	1	-1	2
606	6	1692.5	1	-1	2
606	6	1420.8	1	-1	2
606	6	2163.4	0	-1	2
606	6	1375.9	1	-1	2
606	6	1254.6	1	-1	2
606	6	914.04	1	-1	2
606	6	773.19	1	-1	2
606	6	1538	1	-1	2
606	6	1344.9	1	-1	2
606	6	1333.1	1	-1	2
606	6	930.82	1	-1	2
606	6	941.34	1	-1	2
606	6	723	1	-1	2
606	6	1263.4	1	-1	2
606	6	1695.9	1	-1	2
606	6	1466.7	1	-1	2
606	6	800.44	1	-1	2
606	6	1285	0	-1	2
606	6	966.89	1	-1	2
606	6	1999.7	1	-1	2
606	6	1342	1	-1	2
606	6	1373.1	1	-1	2
606	6	780.91	1	-1	2
606	6	770.35	1	-1	2
606	6	976.38	1	-1	2
606	6	1287.9	1	-1	2
606	6	1271	1	-1	2
606	6	1599	1	-1	2
606	6	903.27	1	-1	2
606	6	1038.2	1	-1	2
606	6	1374.9	1	-1	2
606	6	944.29	1	-1	2
606	6	873.52	1	-1	2
606	6	989.3	1	-1	2
606	6	1006.9	1	-1	2
606	6	2045.7	0	-1	2
606	6	1241.7	1	-1	2
606	6	712.73	1	-1	2
606	6	799.41	1	-1	2
606	6	851.33	1	-1	2
606	6	2470.8	0	-1	2
606	6	2576	0	-1	2
606	6	1297.6	1	-1	2
606	6	1031.2	1	-1	2
606	6	698.39	1	-1	2
606	6	870.38	1	-1	2
606	6	2250.9	1	-1	2
606	6	927.31	1	-1	2
606	6	2757.3	1	-1	2
606	6	2335	1	-1	2
606	6	2374.2	0	-1	2
606	6	1469.1	1	-1	2
606	6	818.3	1	-1	2
606	6	1826.6	1	-1	2
606	6	804.64	1	-1	2
606	6	1954.8	1	-1	2
606	6	1094.9	1	-1	2
606	6	1330.8	1	-1	2
606	6	2821.9	1	-1	2
606	6	1533.4	1	-1	2
606	6	1514.4	1	-1	2
606	6	862.62	1	-1	2
606	6	2448.2	0	-1	2
606	6	1606	1	-1	2
606	6	3460.4	1	-1	2
606	6	1809.7	1	-1	2
606	6	943.62	1	-1	2
606	6	1146.9	1	-1	2
606	6	1000.6	1	-1	2
606	6	1683.5	1	-1	2
606	6	1877.6	0	-1	2
606	6	2169.7	1	-1	2
606	6	3040.9	0	-1	2
606	6	1572.3	1	-1	2
606	6	2355.1	1	-1	2
606	6	1525.1	1	-1	2
606	6	2193.5	1	-1	2
606	6	1090.9	1	-1	2
606	6	646.1	1	-1	2
606	6	1346.3	1	-1	2
606	6	2762.8	1	-1	2
606	6	1126.9	1	-1	2
606	6	1790.1	1	-1	2
606	6	1025.4	1	-1	2
606	6	1231.2	1	-1	2
606	6	955.79	1	-1	2
606	6	753.21	1	-1	2
606	6	1199.9	1	-1	2
606	6	672.57	1	-1	2
606	6	1253.8	1	-1	2
606	6	1092.1	1	-1	2
606	6	1048.7	1	-1	2
606	6	855.25	1	-1	2
606	6	999.6	1	-1	2
606	6	1263.4	1	-1	1
606	6	1493.8	1	-1	1
606	6	2018.7	1	-1	1
606	6	1144.3	1	-1	1
606	6	672.81	1	-1	1
606	6	935.88	1	-1	1
606	6	967.59	1	-1	1
606	6	2533.7	1	-1	1
606	6	2177.3	1	-1	1
606	6	824.89	1	-1	1
606	6	996.58	1	-1	1
606	6	2325.8	1	-1	1
606	6	1168.1	0	-1	1
606	6	1499.3	1	-1	1
606	6	1144.6	1	-1	1
606	6	2045.1	1	-1	1
606	6	1122.1	1	-1	1
606	6	1016.5	1	-1	1
606	6	1202.5	1	-1	1
606	6	2100.1	1	-1	1
606	6	2062.2	1	-1	1
606	6	1207.6	1	-1	1
606	6	1268.3	1	-1	1
606	6	1115.2	1	-1	1
606	6	2019.7	1	-1	1
606	6	942.81	1	-1	1
606	6	1353	1	-1	1
606	6	2658.1	1	-1	1
606	6	1403.6	1	-1	1
606	6	768.1	1	-1	1
606	6	870.31	1	-1	1
606	6	1407.9	1	-1	1
606	6	2116	1	-1	1
606	6	1283.4	1	-1	1
606	6	855.46	1	-1	1
606	6	735.18	1	-1	1
606	6	697.27	1	-1	1
606	6	1711.2	1	-1	1
606	6	803.52	1	-1	1
606	6	1597.5	1	-1	1
606	6	1686.5	1	-1	1
606	6	1268.6	1	-1	1
606	6	1527.5	1	-1	1
606	6	1098.3	1	-1	1
606	6	1707.5	1	-1	1
606	6	1443.9	0	-1	1
606	6	797.22	1	-1	1
606	6	2377	1	-1	1
606	6	1199.2	1	-1	1
606	6	1301.5	1	-1	1
606	6	1094.4	1	-1	1
606	6	1018	1	-1	1
606	6	1953.6	1	-1	1
606	6	1063.1	1	-1	1
606	6	829.18	1	-1	1
606	6	1006.4	1	-1	1
606	6	1752.9	1	-1	1
606	6	1996.9	1	-1	1
606	6	1040.7	1	-1	1
606	6	1740.1	1	-1	1
606	6	1799.8	1	-1	1
606	6	895.94	1	-1	1
606	6	691.07	1	-1	1
606	6	1683.8	1	-1	1
606	6	982.53	1	-1	1
606	6	1212.8	1	-1	1
606	6	832.3	1	-1	1
606	6	1766.9	1	-1	1
606	6	1751.1	1	-1	1
606	6	1950.5	1	-1	1
606	6	1383.9	1	-1	1
606	6	1632.8	1	-1	1
606	6	1253.3	1	-1	1
606	6	1629.6	1	-1	1
606	6	2836.3	1	-1	1
606	6	896.63	1	-1	1
606	6	1031.1	1	-1	1
606	6	918.24	1	-1	1
606	6	1794	1	-1	1
606	6	1169.1	1	-1	1
606	6	2026	1	-1	1
606	6	941.17	1	-1	1
606	6	894.85	1	-1	1
606	6	914.9	1	-1	1
606	6	2758.1	1	-1	1
606	6	2339.6	1	-1	1
606	6	1433.4	1	-1	1
606	6	1815.5	1	-1	1
606	6	1652.5	1	-1	1
606	6	1608	1	-1	1
606	6	1799.8	1	-1	1
606	6	936.64	1	-1	1
606	6	1771	1	-1	1
606	6	1233.7	1	-1	1
606	6	1369.8	1	-1	1
606	6	1210	1	-1	1
606	6	2591.9	1	-1	1
606	6	1201	1	-1	1
606	6	1628.1	1	-1	1
606	6	1323.1	1	-1	1
606	6	1237.4	1	-1	1
606	6	1085.9	1	-1	1
606	6	1130.2	1	-1	1
606	6	1319.3	1	-1	1
606	6	1344.7	1	-1	1
606	6	617.31	1	-1	1
606	6	1070.9	1	-1	1
606	6	1566	1	-1	1
606	6	2348.2	0	-1	1
606	6	1064.2	1	-1	1
606	6	1659.5	1	-1	1
606	6	814.31	1	-1	1
606	6	822.17	1	-1	1
606	6	906.41	1	-1	1
606	6	3378.2	0	-1	1
606	6	1526.4	1	-1	1
606	6	1851.8	1	-1	1
606	6	1995.5	1	-1	1
606	6	1766.5	1	-1	1
606	6	771.74	1	-1	1
606	6	863.17	1	-1	1
606	6	985.27	1	-1	1
606	6	3064.5	1	-1	1
606	6	1403	1	-1	1
606	6	2535.5	1	-1	1
606	6	1304.8	1	-1	1
606	6	982.07	1	-1	1
606	6	1054	1	-1	1
606	6	1025	1	-1	1
606	6	2452.4	1	-1	1
606	6	2248.9	1	-1	1
606	6	936.21	1	-1	1
606	6	1495.1	1	-1	1
606	6	1243.8	1	-1	1
606	6	1255.2	1	-1	1
606	6	1094.1	1	-1	1
606	6	1091.2	1	-1	1
606	6	1358.2	1	-1	1
606	6	1449	1	-1	1
606	6	1038.6	1	-1	1
606	6	2516.1	1	-1	1
606	6	1839	1	-1	1
606	6	1608.1	1	-1	1
606	6	1143.3	1	-1	1
606	6	1589.5	1	-1	1
606	6	862.31	1	-1	1
606	6	947.45	1	-1	1
606	6	2161.1	1	-1	1
606	6	1927.4	1	-1	1
606	6	1266.7	1	-1	1
606	6	2930.4	1	-1	1
606	6	1128.6	1	-1	1
606	6	1061.3	1	-1	1
606	6	715.67	1	-1	1
606	6	1002	1	-1	1
606	6	1704.2	1	-1	1
606	6	1731.4	1	-1	1
606	6	968.5	1	-1	1
606	6	1874.9	1	-1	1
606	6	1093.1	1	-1	1
606	6	988.07	1	-1	1
606	6	1298.1	1	-1	1
606	6	846.77	1	-1	1
606	6	2022.8	1	-1	1
606	6	1151.4	0	-1	1
606	6	1850.4	1	-1	1
606	6	2691.8	1	-1	1
606	6	1562.4	1	-1	1
606	6	1810.5	1	-1	1
606	6	1367.2	1	-1	1
606	6	853.76	1	-1	1
606	6	1817.7	1	-1	1
606	6	1543.3	1	-1	1
606	6	1143.6	1	-1	1
606	6	905.6	1	-1	1
606	6	2464.6	0	-1	1
606	6	829.28	1	-1	1
606	6	750.93	1	-1	1
606	6	1498.6	1	-1	1
606	6	1799.8	1	-1	1
606	6	771.39	1	-1	1
606	6	910.35	1	-1	1
606	6	1503.8	1	-1	1
606	6	754.54	1	-1	1
606	6	1484.5	1	-1	1
606	6	731.05	1	-1	1
606	6	1375.2	1	-1	1
606	6	621.96	1	-1	1
606	6	2382.5	1	-1	1
606	6	857.86	1	-1	1
606	6	730.2	1	-1	1
606	6	1152.7	1	-1	1
606	6	1398.7	1	-1	1
606	6	1148.3	1	-1	1
606	6	1150.3	1	-1	1
606	6	710.81	1	-1	1
606	6	1107.7	1	-1	1
606	6	914.39	1	-1	1
606	6	804.18	1	-1	1
606	6	947.53	1	-1	1
606	6	826.4	1	-1	1
606	6	841.48	1	-1	1
606	6	1283.5	1	-1	1
606	6	2194.5	1	-1	1
606	6	1125.8	1	-1	1
606	6	1313.9	1	-1	1
606	6	1412.1	1	-1	1
606	6	1627.6	1	-1	1
606	6	622.48	1	-1	1
606	6	572.65	1	-1	1
606	6	649.23	1	-1	1
606	6	2143.3	1	-1	1
606	6	766.9	1	-1	1
606	6	656.67	1	-1	1
606	6	838.2	1	-1	1
606	6	704.01	1	-1	1
606	6	1344.1	1	-1	1
606	6	1101.8	1	-1	1
606	6	756.55	1	-1	1
606	6	1214.5	1	-1	1
606	6	1222.9	1	-1	1
606	6	883.37	1	-1	1
606	6	1063.9	1	-1	1
606	6	630.16	1	-1	1
606	6	846.12	1	-1	1
606	6	858.51	1	-1	1
606	6	758.24	1	-1	1
606	6	828.96	1	-1	1
606	6	851.66	1	-1	1
606	6	818.59	1	-1	1
606	6	682	1	-1	1
606	6	1822	1	-1	1
606	6	1265.9	1	-1	1
606	6	803.12	1	-1	1
606	6	744.73	1	-1	1
606	6	615.54	1	-1	1
606	6	569.37	1	-1	1
606	6	1586.9	1	-1	1
606	6	898.91	1	-1	1
606	6	790.82	1	-1	1
606	6	1171.1	1	-1	1
606	6	1570.5	1	-1	1
606	6	809.67	1	-1	1
606	6	1854.6	1	-1	1
606	6	2094.5	1	-1	1
606	6	948.9	1	-1	1
606	6	750.08	1	-1	1
606	6	722.11	1	-1	1
606	6	1975.1	1	-1	1
606	6	1200.3	1	-1	1
606	6	844.72	1	-1	1
606	6	801.54	1	-1	1
606	6	1517	1	-1	1
606	6	2911.5	1	-1	1
606	6	1849.6	1	-1	1
606	6	1225.9	1	-1	1
606	6	1312.3	1	-1	1
606	6	769.33	1	-1	1
606	6	874.48	1	-1	1
606	6	2185.5	1	-1	1
606	6	1233.4	1	-1	1
606	6	2349.1	1	-1	1
606	6	1098.7	1	-1	1
606	6	637.14	1	-1	1
606	6	1420.3	1	-1	1
606	6	1022	1	-1	1
606	6	1439.7	1	-1	1
606	6	999.87	1	-1	1
606	6	1594.7	1	-1	1
606	6	1329.1	1	-1	1
606	6	676.49	1	-1	1
606	6	1613.5	1	-1	1
606	6	1268.2	1	-1	1
606	6	1065.3	1	-1	1
606	6	939.21	1	-1	1
606	6	1789.5	1	-1	1
606	6	915.19	1	-1	1
606	6	1739.9	1	-1	1
606	6	1271.2	1	-1	1
606	6	1159.7	1	-1	1
606	6	840.98	1	-1	1
606	6	1562	1	-1	1
606	6	1162.2	1	-1	1
606	6	1507.9	1	-1	1
606	6	1593.8	1	-1	1
606	6	1069.6	1	-1	1
606	6	2370.8	1	-1	1
606	6	1238.3	1	-1	1
606	6	803.4	1	-1	1
606	6	2245.4	0	-1	1
606	6	1537.8	1	-1	1
606	6	1637	1	-1	1
606	6	783.31	1	-1	1
606	6	2658.1	1	-1	1
606	6	1055.3	1	-1	1
606	6	1685.8	1	-1	1
606	6	821.49	1	-1	1
606	6	813.27	1	-1	1
606	6	1640.1	1	-1	1
606	6	1426.7	1	-1	1
606	6	1223.3	1	-1	1
606	6	833.05	1	-1	1
606	6	1451	1	-1	1
606	6	887.48	1	-1	1
606	6	2244.4	1	-1	1
606	6	2396.9	1	-1	1
606	6	1023.3	1	-1	1
606	6	818.28	1	-1	1
606	6	1145	1	-1	1
606	6	1126.3	1	-1	1
606	6	1087.1	1	-1	1
606	6	1785.4	1	-1	1
606	6	735.84	1	-1	1
606	6	1221.9	1	-1	1
606	6	833.09	1	-1	1
606	6	831.72	1	-1	1
606	6	2163.2	1	-1	1
606	6	1093.7	1	-1	1
606	6	1648.6	1	-1	1
606	6	1363.5	1	-1	1
606	6	1988.9	1	-1	1
606	6	1459.3	1	-1	1
606	6	2039.9	1	-1	1
606	6	1667.5	1	-1	1
606	6	1255	1	-1	1
606	6	806.66	1	-1	1
606	6	2051.5	1	-1	1
606	6	1935	1	-1	1
606	6	1000.4	1	-1	1
606	6	844.95	1	-1	1
606	6	1658.4	1	-1	1
606	6	676.9	1	-1	1
606	6	1427.8	1	-1	1
606	6	1413.9	1	-1	1
606	6	1378.6	1	-1	1
606	6	653.07	1	-1	1
606	6	674.66	1	-1	1
606	6	1627	1	-1	1
606	6	765.7	1	-1	1
606	6	844.13	1	-1	1
606	6	1831	1	-1	1
606	6	1791.5	1	-1	1
606	6	957.31	1	-1	1
606	6	660.94	1	-1	1
606	6	954.86	1	-1	1
606	6	909.7	1	-1	1
606	6	1331.1	1	-1	1
606	6	970.23	1	-1	1
606	6	1835.8	0	-1	1
606	6	1093.2	1	-1	1
606	6	1544.4	1	-1	1
606	6	1812.3	1	-1	1
606	6	1038.9	1	-1	1
606	6	970.64	1	-1	-1
606	6	763.29	1	-1	-1
606	6	1237.8	1	-1	-1
606	6	637.71	1	-1	-1
606	6	690.49	1	-1	-1
606	6	1150.7	1	-1	-1
606	6	1431.6	1	-1	-1
606	6	1258.6	1	-1	-1
606	6	1678.2	1	-1	-1
606	6	1286.2	1	-1	-1
606	6	1203.2	1	-1	-1
606	6	1114.4	1	-1	-1
606	6	1294.7	1	-1	-1
606	6	871.06	1	-1	-1
606	6	929.02	1	-1	-1
606	6	965.64	1	-1	-1
606	6	1125.6	1	-1	-1
606	6	879.21	1	-1	-1
606	6	1016.7	1	-1	-1
606	6	2025.9	1	-1	-1
606	6	1041.3	1	-1	-1
606	6	732.41	1	-1	-1
606	6	1242	1	-1	-1
606	6	1018.8	1	-1	-1
606	6	1241.7	1	-1	-1
606	6	1318.5	1	-1	-1
606	6	853.71	1	-1	-1
606	6	1049.9	1	-1	-1
606	6	891.57	1	-1	-1
606	6	941.77	1	-1	-1
606	6	1177.6	1	-1	-1
606	6	1171.6	1	-1	-1
606	6	937.6	1	-1	-1
606	6	716.57	1	-1	-1
606	6	737.24	1	-1	-1
606	6	1372.5	1	-1	-1
606	6	863.2	1	-1	-1
606	6	983.37	1	-1	-1
606	6	744.89	1	-1	-1
606	6	1074.9	1	-1	-1
606	6	1339.2	1	-1	-1
606	6	1018.8	1	-1	-1
606	6	1475.5	1	-1	-1
606	6	944.54	1	-1	-1
606	6	1421.9	1	-1	-1
606	6	1584.9	1	-1	-1
606	6	1451.1	1	-1	-1
606	6	1293.8	1	-1	-1
606	6	670.66	1	-1	-1
606	6	1049.1	1	-1	-1
606	6	837.77	1	-1	-1
606	6	1290.5	1	-1	-1
606	6	1104.5	1	-1	-1
606	6	1196.9	1	-1	-1
606	6	1284.8	1	-1	-1
606	6	1269.7	1	-1	-1
606	6	1646.7	1	-1	-1
606	6	1177	1	-1	-1
606	6	854.78	1	-1	-1
606	6	1255.2	1	-1	-1
606	6	1149.2	1	-1	-1
606	6	1061.1	1	-1	-1
606	6	2309.3	1	-1	-1
606	6	889.39	1	-1	-1
606	6	994.54	1	-1	-1
606	6	1209	1	-1	-1
606	6	1188.6	1	-1	-1
606	6	1709.1	1	-1	-1
606	6	1073	1	-1	-1
606	6	1096.5	1	-1	-1
606	6	1035.9	1	-1	-1
606	6	1223.7	1	-1	-1
606	6	1116.5	1	-1	-1
606	6	723.78	1	-1	-1
606	6	1000.7	1	-1	-1
606	6	902.15	1	-1	-1
606	6	1077.8	1	-1	-1
606	6	695.35	1	-1	-1
606	6	1192.5	1	-1	-1
606	6	1747.9	1	-1	-1
606	6	1925.1	1	-1	-1
606	6	1771.1	1	-1	-1
606	6	895.85	1	-1	-1
606	6	999.05	1	-1	-1
606	6	855.61	1	-1	-1
606	6	1446.9	1	-1	-1
606	6	995.91	1	-1	-1
606	6	2292.7	1	-1	-1
606	6	2041	1	-1	-1
606	6	1200.1	1	-1	-1
606	6	1220.7	1	-1	-1
606	6	1212	1	-1	-1
606	6	1116.8	1	-1	-1
606	6	1185.6	1	-1	-1
606	6	1134	1	-1	-1
606	6	995.67	1	-1	-1
606	6	1231.2	1	-1	-1
606	6	857.53	1	-1	-1
606	6	2379.4	1	-1	-1
606	6	922.23	1	-1	-1
606	6	1125	1	-1	-1
606	6	1474.3	1	-1	-1
606	6	1204.6	1	-1	-1
606	6	1115.3	1	-1	-1
606	6	995.86	1	-1	-1
606	6	1101.2	1	-1	-1
606	6	1064.6	1	-1	-1
606	6	1105	1	-1	-1
606	6	1080.4	1	-1	-1
606	6	1217.6	1	-1	-1
606	6	925.52	1	-1	-1
606	6	1562.4	1	-1	-1
606	6	979.14	1	-1	-1
606	6	1443.3	1	-1	-1
606	6	949.41	1	-1	-1
606	6	1011	1	-1	-1
606	6	1519.2	1	-1	-1
606	6	1880.5	1	-1	-1
606	6	1442.6	1	-1	-1
606	6	775.68	1	-1	-1
606	6	1479	1	-1	-1
606	6	1127	1	-1	-1
606	6	2193.5	1	-1	-1
606	6	1451.9	1	-1	-1
606	6	1250.2	1	-1	-1
606	6	1214.8	1	-1	-1
606	6	1149.9	1	-1	-1
606	6	1362.4	1	-1	-1
606	6	1154.5	1	-1	-1
606	6	646.7	1	-1	-1
606	6	2610.5	1	-1	-1
606	6	1027.5	1	-1	-1
606	6	914.74	1	-1	-1
606	6	1005.3	1	-1	-1
606	6	1071.1	1	-1	-1
606	6	1244.1	1	-1	-1
606	6	1605.5	1	-1	-1
606	6	922.83	1	-1	-1
606	6	1056.3	1	-1	-1
606	6	966.92	1	-1	-1
606	6	866.71	1	-1	-1
606	6	1129	1	-1	-1
606	6	1048.4	1	-1	-1
606	6	1299.3	1	-1	-1
606	6	1280.1	1	-1	-1
606	6	1138.5	1	-1	-1
606	6	984.66	1	-1	-1
606	6	955.2	1	-1	-1
606	6	1253	1	-1	-1
606	6	768.51	1	-1	-1
606	6	773.97	1	-1	-1
606	6	1069.7	1	-1	-1
606	6	1002.7	1	-1	-1
606	6	2285.6	1	-1	-1
606	6	784.87	1	-1	-1
606	6	989.86	1	-1	-1
606	6	1539	1	-1	-1
606	6	801.38	1	-1	-1
606	6	1008.4	1	-1	-1
606	6	1086.1	1	-1	-1
606	6	945.89	1	-1	-1
606	6	947.45	1	-1	-1
606	6	1298.1	1	-1	-1
606	6	1161.3	1	-1	-1
606	6	1120.2	1	-1	-1
606	6	1039.9	1	-1	-1
606	6	1376	1	-1	-1
606	6	840.36	1	-1	-1
606	6	1058.8	1	-1	-1
606	6	1077.6	1	-1	-1
606	6	1132.8	1	-1	-1
606	6	1104.1	1	-1	-1
606	6	882.55	1	-1	-1
606	6	706.68	1	-1	-1
606	6	1690	1	-1	-1
606	6	2617.9	1	-1	-1
606	6	1010.3	1	-1	-1
606	6	930.63	1	-1	-1
606	6	986.88	1	-1	-1
606	6	895.82	1	-1	-1
606	6	1210.9	1	-1	-1
606	6	1035.9	1	-1	-1
606	6	699.29	1	-1	-1
606	6	910.68	1	-1	-1
606	6	673.55	1	-1	-1
606	6	680.84	1	-1	-1
606	6	1487.7	1	-1	-1
606	6	930.75	1	-1	-1
606	6	1088.8	1	-1	-1
606	6	1183.3	1	-1	-1
606	6	809.18	1	-1	-1
606	6	809.51	1	-1	-1
606	6	970.85	1	-1	-1
606	6	985.98	1	-1	-1
606	6	877.17	1	-1	-1
606	6	1143.2	1	-1	-1
606	6	1124.7	1	-1	-1
606	6	756	1	-1	-1
606	6	902.47	1	-1	-1
606	6	646.56	1	-1	-1
606	6	660.49	1	-1	-1
606	6	655.59	1	-1	-1
606	6	743.92	1	-1	-1
606	6	612.06	1	-1	-1
606	6	907.49	1	-1	-1
606	6	599.2	1	-1	-1
606	6	772.39	1	-1	-1
606	6	624.78	1	-1	-1
606	6	1277.2	1	-1	-1
606	6	824.91	1	-1	-1
606	6	888.34	1	-1	-1
606	6	1271.7	1	-1	-1
606	6	658.31	1	-1	-1
606	6	841.89	1	-1	-1
606	6	735.06	1	-1	-1
606	6	927.91	1	-1	-1
606	6	844.36	1	-1	-1
606	6	695.03	1	-1	-1
606	6	1514.2	1	-1	-1
606	6	1011.2	1	-1	-1
606	6	1029.6	1	-1	-1
606	6	897.96	1	-1	-1
606	6	1241.7	1	-1	-1
606	6	1201.5	1	-1	-1
606	6	767.04	1	-1	-1
606	6	983.25	1	-1	-1
606	6	1779.5	1	-1	-1
606	6	709.58	1	-1	-1
606	6	1233	1	-1	-1
606	6	1495	1	-1	-1
606	6	826.13	1	-1	-1
606	6	1513.5	1	-1	-1
606	6	1054.5	1	-1	-1
606	6	991.36	1	-1	-1
606	6	706.36	1	-1	-1
606	6	1205.3	1	-1	-1
606	6	986.88	1	-1	-1
606	6	794.43	1	-1	-1
606	6	859.8	1	-1	-1
606	6	808.8	1	-1	-1
606	6	1272.7	1	-1	-1
606	6	1183.3	1	-1	-1
606	6	1037.1	1	-1	-1
606	6	1442.6	1	-1	-1
606	6	882.85	1	-1	-1
606	6	1158.4	1	-1	-1
606	6	1588.2	1	-1	-1
606	6	1402	1	-1	-1
606	6	1058	1	-1	-1
606	6	679.23	1	-1	-1
606	6	1335.2	1	-1	-1
606	6	1737	1	-1	-1
606	6	1113.3	1	-1	-1
606	6	987.74	1	-1	-1
606	6	944.2	1	-1	-1
606	6	1276.1	1	-1	-1
606	6	976.51	1	-1	-1
606	6	1573	1	-1	-1
606	6	1174.9	1	-1	-1
606	6	1218.2	1	-1	-1
606	6	681.04	1	-1	-1
606	6	1125.6	1	-1	-1
606	6	1631.9	1	-1	-1
606	6	917.81	1	-1	-1
606	6	706.43	1	-1	-1
606	6	764.13	1	-1	-1
606	6	828.63	1	-1	-1
606	6	1268.3	1	-1	-1
606	6	1651.3	1	-1	-1
606	6	1239.7	1	-1	-1
606	6	1058.2	1	-1	-1
606	6	1112.5	1	-1	-1
606	6	1218.5	1	-1	-1
606	6	984.97	1	-1	-1
606	6	1271.9	1	-1	-1
606	6	1868.1	1	-1	-1
606	6	803.59	1	-1	-1
606	6	1322.5	1	-1	-1
606	6	966.03	1	-1	-1
606	6	1042.4	1	-1	-1
606	6	701.1	1	-1	-1
606	6	1623.5	1	-1	-1
606	6	910.24	1	-1	-1
606	6	1380	1	-1	-1
606	6	869.46	1	-1	-1
606	6	1161.1	1	-1	-1
606	6	982.69	1	-1	-1
606	6	1217.7	1	-1	-1
606	6	1651.5	1	-1	-1
606	6	1167.9	1	-1	-1
606	6	1469.6	1	-1	-1
606	6	1846.4	1	-1	-1
606	6	1974.9	1	-1	-1
606	6	839.7	1	-1	-1
606	6	1792.2	1	-1	-1
606	6	900.9	1	-1	-1
606	6	1077.1	1	-1	-1
606	6	842.9	1	-1	-1
606	6	939.54	1	-1	-1
606	6	1104.2	1	-1	-1
606	6	1734.7	1	-1	-1
606	6	1022.3	1	-1	-1
606	6	963.81	1	-1	-1
606	6	1404.1	1	-1	-1
606	6	867.81	1	-1	-1
606	6	1003.7	1	-1	-1
606	6	1131.8	1	-1	-1
606	6	750.69	1	-1	-1
606	6	1222.1	1	-1	-1
606	6	802.65	1	-1	-1
606	6	1075.9	1	-1	-1
606	6	1106.9	1	-1	-1
606	6	956.79	1	-1	-1
606	6	913.69	1	-1	-1
606	6	1128.1	1	-1	-1
606	6	1062.5	1	-1	-1
606	6	1056.5	1	-1	-1
606	6	845.73	1	-1	-1
606	6	844.49	1	-1	-1
606	6	730.03	1	-1	-1
606	6	966.65	1	-1	-1
606	6	707	1	-1	-1
606	6	2204.1	1	-1	-1
606	6	1575.9	1	-1	-1
606	6	1091.8	1	-1	-1
606	6	929.5	1	-1	-1
606	6	882.92	1	-1	-1
606	6	1168	1	-1	-1
606	6	1452.1	1	-1	-1
606	6	828.46	1	-1	-1
606	6	1335.9	1	-1	-1
606	6	960.17	1	-1	-1
606	6	863.17	1	-1	-1
606	6	1383.4	1	-1	-1
606	6	2349	1	-1	-1
606	6	802.39	1	-1	-1
606	6	1013	1	-1	-1
606	6	1215.4	1	-1	-1
606	6	1880.8	1	-1	-1
606	6	948.3	1	-1	-1
606	6	800.58	1	-1	-1
606	6	1583	1	-1	-1
606	6	1390.8	1	-1	-1
606	6	1349.5	1	-1	-1
606	6	1185.6	1	-1	-1
606	6	1993.6	1	-1	-1
606	6	986.89	1	-1	-1
