807	8	2112.9	1	2	2
807	8	952.11	1	2	2
807	8	3453.5	1	2	2
807	8	2851.2	1	2	2
807	8	1119.7	1	2	2
807	8	2772	1	2	2
807	8	1443.6	1	2	2
807	8	1069.5	1	2	2
807	8	1524.8	1	2	2
807	8	1867.3	1	2	2
807	8	1091.4	1	2	2
807	8	781.26	1	2	2
807	8	3092.1	1	2	2
807	8	2077.7	1	2	2
807	8	1101.7	1	2	2
807	8	1134.2	1	2	2
807	8	984.28	1	2	2
807	8	1082.6	1	2	2
807	8	1010.4	1	2	2
807	8	870.37	1	2	2
807	8	804.53	1	2	2
807	8	1252.3	1	2	2
807	8	891.21	1	2	2
807	8	1070.6	1	2	2
807	8	1173.1	1	2	2
807	8	1280	1	2	2
807	8	1778.8	1	2	2
807	8	808.25	1	2	2
807	8	961.74	1	2	2
807	8	822.87	1	2	2
807	8	1465.7	1	2	2
807	8	1254.4	1	2	2
807	8	936.56	1	2	2
807	8	1183.8	1	2	2
807	8	1118.2	1	2	2
807	8	1055.9	1	2	2
807	8	921.58	1	2	2
807	8	832.53	1	2	2
807	8	882.05	1	2	2
807	8	1130.2	1	2	2
807	8	1205.1	1	2	2
807	8	887	1	2	2
807	8	1183.7	1	2	2
807	8	905.5	1	2	2
807	8	808.83	1	2	2
807	8	1317.1	1	2	2
807	8	783.29	1	2	2
807	8	1154.8	1	2	2
807	8	830.89	1	2	2
807	8	814.73	1	2	2
807	8	994.13	1	2	2
807	8	769.27	1	2	2
807	8	901.62	1	2	2
807	8	719.16	1	2	2
807	8	751.47	1	2	2
807	8	939.83	1	2	2
807	8	766.33	1	2	2
807	8	641.12	1	2	2
807	8	821.74	1	2	2
807	8	867.24	1	2	2
807	8	719.52	1	2	2
807	8	669.13	1	2	2
807	8	870.56	1	2	2
807	8	765.6	1	2	2
807	8	1163.9	1	2	2
807	8	923.79	1	2	2
807	8	838.41	1	2	2
807	8	756.69	1	2	2
807	8	722.23	1	2	2
807	8	994.97	1	2	2
807	8	696.08	1	2	2
807	8	822.69	1	2	2
807	8	803.97	1	2	2
807	8	653.4	1	2	2
807	8	780.84	1	2	2
807	8	757.52	1	2	2
807	8	806.02	1	2	2
807	8	787.83	1	2	2
807	8	667.64	1	2	2
807	8	691.46	1	2	2
807	8	709.46	1	2	2
807	8	929.67	1	2	2
807	8	631.62	1	2	2
807	8	820.07	1	2	2
807	8	821.07	1	2	2
807	8	810.88	1	2	2
807	8	889.67	1	2	2
807	8	717.86	1	2	2
807	8	802.69	1	2	2
807	8	654.19	1	2	2
807	8	948.03	1	2	2
807	8	747.88	1	2	2
807	8	1015.5	1	2	2
807	8	827.37	1	2	2
807	8	616.33	1	2	2
807	8	1128.6	1	2	2
807	8	852.66	1	2	2
807	8	737.24	1	2	2
807	8	674.56	1	2	2
807	8	802.21	1	2	2
807	8	577.71	1	2	2
807	8	596.18	1	2	2
807	8	563.16	1	2	2
807	8	683.21	1	2	2
807	8	753.02	1	2	2
807	8	638.87	1	2	2
807	8	615.64	1	2	2
807	8	497.13	1	2	2
807	8	731.91	1	2	2
807	8	1409.6	1	2	2
807	8	679.07	1	2	2
807	8	514.62	1	2	2
807	8	575.2	1	2	2
807	8	557.44	1	2	2
807	8	769.46	1	2	2
807	8	635.25	1	2	2
807	8	753.16	1	2	2
807	8	749.62	1	2	2
807	8	683.17	1	2	2
807	8	639.97	1	2	2
807	8	730.91	1	2	2
807	8	553.13	1	2	2
807	8	558.16	1	2	2
807	8	619.16	1	2	2
807	8	556.03	1	2	2
807	8	584.14	1	2	2
807	8	879.17	1	2	2
807	8	595.36	1	2	2
807	8	551.67	1	2	2
807	8	537.68	1	2	2
807	8	690.04	1	2	2
807	8	841.41	1	2	2
807	8	915.18	1	2	2
807	8	818.56	1	2	2
807	8	901.52	1	2	2
807	8	647.64	1	2	2
807	8	602.05	1	2	2
807	8	745.84	1	2	2
807	8	654.25	1	2	2
807	8	771.83	1	2	2
807	8	622.42	1	2	2
807	8	735.63	1	2	2
807	8	734.02	1	2	2
807	8	681	1	2	2
807	8	710.42	1	2	2
807	8	967.32	1	2	2
807	8	891.48	1	2	2
807	8	642.3	1	2	2
807	8	644.37	1	2	2
807	8	648.94	1	2	2
807	8	638.59	1	2	2
807	8	801.35	1	2	2
807	8	693.7	1	2	2
807	8	798.3	0	2	2
807	8	628.43	1	2	2
807	8	774.44	1	2	2
807	8	656.81	1	2	2
807	8	573.38	1	2	2
807	8	929.67	1	2	2
807	8	824.98	1	2	2
807	8	554.47	1	2	2
807	8	796.76	1	2	2
807	8	646.05	1	2	2
807	8	609.77	1	2	2
807	8	737.54	1	2	2
807	8	829.74	1	2	2
807	8	688.61	1	2	2
807	8	699.43	1	2	2
807	8	504.36	1	2	2
807	8	643.3	1	2	2
807	8	664.71	1	2	2
807	8	707.89	1	2	2
807	8	667.77	1	2	2
807	8	660.42	1	2	2
807	8	595.1	1	2	2
807	8	812.35	1	2	2
807	8	876.81	1	2	2
807	8	492.1	0	2	2
807	8	618.1	1	2	2
807	8	633.81	1	2	2
807	8	599.84	1	2	2
807	8	568.75	1	2	2
807	8	736.68	1	2	2
807	8	590.21	1	2	2
807	8	639.24	1	2	2
807	8	561.74	1	2	2
807	8	528.78	1	2	2
807	8	562.69	1	2	2
807	8	712.45	1	2	2
807	8	740.99	1	2	2
807	8	624.93	1	2	2
807	8	681.58	1	2	2
807	8	650.07	1	2	2
807	8	749.72	1	2	2
807	8	1341.1	1	2	2
807	8	846.77	1	2	2
807	8	612.82	1	2	2
807	8	661.54	1	2	2
807	8	659.19	1	2	2
807	8	731.92	1	2	2
807	8	760.39	1	2	2
807	8	563.96	1	2	2
807	8	668.85	1	2	2
807	8	538.76	1	2	2
807	8	465.55	1	2	2
807	8	694.57	1	2	2
807	8	743.01	1	2	2
807	8	485.51	1	2	2
807	8	654.89	1	2	2
807	8	495.64	1	2	2
807	8	570.29	1	2	2
807	8	550.78	1	2	2
807	8	510.39	1	2	2
807	8	575.89	1	2	2
807	8	690.04	1	2	2
807	8	471.37	1	2	2
807	8	620.61	1	2	2
807	8	463.02	0	2	2
807	8	675.81	1	2	2
807	8	577.24	1	2	2
807	8	609.37	1	2	2
807	8	473.01	1	2	2
807	8	570.16	1	2	2
807	8	656.37	1	2	2
807	8	542.28	1	2	2
807	8	489.15	1	2	2
807	8	681.97	1	2	2
807	8	1189.9	1	2	2
807	8	705.51	1	2	2
807	8	461.41	1	2	2
807	8	603.97	1	2	2
807	8	530.04	1	2	2
807	8	488.5	1	2	2
807	8	566.02	1	2	2
807	8	529.28	1	2	2
807	8	574.27	1	2	2
807	8	494.29	1	2	2
807	8	547.05	1	2	2
807	8	579.25	1	2	2
807	8	613.84	1	2	2
807	8	498.79	1	2	2
807	8	565.73	1	2	2
807	8	492.6	1	2	2
807	8	606.92	1	2	2
807	8	491.39	1	2	2
807	8	504.02	1	2	2
807	8	485.78	1	2	2
807	8	607.54	1	2	2
807	8	522.83	1	2	2
807	8	1046.4	1	2	2
807	8	614.04	1	2	2
807	8	631.33	1	2	2
807	8	608.7	1	2	2
807	8	469.79	1	2	2
807	8	514.98	1	2	2
807	8	606.18	1	2	2
807	8	570.55	1	2	2
807	8	599.32	1	2	2
807	8	492.36	1	2	2
807	8	540.38	1	2	2
807	8	481.58	1	2	2
807	8	582.97	1	2	2
807	8	626.22	1	2	2
807	8	577.35	1	2	2
807	8	534.76	1	2	2
807	8	595.32	1	2	2
807	8	563.12	1	2	2
807	8	637.49	1	2	2
807	8	866.03	1	2	2
807	8	673.26	1	2	2
807	8	646.51	1	2	2
807	8	477.78	1	2	2
807	8	506.41	1	2	2
807	8	546.69	1	2	2
807	8	544.75	1	2	2
807	8	645.54	1	2	2
807	8	623.55	1	2	2
807	8	716.21	1	2	2
807	8	539.59	1	2	2
807	8	699.78	1	2	2
807	8	556.51	1	2	2
807	8	585.56	1	2	2
807	8	642.36	1	2	2
807	8	638.34	1	2	2
807	8	537.1	1	2	2
807	8	712	1	2	2
807	8	575.24	1	2	2
807	8	550.09	1	2	2
807	8	497.26	1	2	2
807	8	545.78	1	2	2
807	8	814.77	1	2	2
807	8	531.23	1	2	2
807	8	475.43	1	2	2
807	8	414.18	1	2	2
807	8	588.32	1	2	2
807	8	489.52	1	2	2
807	8	621.9	1	2	2
807	8	636.52	1	2	2
807	8	487.3	1	2	2
807	8	531.23	1	2	2
807	8	479.77	1	2	2
807	8	499.7	1	2	2
807	8	618.87	1	2	2
807	8	556.47	1	2	2
807	8	536.6	1	2	2
807	8	484.56	1	2	2
807	8	504.24	1	2	2
807	8	623.68	1	2	2
807	8	452.98	1	2	2
807	8	495.51	1	2	2
807	8	582.87	1	2	2
807	8	467.78	1	2	2
807	8	518.02	1	2	2
807	8	457.12	1	2	2
807	8	566.84	1	2	2
807	8	538.34	1	2	2
807	8	562.25	1	2	2
807	8	446.63	1	2	2
807	8	654.06	1	2	2
807	8	458.49	1	2	2
807	8	488.63	1	2	2
807	8	460.23	1	2	2
807	8	560.03	1	2	2
807	8	614.79	1	2	2
807	8	493.07	1	2	2
807	8	650.95	1	2	2
807	8	510.44	1	2	2
807	8	445.49	1	2	2
807	8	638.13	1	2	2
807	8	546.98	1	2	2
807	8	679.39	1	2	2
807	8	525.39	1	2	2
807	8	476.87	1	2	2
807	8	749.19	1	2	2
807	8	443.74	0	2	2
807	8	949.31	1	2	2
807	8	440.94	1	2	2
807	8	585.39	1	2	2
807	8	572.68	1	2	2
807	8	526.57	1	2	2
807	8	487.5	1	2	2
807	8	721.65	1	2	2
807	8	509.01	1	2	2
807	8	345.24	0	2	2
807	8	515.11	1	2	2
807	8	493.9	1	2	2
807	8	630.1	1	2	2
807	8	593.94	1	2	2
807	8	577.85	1	2	2
807	8	534.93	1	2	2
807	8	3420.6	1	2	1
807	8	2622.3	1	2	1
807	8	1979.2	1	2	1
807	8	905.07	1	2	1
807	8	566.73	1	2	1
807	8	1058.6	1	2	1
807	8	954.9	1	2	1
807	8	1575.2	1	2	1
807	8	1287.2	1	2	1
807	8	1859.2	1	2	1
807	8	3445.9	1	2	1
807	8	1131.7	1	2	1
807	8	1925.9	1	2	1
807	8	2208.5	1	2	1
807	8	1616	1	2	1
807	8	1177.6	1	2	1
807	8	1192.4	1	2	1
807	8	1850.8	1	2	1
807	8	2700.9	1	2	1
807	8	2571.7	1	2	1
807	8	970.38	1	2	1
807	8	1485	1	2	1
807	8	796.15	1	2	1
807	8	1131.1	1	2	1
807	8	2080.9	1	2	1
807	8	2169.1	1	2	1
807	8	1573.9	1	2	1
807	8	1380	1	2	1
807	8	1657.2	1	2	1
807	8	1283.8	1	2	1
807	8	789.93	1	2	1
807	8	988.31	1	2	1
807	8	1056.6	1	2	1
807	8	1135.9	1	2	1
807	8	1168.7	1	2	1
807	8	771.45	1	2	1
807	8	816.62	1	2	1
807	8	717.19	1	2	1
807	8	614.15	1	2	1
807	8	1134	1	2	1
807	8	737.83	1	2	1
807	8	1450.9	1	2	1
807	8	800.43	1	2	1
807	8	852.2	1	2	1
807	8	907.8	1	2	1
807	8	774.17	1	2	1
807	8	739.49	1	2	1
807	8	838.43	1	2	1
807	8	1065.5	1	2	1
807	8	1220.8	1	2	1
807	8	766.01	1	2	1
807	8	889.36	1	2	1
807	8	925.07	1	2	1
807	8	828.45	1	2	1
807	8	837.43	1	2	1
807	8	796.73	1	2	1
807	8	798.68	1	2	1
807	8	954.5	1	2	1
807	8	724.77	1	2	1
807	8	797.11	1	2	1
807	8	1168.2	1	2	1
807	8	1556.9	1	2	1
807	8	1012.9	1	2	1
807	8	768.85	1	2	1
807	8	728.37	1	2	1
807	8	1049.5	1	2	1
807	8	900.86	1	2	1
807	8	836.9	1	2	1
807	8	891.64	1	2	1
807	8	741.45	1	2	1
807	8	1231.7	1	2	1
807	8	626.43	1	2	1
807	8	1194.1	1	2	1
807	8	751.26	1	2	1
807	8	848.11	1	2	1
807	8	754.94	1	2	1
807	8	1062.1	1	2	1
807	8	785.83	1	2	1
807	8	695.36	1	2	1
807	8	817.21	1	2	1
807	8	930.7	1	2	1
807	8	1021.8	1	2	1
807	8	864.18	1	2	1
807	8	799.12	1	2	1
807	8	744.14	1	2	1
807	8	885.15	0	2	1
807	8	673.59	1	2	1
807	8	855.56	1	2	1
807	8	769.47	1	2	1
807	8	929.82	1	2	1
807	8	681.64	1	2	1
807	8	696.25	1	2	1
807	8	976.19	1	2	1
807	8	716.73	1	2	1
807	8	873.29	1	2	1
807	8	1118	1	2	1
807	8	661.39	1	2	1
807	8	1064.6	1	2	1
807	8	1222.7	1	2	1
807	8	730.28	1	2	1
807	8	588.95	1	2	1
807	8	723.98	1	2	1
807	8	646.52	1	2	1
807	8	714.42	1	2	1
807	8	867.74	0	2	1
807	8	636.61	1	2	1
807	8	608.19	1	2	1
807	8	807	1	2	1
807	8	936.66	1	2	1
807	8	983.24	1	2	1
807	8	685.02	1	2	1
807	8	673.21	1	2	1
807	8	687.85	1	2	1
807	8	654.28	1	2	1
807	8	803.62	1	2	1
807	8	743.49	1	2	1
807	8	663.76	1	2	1
807	8	747.23	1	2	1
807	8	827.91	1	2	1
807	8	1417.2	1	2	1
807	8	695.65	1	2	1
807	8	677.94	1	2	1
807	8	712.48	1	2	1
807	8	1761.6	1	2	1
807	8	630.68	1	2	1
807	8	627.84	1	2	1
807	8	829.19	1	2	1
807	8	799.78	1	2	1
807	8	1007.2	1	2	1
807	8	777.47	1	2	1
807	8	734.63	1	2	1
807	8	810.39	1	2	1
807	8	719.7	1	2	1
807	8	635.02	1	2	1
807	8	895.01	1	2	1
807	8	623.75	1	2	1
807	8	595.58	1	2	1
807	8	630.36	1	2	1
807	8	784.22	1	2	1
807	8	820.89	1	2	1
807	8	558.03	1	2	1
807	8	717.81	1	2	1
807	8	842.59	1	2	1
807	8	906.83	1	2	1
807	8	693.89	1	2	1
807	8	574.43	1	2	1
807	8	740.65	1	2	1
807	8	803.37	1	2	1
807	8	889	1	2	1
807	8	965.41	1	2	1
807	8	873.19	1	2	1
807	8	569.07	1	2	1
807	8	866.17	1	2	1
807	8	786.08	1	2	1
807	8	936.68	1	2	1
807	8	757.9	1	2	1
807	8	603.03	1	2	1
807	8	794.6	1	2	1
807	8	747.02	1	2	1
807	8	790.46	1	2	1
807	8	880.9	1	2	1
807	8	592.36	0	2	1
807	8	1007.4	1	2	1
807	8	704.49	1	2	1
807	8	759.27	1	2	1
807	8	867.06	1	2	1
807	8	655.21	1	2	1
807	8	732.6	1	2	1
807	8	735.89	1	2	1
807	8	703.47	1	2	1
807	8	1110.9	1	2	1
807	8	787.11	1	2	1
807	8	750.28	1	2	1
807	8	636.05	0	2	1
807	8	665.48	1	2	1
807	8	979.91	1	2	1
807	8	778.79	1	2	1
807	8	822.55	1	2	1
807	8	582.33	1	2	1
807	8	555.96	1	2	1
807	8	656	1	2	1
807	8	749	1	2	1
807	8	749.22	1	2	1
807	8	903.42	1	2	1
807	8	747.23	1	2	1
807	8	820.3	1	2	1
807	8	656.36	1	2	1
807	8	540.46	1	2	1
807	8	632.48	1	2	1
807	8	529.33	1	2	1
807	8	686.23	1	2	1
807	8	614.38	1	2	1
807	8	869.44	1	2	1
807	8	708.55	1	2	1
807	8	660.51	1	2	1
807	8	530.52	1	2	1
807	8	566.01	1	2	1
807	8	524.21	1	2	1
807	8	792.73	1	2	1
807	8	881.86	1	2	1
807	8	968.36	1	2	1
807	8	719.79	1	2	1
807	8	895.35	1	2	1
807	8	843.25	1	2	1
807	8	572.77	1	2	1
807	8	670.82	1	2	1
807	8	514.67	1	2	1
807	8	831.39	1	2	1
807	8	580.2	1	2	1
807	8	630.76	1	2	1
807	8	751.35	1	2	1
807	8	407.82	0	2	1
807	8	487.66	1	2	1
807	8	475.92	0	2	1
807	8	703.24	1	2	1
807	8	620.77	1	2	1
807	8	559.8	1	2	1
807	8	512.67	1	2	1
807	8	458.52	0	2	1
807	8	779.69	1	2	1
807	8	616.4	1	2	1
807	8	822.68	1	2	1
807	8	734.33	1	2	1
807	8	454.19	1	2	1
807	8	487.91	1	2	1
807	8	982.26	1	2	1
807	8	772.41	1	2	1
807	8	638.49	1	2	1
807	8	511.31	1	2	1
807	8	407.62	1	2	1
807	8	547.87	1	2	1
807	8	609.78	1	2	1
807	8	542.89	1	2	1
807	8	637.12	1	2	1
807	8	581.49	1	2	1
807	8	944.73	1	2	1
807	8	518.52	1	2	1
807	8	869.39	1	2	1
807	8	869.93	1	2	1
807	8	649.17	1	2	1
807	8	605.96	1	2	1
807	8	605.49	1	2	1
807	8	657.07	1	2	1
807	8	669.64	1	2	1
807	8	549.06	1	2	1
807	8	506.77	1	2	1
807	8	495.44	1	2	1
807	8	599.67	1	2	1
807	8	640.77	1	2	1
807	8	913.2	1	2	1
807	8	599.36	1	2	1
807	8	843.17	1	2	1
807	8	745.46	1	2	1
807	8	574.85	1	2	1
807	8	584.05	1	2	1
807	8	639.61	1	2	1
807	8	522.42	1	2	1
807	8	603.67	1	2	1
807	8	555.78	1	2	1
807	8	860.2	1	2	1
807	8	1219.7	1	2	1
807	8	528.81	1	2	1
807	8	792.63	1	2	1
807	8	876.28	1	2	1
807	8	681.28	1	2	1
807	8	606.77	1	2	1
807	8	659.36	1	2	1
807	8	745.15	0	2	1
807	8	676.49	1	2	1
807	8	595.82	1	2	1
807	8	576.15	1	2	1
807	8	781.24	1	2	1
807	8	672.05	1	2	1
807	8	592.6	1	2	1
807	8	573.82	1	2	1
807	8	957.06	1	2	1
807	8	512.83	1	2	1
807	8	484.88	1	2	1
807	8	1414.6	1	2	1
807	8	489.21	0	2	1
807	8	909.78	1	2	1
807	8	578.11	1	2	1
807	8	680.92	1	2	1
807	8	1044.7	1	2	1
807	8	849.95	1	2	1
807	8	558.13	1	2	1
807	8	653.56	1	2	1
807	8	470.14	1	2	1
807	8	473.84	1	2	1
807	8	564.5	1	2	1
807	8	501.15	1	2	1
807	8	735.62	0	2	1
807	8	744.51	1	2	1
807	8	605.16	1	2	1
807	8	526.91	1	2	1
807	8	566.72	1	2	1
807	8	628.39	1	2	1
807	8	779.86	1	2	1
807	8	602.05	1	2	1
807	8	742.18	1	2	1
807	8	618.65	1	2	1
807	8	689.77	1	2	1
807	8	615.54	1	2	1
807	8	457.93	1	2	1
807	8	552.97	1	2	1
807	8	489.7	1	2	1
807	8	601.28	1	2	1
807	8	618.5	1	2	1
807	8	635.17	1	2	1
807	8	514.76	1	2	1
807	8	502.88	1	2	1
807	8	499.5	1	2	1
807	8	515.91	1	2	1
807	8	476.56	1	2	1
807	8	562.74	1	2	1
807	8	535.62	1	2	1
807	8	613.76	1	2	1
807	8	537.06	1	2	1
807	8	742.87	1	2	1
807	8	474.78	1	2	1
807	8	628.3	1	2	1
807	8	707.71	1	2	1
807	8	568.9	1	2	1
807	8	618.13	1	2	1
807	8	527.11	1	2	1
807	8	539.5	1	2	1
807	8	785.73	1	2	1
807	8	942.92	1	2	1
807	8	566.05	1	2	1
807	8	616.94	0	2	1
807	8	525.58	1	2	1
807	8	690.84	1	2	1
807	8	632.25	1	2	1
807	8	593.68	1	2	1
807	8	742.13	1	2	1
807	8	496.5	1	2	1
807	8	611.41	1	2	1
807	8	602.94	1	2	1
807	8	591.32	1	2	1
807	8	695.02	1	2	1
807	8	863.18	1	2	1
807	8	906.53	0	2	1
807	8	744.42	1	2	1
807	8	419.95	0	2	1
807	8	534.23	1	2	1
807	8	771.86	1	2	1
807	8	507.13	1	2	1
807	8	803.55	1	2	1
807	8	670.07	1	2	1
807	8	779.36	1	2	1
807	8	3037	1	1	2
807	8	3254.3	1	1	2
807	8	2135.2	1	1	2
807	8	854.6	1	1	2
807	8	1199.4	1	1	2
807	8	1034.3	1	1	2
807	8	1520.1	1	1	2
807	8	1039.6	1	1	2
807	8	1397.6	1	1	2
807	8	1572.9	1	1	2
807	8	1017.4	1	1	2
807	8	1269.3	1	1	2
807	8	1463.6	1	1	2
807	8	1924.2	1	1	2
807	8	1008.3	1	1	2
807	8	1182.9	1	1	2
807	8	1785.6	1	1	2
807	8	1430.9	1	1	2
807	8	990.89	1	1	2
807	8	1165.7	1	1	2
807	8	1018.1	1	1	2
807	8	842.98	1	1	2
807	8	1207.8	1	1	2
807	8	1039.4	1	1	2
807	8	1800.6	1	1	2
807	8	1404.9	1	1	2
807	8	1097.1	1	1	2
807	8	1525.8	1	1	2
807	8	1067.5	1	1	2
807	8	1768.8	1	1	2
807	8	913.35	1	1	2
807	8	1331.8	1	1	2
807	8	1191.2	1	1	2
807	8	1016.9	1	1	2
807	8	1149	1	1	2
807	8	1125.6	1	1	2
807	8	800.23	1	1	2
807	8	953.94	1	1	2
807	8	964.8	0	1	2
807	8	994.21	0	1	2
807	8	1047.8	1	1	2
807	8	1124.3	1	1	2
807	8	1082	1	1	2
807	8	838.15	1	1	2
807	8	839.28	1	1	2
807	8	740.61	1	1	2
807	8	736.54	1	1	2
807	8	1548.2	1	1	2
807	8	772.39	1	1	2
807	8	864.57	1	1	2
807	8	1094.4	1	1	2
807	8	1015.9	1	1	2
807	8	1180.5	1	1	2
807	8	735.73	1	1	2
807	8	1183.5	1	1	2
807	8	886.99	1	1	2
807	8	810.22	0	1	2
807	8	751.31	0	1	2
807	8	557.37	0	1	2
807	8	834.76	1	1	2
807	8	783.24	1	1	2
807	8	925.9	1	1	2
807	8	808.23	1	1	2
807	8	803.32	1	1	2
807	8	1338.7	1	1	2
807	8	628.33	1	1	2
807	8	852.81	1	1	2
807	8	765.48	0	1	2
807	8	716.94	1	1	2
807	8	768.65	1	1	2
807	8	727.27	1	1	2
807	8	890.66	1	1	2
807	8	737.96	1	1	2
807	8	757.81	1	1	2
807	8	932.22	1	1	2
807	8	723.93	1	1	2
807	8	962.04	1	1	2
807	8	696.72	1	1	2
807	8	848.7	1	1	2
807	8	949.98	0	1	2
807	8	946.29	1	1	2
807	8	818.38	1	1	2
807	8	783.2	1	1	2
807	8	1022.8	1	1	2
807	8	1632.7	1	1	2
807	8	708.48	1	1	2
807	8	927.35	1	1	2
807	8	863.81	1	1	2
807	8	763.82	1	1	2
807	8	1078.4	1	1	2
807	8	1299.7	1	1	2
807	8	1035.4	1	1	2
807	8	797.81	1	1	2
807	8	850.97	1	1	2
807	8	937.45	1	1	2
807	8	827.32	1	1	2
807	8	907.95	1	1	2
807	8	725.73	1	1	2
807	8	490.19	0	1	2
807	8	806.63	1	1	2
807	8	778.93	1	1	2
807	8	886.25	1	1	2
807	8	769.65	1	1	2
807	8	613.73	1	1	2
807	8	428.43	0	1	2
807	8	734.89	1	1	2
807	8	563.45	0	1	2
807	8	1030.6	1	1	2
807	8	828.73	0	1	2
807	8	847.37	1	1	2
807	8	588.6	1	1	2
807	8	708.32	1	1	2
807	8	780.34	0	1	2
807	8	614.4	1	1	2
807	8	460.42	0	1	2
807	8	654.49	1	1	2
807	8	1067.5	1	1	2
807	8	456	0	1	2
807	8	854.21	1	1	2
807	8	547.98	1	1	2
807	8	556.62	0	1	2
807	8	684.92	1	1	2
807	8	757.63	1	1	2
807	8	526.79	1	1	2
807	8	558.84	1	1	2
807	8	723.29	1	1	2
807	8	795.93	1	1	2
807	8	509.25	0	1	2
807	8	460.83	0	1	2
807	8	581.44	1	1	2
807	8	845.98	1	1	2
807	8	670.38	1	1	2
807	8	651.82	0	1	2
807	8	860.56	1	1	2
807	8	732.17	1	1	2
807	8	514.59	1	1	2
807	8	629.61	1	1	2
807	8	539.03	0	1	2
807	8	854.53	1	1	2
807	8	838.71	1	1	2
807	8	683.51	1	1	2
807	8	772.04	1	1	2
807	8	520.64	0	1	2
807	8	819.73	1	1	2
807	8	712.17	1	1	2
807	8	474.54	1	1	2
807	8	728.92	1	1	2
807	8	674.22	1	1	2
807	8	683.32	1	1	2
807	8	593.34	1	1	2
807	8	496.11	0	1	2
807	8	738.94	1	1	2
807	8	846.2	1	1	2
807	8	659.98	1	1	2
807	8	1106.2	1	1	2
807	8	670.09	0	1	2
807	8	429.95	0	1	2
807	8	776.5	1	1	2
807	8	1145.6	0	1	2
807	8	696.05	1	1	2
807	8	1219.4	1	1	2
807	8	601.74	1	1	2
807	8	628.83	1	1	2
807	8	437.04	0	1	2
807	8	1313.9	0	1	2
807	8	862.33	1	1	2
807	8	1140	1	1	2
807	8	662.93	1	1	2
807	8	786.1	1	1	2
807	8	821.79	1	1	2
807	8	835.49	1	1	2
807	8	925.7	1	1	2
807	8	523.68	0	1	2
807	8	706.74	1	1	2
807	8	587.9	1	1	2
807	8	518.9	1	1	2
807	8	632.6	1	1	2
807	8	618.99	0	1	2
807	8	838.05	1	1	2
807	8	615.33	1	1	2
807	8	976.09	1	1	2
807	8	747.84	1	1	2
807	8	628.69	1	1	2
807	8	591.32	1	1	2
807	8	884.24	1	1	2
807	8	864.59	1	1	2
807	8	671.09	1	1	2
807	8	612.15	1	1	2
807	8	726.61	1	1	2
807	8	581.42	1	1	2
807	8	710.73	1	1	2
807	8	550.47	0	1	2
807	8	840.15	1	1	2
807	8	1029.3	1	1	2
807	8	696.63	1	1	2
807	8	659.75	1	1	2
807	8	457.18	0	1	2
807	8	856.45	1	1	2
807	8	703.53	1	1	2
807	8	911.23	1	1	2
807	8	612.2	1	1	2
807	8	919.29	1	1	2
807	8	602.2	1	1	2
807	8	699.27	1	1	2
807	8	576.29	1	1	2
807	8	526.78	0	1	2
807	8	473.38	1	1	2
807	8	591.74	1	1	2
807	8	427.38	0	1	2
807	8	476.97	0	1	2
807	8	497.56	1	1	2
807	8	536.75	0	1	2
807	8	847.94	1	1	2
807	8	585.97	1	1	2
807	8	580.92	0	1	2
807	8	796.54	1	1	2
807	8	422.76	0	1	2
807	8	520.13	1	1	2
807	8	445.28	0	1	2
807	8	449.46	0	1	2
807	8	605.69	1	1	2
807	8	526.49	1	1	2
807	8	595.96	1	1	2
807	8	829.86	1	1	2
807	8	542.12	1	1	2
807	8	584.19	1	1	2
807	8	810.66	0	1	2
807	8	682.15	1	1	2
807	8	519.68	1	1	2
807	8	394.68	1	1	2
807	8	750.63	1	1	2
807	8	589.05	1	1	2
807	8	722.63	1	1	2
807	8	488.25	1	1	2
807	8	366.75	0	1	2
807	8	438.72	0	1	2
807	8	577.19	1	1	2
807	8	663.33	1	1	2
807	8	638.2	1	1	2
807	8	512.62	0	1	2
807	8	599.41	1	1	2
807	8	461.25	0	1	2
807	8	521.34	0	1	2
807	8	1653	1	1	2
807	8	583.01	1	1	2
807	8	822.07	1	1	2
807	8	763.33	1	1	2
807	8	528.04	1	1	2
807	8	627.18	1	1	2
807	8	473.79	0	1	2
807	8	668.41	1	1	2
807	8	581.03	1	1	2
807	8	652.37	1	1	2
807	8	448.83	0	1	2
807	8	661.01	1	1	2
807	8	569.22	1	1	2
807	8	632.82	1	1	2
807	8	848.52	1	1	2
807	8	633.08	1	1	2
807	8	967.98	1	1	2
807	8	553.71	1	1	2
807	8	633.39	1	1	2
807	8	509.29	1	1	2
807	8	596.47	1	1	2
807	8	823.7	1	1	2
807	8	1030.1	1	1	2
807	8	622.46	1	1	2
807	8	584.4	1	1	2
807	8	897.8	1	1	2
807	8	483.39	0	1	2
807	8	858.84	1	1	2
807	8	698.8	1	1	2
807	8	519.81	1	1	2
807	8	499.71	0	1	2
807	8	561.98	0	1	2
807	8	573.56	1	1	2
807	8	774.42	1	1	2
807	8	503.58	1	1	2
807	8	816.77	0	1	2
807	8	1208	1	1	2
807	8	785.53	1	1	2
807	8	459.97	0	1	2
807	8	638.27	0	1	2
807	8	534.8	1	1	2
807	8	787.38	1	1	2
807	8	657.61	1	1	2
807	8	480.45	1	1	2
807	8	785.55	1	1	2
807	8	776.99	1	1	2
807	8	501.84	1	1	2
807	8	1785.5	1	1	2
807	8	708.42	1	1	2
807	8	465.95	1	1	2
807	8	491.13	1	1	2
807	8	459.91	0	1	2
807	8	607.31	1	1	2
807	8	581.6	1	1	2
807	8	544.13	1	1	2
807	8	649.18	0	1	2
807	8	586.99	0	1	2
807	8	528.8	1	1	2
807	8	410.44	0	1	2
807	8	592.81	1	1	2
807	8	731.16	1	1	2
807	8	474.95	0	1	2
807	8	435.42	0	1	2
807	8	781.72	1	1	2
807	8	557.96	1	1	2
807	8	600.36	1	1	2
807	8	669.3	1	1	2
807	8	527.73	1	1	2
807	8	489.31	1	1	2
807	8	538.81	1	1	2
807	8	624.47	1	1	2
807	8	519.66	1	1	2
807	8	820.8	1	1	2
807	8	546.69	0	1	2
807	8	584.83	1	1	2
807	8	426.91	0	1	2
807	8	451.29	1	1	2
807	8	586.11	1	1	2
807	8	540.7	1	1	2
807	8	636.86	1	1	2
807	8	526.38	1	1	2
807	8	565.75	1	1	2
807	8	557.51	1	1	2
807	8	511.28	0	1	2
807	8	716.44	1	1	2
807	8	642.31	1	1	2
807	8	593.24	1	1	2
807	8	755.57	1	1	2
807	8	493.14	0	1	2
807	8	1010.9	1	1	2
807	8	543.94	1	1	2
807	8	690.06	1	1	2
807	8	735.03	1	1	2
807	8	531.91	1	1	2
807	8	536.78	0	1	2
807	8	503.75	1	1	2
807	8	333.3	0	1	2
807	8	475.76	1	1	2
807	8	645.34	1	1	2
807	8	615.17	1	1	2
807	8	585.51	1	1	2
807	8	461.61	0	1	2
807	8	483.31	1	1	2
807	8	516.16	0	1	2
807	8	514.93	0	1	2
807	8	660.65	1	1	2
807	8	580.22	1	1	2
807	8	560.5	0	1	1
807	8	793.96	0	1	1
807	8	1094.4	0	1	1
807	8	2758	1	1	1
807	8	868.49	1	1	1
807	8	2908.5	1	1	1
807	8	1516.6	1	1	1
807	8	1694.9	1	1	1
807	8	2959.9	0	1	1
807	8	2323.3	1	1	1
807	8	1110.8	1	1	1
807	8	2189.4	1	1	1
807	8	2587.4	0	1	1
807	8	1420.9	1	1	1
807	8	1478.8	1	1	1
807	8	917.17	1	1	1
807	8	1347.3	1	1	1
807	8	1085	1	1	1
807	8	1208	1	1	1
807	8	1340.7	1	1	1
807	8	854.39	1	1	1
807	8	1579.4	1	1	1
807	8	1200.4	1	1	1
807	8	1403.7	1	1	1
807	8	1094.1	1	1	1
807	8	1300.8	1	1	1
807	8	727.4	0	1	1
807	8	1493.3	1	1	1
807	8	1441.7	0	1	1
807	8	1033.6	1	1	1
807	8	889.75	1	1	1
807	8	1265.9	1	1	1
807	8	928.32	1	1	1
807	8	1124.2	1	1	1
807	8	920.34	1	1	1
807	8	882.85	1	1	1
807	8	775.81	1	1	1
807	8	1120.8	1	1	1
807	8	1166	1	1	1
807	8	1001.8	1	1	1
807	8	875.3	0	1	1
807	8	926.55	1	1	1
807	8	822.31	1	1	1
807	8	894.87	1	1	1
807	8	872.37	1	1	1
807	8	1285.1	1	1	1
807	8	1017.9	1	1	1
807	8	1074.6	1	1	1
807	8	956.48	1	1	1
807	8	787.49	1	1	1
807	8	824.45	0	1	1
807	8	1057	0	1	1
807	8	1354.8	1	1	1
807	8	1108.5	1	1	1
807	8	900.27	1	1	1
807	8	886.26	1	1	1
807	8	1280.8	1	1	1
807	8	1210	1	1	1
807	8	826.8	1	1	1
807	8	664.01	1	1	1
807	8	1075.8	1	1	1
807	8	1211.3	1	1	1
807	8	827.78	1	1	1
807	8	1415.1	1	1	1
807	8	1305.1	1	1	1
807	8	860.6	1	1	1
807	8	818.49	1	1	1
807	8	569.17	0	1	1
807	8	1332.6	1	1	1
807	8	706.75	1	1	1
807	8	919.57	1	1	1
807	8	1230	0	1	1
807	8	786.03	1	1	1
807	8	783.25	1	1	1
807	8	733.02	1	1	1
807	8	978.29	1	1	1
807	8	907.16	1	1	1
807	8	1145.5	1	1	1
807	8	1229.4	1	1	1
807	8	1200	1	1	1
807	8	1661.5	1	1	1
807	8	1012.6	1	1	1
807	8	1265.5	1	1	1
807	8	823.27	1	1	1
807	8	696.31	1	1	1
807	8	1043.3	1	1	1
807	8	1014.2	1	1	1
807	8	944.79	1	1	1
807	8	754.88	1	1	1
807	8	1745.2	1	1	1
807	8	698.63	1	1	1
807	8	803.94	1	1	1
807	8	914.85	1	1	1
807	8	957.66	1	1	1
807	8	807.63	1	1	1
807	8	667.38	1	1	1
807	8	735.91	1	1	1
807	8	854.98	1	1	1
807	8	876.4	0	1	1
807	8	863.06	1	1	1
807	8	750.69	1	1	1
807	8	510.55	0	1	1
807	8	667.66	1	1	1
807	8	749.21	1	1	1
807	8	675.12	0	1	1
807	8	521.32	0	1	1
807	8	736.66	1	1	1
807	8	1452.6	1	1	1
807	8	902.59	1	1	1
807	8	684.57	1	1	1
807	8	975.09	1	1	1
807	8	947.41	1	1	1
807	8	794.52	1	1	1
807	8	809.39	1	1	1
807	8	537.4	1	1	1
807	8	654.33	1	1	1
807	8	981.26	1	1	1
807	8	773.97	1	1	1
807	8	866.2	1	1	1
807	8	825.25	1	1	1
807	8	1180.8	1	1	1
807	8	961.83	1	1	1
807	8	505.37	1	1	1
807	8	903.55	1	1	1
807	8	544.65	1	1	1
807	8	776.34	1	1	1
807	8	685.26	1	1	1
807	8	721.46	1	1	1
807	8	1291.7	1	1	1
807	8	975.86	1	1	1
807	8	971.47	1	1	1
807	8	835.47	1	1	1
807	8	758.62	1	1	1
807	8	854.56	1	1	1
807	8	736.01	1	1	1
807	8	839.41	1	1	1
807	8	1095.4	1	1	1
807	8	763.09	1	1	1
807	8	861.83	1	1	1
807	8	728.65	1	1	1
807	8	518.11	0	1	1
807	8	931.65	1	1	1
807	8	779.11	1	1	1
807	8	1403	1	1	1
807	8	1009.2	1	1	1
807	8	785.8	1	1	1
807	8	840.33	1	1	1
807	8	564.96	0	1	1
807	8	686.28	1	1	1
807	8	714.58	1	1	1
807	8	643.78	1	1	1
807	8	1216.7	1	1	1
807	8	960.54	1	1	1
807	8	670.19	0	1	1
807	8	724.05	1	1	1
807	8	471.32	0	1	1
807	8	490.73	0	1	1
807	8	449.68	0	1	1
807	8	493.81	0	1	1
807	8	545.31	0	1	1
807	8	800.41	0	1	1
807	8	849.42	0	1	1
807	8	1289.6	1	1	1
807	8	767.2	1	1	1
807	8	449.41	0	1	1
807	8	1224.8	1	1	1
807	8	1346.4	0	1	1
807	8	1314.3	1	1	1
807	8	1028	1	1	1
807	8	507.96	0	1	1
807	8	788.18	1	1	1
807	8	810.97	1	1	1
807	8	730.19	1	1	1
807	8	639.19	1	1	1
807	8	894.88	1	1	1
807	8	777.19	1	1	1
807	8	625.65	1	1	1
807	8	884.07	1	1	1
807	8	991.48	1	1	1
807	8	940.14	1	1	1
807	8	1076.2	1	1	1
807	8	860.03	1	1	1
807	8	736.57	1	1	1
807	8	1003.8	1	1	1
807	8	516.54	0	1	1
807	8	913.42	1	1	1
807	8	723.68	1	1	1
807	8	704.81	1	1	1
807	8	622.73	1	1	1
807	8	1338.9	1	1	1
807	8	664.77	1	1	1
807	8	899.24	1	1	1
807	8	807.47	1	1	1
807	8	751.72	1	1	1
807	8	858.68	1	1	1
807	8	969.58	1	1	1
807	8	1173.4	1	1	1
807	8	645.24	1	1	1
807	8	911.89	1	1	1
807	8	790.71	1	1	1
807	8	536.76	1	1	1
807	8	679.69	1	1	1
807	8	896.82	1	1	1
807	8	506.89	1	1	1
807	8	600.68	1	1	1
807	8	671.86	1	1	1
807	8	842.55	1	1	1
807	8	829.4	1	1	1
807	8	1027.2	1	1	1
807	8	507.69	0	1	1
807	8	1099.7	0	1	1
807	8	749.18	1	1	1
807	8	872.33	1	1	1
807	8	688.83	1	1	1
807	8	553.7	1	1	1
807	8	971.62	1	1	1
807	8	679.34	1	1	1
807	8	822.4	1	1	1
807	8	649.82	1	1	1
807	8	802.1	0	1	1
807	8	798.44	0	1	1
807	8	712.45	1	1	1
807	8	774.9	0	1	1
807	8	672.33	1	1	1
807	8	807.68	1	1	1
807	8	783.85	1	1	1
807	8	690.95	1	1	1
807	8	632.81	1	1	1
807	8	713.99	1	1	1
807	8	489.37	1	1	1
807	8	811.27	1	1	1
807	8	680.06	1	1	1
807	8	435.24	0	1	1
807	8	642.73	1	1	1
807	8	1183.5	1	1	1
807	8	537.87	1	1	1
807	8	611.2	0	1	1
807	8	463.12	0	1	1
807	8	440.08	0	1	1
807	8	829.37	1	1	1
807	8	1053.6	1	1	1
807	8	796.51	1	1	1
807	8	719.88	1	1	1
807	8	949.46	1	1	1
807	8	485.63	0	1	1
807	8	699.41	1	1	1
807	8	1067.4	1	1	1
807	8	1054.1	1	1	1
807	8	659.77	1	1	1
807	8	479.66	0	1	1
807	8	519.71	0	1	1
807	8	881.92	0	1	1
807	8	475.43	0	1	1
807	8	639.16	1	1	1
807	8	557.54	1	1	1
807	8	651.54	1	1	1
807	8	665.42	1	1	1
807	8	587.28	1	1	1
807	8	685.9	1	1	1
807	8	852.53	1	1	1
807	8	541.95	1	1	1
807	8	423.27	0	1	1
807	8	811.14	1	1	1
807	8	959.46	1	1	1
807	8	732.54	1	1	1
807	8	810.37	1	1	1
807	8	753.76	1	1	1
807	8	732.94	1	1	1
807	8	589.63	1	1	1
807	8	1140.5	1	1	1
807	8	680.33	1	1	1
807	8	861.2	1	1	1
807	8	469.93	1	1	1
807	8	747.97	1	1	1
807	8	772.29	1	1	1
807	8	874.94	0	1	1
807	8	710.6	1	1	1
807	8	935.54	0	1	1
807	8	907.2	1	1	1
807	8	824.71	1	1	1
807	8	733.91	1	1	1
807	8	937.66	1	1	1
807	8	801.81	0	1	1
807	8	682.81	0	1	1
807	8	1061.7	1	1	1
807	8	1452.9	1	1	1
807	8	759.22	1	1	1
807	8	825.86	1	1	1
807	8	818.84	0	1	1
807	8	523.8	0	1	1
807	8	725.99	1	1	1
807	8	547.04	1	1	1
807	8	689.22	1	1	1
807	8	505.2	0	1	1
807	8	879.66	1	1	1
807	8	713.07	1	1	1
807	8	714.86	1	1	1
807	8	525.54	0	1	1
807	8	1168.6	1	1	1
807	8	568.31	0	1	1
807	8	802.36	1	1	1
807	8	488.22	0	1	1
807	8	618.31	1	1	1
807	8	539.49	0	1	1
807	8	603.24	1	1	1
807	8	1002.6	1	1	1
807	8	666.94	1	1	1
807	8	858.25	1	1	1
807	8	863.1	1	1	1
807	8	619.45	1	1	1
807	8	925.86	1	1	1
807	8	549.09	1	1	1
807	8	642.97	1	1	1
807	8	661.45	1	1	1
807	8	550.53	1	1	1
807	8	814.34	1	1	1
807	8	495.91	0	1	1
807	8	739.96	1	1	1
807	8	652.51	1	1	1
807	8	699.01	1	1	1
807	8	552.72	0	1	1
807	8	717.8	1	1	1
807	8	724.38	1	1	1
807	8	963.36	1	1	1
807	8	848.8	1	1	1
807	8	768.85	1	1	1
807	8	656.31	1	1	1
807	8	494.41	0	1	1
807	8	608.47	1	1	1
807	8	1065.8	0	1	1
807	8	850.52	1	1	1
807	8	715.15	1	1	1
807	8	754.76	1	1	1
807	8	478.99	0	1	1
807	8	685.24	1	1	1
807	8	678.53	1	1	1
807	8	804.6	1	1	1
807	8	884.09	1	1	1
807	8	865.8	1	1	1
807	8	760.08	1	1	1
807	8	1282.8	1	1	1
807	8	448.65	0	1	1
807	8	483.52	1	1	1
807	8	1272.6	1	1	1
807	8	971.03	1	1	1
807	8	635.6	1	1	1
807	8	590.55	1	1	1
807	8	673.35	1	1	1
807	8	589.7	1	1	1
807	8	3131.3	1	2	-1
807	8	1790.4	1	2	-1
807	8	1235.5	1	2	-1
807	8	2028.2	1	2	-1
807	8	2007.5	0	2	-1
807	8	832.04	0	2	-1
807	8	1367.8	1	2	-1
807	8	799.04	0	2	-1
807	8	1836.8	1	2	-1
807	8	1336.1	1	2	-1
807	8	1195	1	2	-1
807	8	1081.8	1	2	-1
807	8	1379	1	2	-1
807	8	801.06	0	2	-1
807	8	1286.4	1	2	-1
807	8	1111.8	1	2	-1
807	8	1327	1	2	-1
807	8	1126.1	1	2	-1
807	8	1029.8	1	2	-1
807	8	1076.9	1	2	-1
807	8	1069.6	1	2	-1
807	8	1479	0	2	-1
807	8	1173.4	1	2	-1
807	8	1278.2	1	2	-1
807	8	1983.7	1	2	-1
807	8	1146.3	1	2	-1
807	8	1022.4	1	2	-1
807	8	955.89	1	2	-1
807	8	2197.9	0	2	-1
807	8	1070	1	2	-1
807	8	1273.5	1	2	-1
807	8	1157.1	1	2	-1
807	8	1080.4	1	2	-1
807	8	890.14	1	2	-1
807	8	1085	1	2	-1
807	8	1334.5	0	2	-1
807	8	939.18	1	2	-1
807	8	1010.8	1	2	-1
807	8	839.75	1	2	-1
807	8	1149.2	1	2	-1
807	8	972.09	1	2	-1
807	8	633.33	0	2	-1
807	8	962.53	1	2	-1
807	8	984.79	1	2	-1
807	8	749.87	1	2	-1
807	8	887.98	1	2	-1
807	8	1018.2	1	2	-1
807	8	1018.9	1	2	-1
807	8	646.62	0	2	-1
807	8	808.17	1	2	-1
807	8	793.13	1	2	-1
807	8	839.42	1	2	-1
807	8	719.52	1	2	-1
807	8	802.99	1	2	-1
807	8	869.22	1	2	-1
807	8	1023	1	2	-1
807	8	787.29	1	2	-1
807	8	1050.4	1	2	-1
807	8	1039.7	1	2	-1
807	8	924.07	1	2	-1
807	8	859.05	1	2	-1
807	8	730.15	1	2	-1
807	8	696.3	1	2	-1
807	8	1198.7	1	2	-1
807	8	895.2	1	2	-1
807	8	803.34	1	2	-1
807	8	873.18	1	2	-1
807	8	893.73	1	2	-1
807	8	680.96	1	2	-1
807	8	584.19	1	2	-1
807	8	887.09	1	2	-1
807	8	744.26	1	2	-1
807	8	1019.3	1	2	-1
807	8	1107.3	1	2	-1
807	8	771.35	1	2	-1
807	8	1019.5	1	2	-1
807	8	806.03	0	2	-1
807	8	875.77	1	2	-1
807	8	665.55	1	2	-1
807	8	609.49	1	2	-1
807	8	906.32	1	2	-1
807	8	1651.1	0	2	-1
807	8	1321.1	0	2	-1
807	8	811.47	1	2	-1
807	8	781.63	1	2	-1
807	8	760.39	1	2	-1
807	8	596.96	1	2	-1
807	8	900.31	1	2	-1
807	8	976.52	1	2	-1
807	8	1115.6	1	2	-1
807	8	720.56	1	2	-1
807	8	797.1	1	2	-1
807	8	795.2	1	2	-1
807	8	790.09	1	2	-1
807	8	980.33	1	2	-1
807	8	729.62	1	2	-1
807	8	941.81	1	2	-1
807	8	893.84	1	2	-1
807	8	942.19	1	2	-1
807	8	614.57	1	2	-1
807	8	1008.2	1	2	-1
807	8	777.06	1	2	-1
807	8	827.43	1	2	-1
807	8	734.73	1	2	-1
807	8	795.8	1	2	-1
807	8	510.89	0	2	-1
807	8	891.02	1	2	-1
807	8	742.87	1	2	-1
807	8	787.7	1	2	-1
807	8	810.49	1	2	-1
807	8	752.28	1	2	-1
807	8	800.17	0	2	-1
807	8	1568.5	1	2	-1
807	8	721.47	1	2	-1
807	8	850.43	1	2	-1
807	8	784.61	1	2	-1
807	8	808.68	1	2	-1
807	8	841.44	1	2	-1
807	8	726.54	0	2	-1
807	8	654.34	1	2	-1
807	8	843.1	1	2	-1
807	8	771.07	1	2	-1
807	8	754.23	1	2	-1
807	8	784.34	1	2	-1
807	8	952.64	1	2	-1
807	8	717.18	1	2	-1
807	8	855.97	1	2	-1
807	8	591.85	1	2	-1
807	8	632.44	1	2	-1
807	8	617.55	1	2	-1
807	8	957.05	1	2	-1
807	8	747.51	1	2	-1
807	8	1064.4	1	2	-1
807	8	665.34	1	2	-1
807	8	951.96	1	2	-1
807	8	746.6	1	2	-1
807	8	1044.6	1	2	-1
807	8	869.19	1	2	-1
807	8	743.72	1	2	-1
807	8	817.89	1	2	-1
807	8	643.41	1	2	-1
807	8	809.84	1	2	-1
807	8	635.46	1	2	-1
807	8	841.77	1	2	-1
807	8	669.1	1	2	-1
807	8	877.69	1	2	-1
807	8	715.79	1	2	-1
807	8	779.48	1	2	-1
807	8	1081	1	2	-1
807	8	773.77	1	2	-1
807	8	1037	0	2	-1
807	8	721.56	1	2	-1
807	8	627.23	1	2	-1
807	8	642.9	1	2	-1
807	8	516.02	1	2	-1
807	8	823.19	1	2	-1
807	8	661.64	1	2	-1
807	8	703.05	1	2	-1
807	8	765.58	1	2	-1
807	8	819	1	2	-1
807	8	556.22	1	2	-1
807	8	908.41	0	2	-1
807	8	641.38	1	2	-1
807	8	988.95	1	2	-1
807	8	568.59	1	2	-1
807	8	701.75	1	2	-1
807	8	531.45	1	2	-1
807	8	695.74	1	2	-1
807	8	670.81	1	2	-1
807	8	853.26	1	2	-1
807	8	646.28	1	2	-1
807	8	542.39	1	2	-1
807	8	1383.5	1	2	-1
807	8	827.84	1	2	-1
807	8	647.99	1	2	-1
807	8	720.33	1	2	-1
807	8	829.84	0	2	-1
807	8	835.74	1	2	-1
807	8	645.94	1	2	-1
807	8	830.42	1	2	-1
807	8	766.74	1	2	-1
807	8	800.37	1	2	-1
807	8	643.87	1	2	-1
807	8	680.01	1	2	-1
807	8	652.9	1	2	-1
807	8	876.1	1	2	-1
807	8	679.7	1	2	-1
807	8	737.87	1	2	-1
807	8	492.73	1	2	-1
807	8	829.95	1	2	-1
807	8	949.24	0	2	-1
807	8	1414	0	2	-1
807	8	819.95	1	2	-1
807	8	716.19	1	2	-1
807	8	568.41	1	2	-1
807	8	778.43	1	2	-1
807	8	703.53	1	2	-1
807	8	839.62	1	2	-1
807	8	721.98	1	2	-1
807	8	728.38	1	2	-1
807	8	593.1	1	2	-1
807	8	596.68	1	2	-1
807	8	605.75	1	2	-1
807	8	572.66	1	2	-1
807	8	675.39	1	2	-1
807	8	543.94	1	2	-1
807	8	453.59	1	2	-1
807	8	657.94	0	2	-1
807	8	582.94	1	2	-1
807	8	620.6	1	2	-1
807	8	490.66	1	2	-1
807	8	604.43	1	2	-1
807	8	521.05	1	2	-1
807	8	581.83	1	2	-1
807	8	660.04	1	2	-1
807	8	511.56	1	2	-1
807	8	664.55	1	2	-1
807	8	583.96	1	2	-1
807	8	493.38	1	2	-1
807	8	475.43	1	2	-1
807	8	668.09	1	2	-1
807	8	740.81	1	2	-1
807	8	651.57	1	2	-1
807	8	653.15	1	2	-1
807	8	533.79	0	2	-1
807	8	652.58	1	2	-1
807	8	729.92	1	2	-1
807	8	615.54	1	2	-1
807	8	734.89	1	2	-1
807	8	687.69	1	2	-1
807	8	642.52	1	2	-1
807	8	712.97	1	2	-1
807	8	790.96	1	2	-1
807	8	726.42	1	2	-1
807	8	539.99	1	2	-1
807	8	519.34	1	2	-1
807	8	1070.3	1	2	-1
807	8	624.51	1	2	-1
807	8	875.53	1	2	-1
807	8	652.88	1	2	-1
807	8	642.45	0	2	-1
807	8	613.13	1	2	-1
807	8	767.16	1	2	-1
807	8	648.24	1	2	-1
807	8	489.19	1	2	-1
807	8	639.59	1	2	-1
807	8	522.69	0	2	-1
807	8	668.48	1	2	-1
807	8	778.52	1	2	-1
807	8	687.01	1	2	-1
807	8	571.86	1	2	-1
807	8	783.67	1	2	-1
807	8	821.57	1	2	-1
807	8	680.51	1	2	-1
807	8	834.49	1	2	-1
807	8	776.63	1	2	-1
807	8	647.26	1	2	-1
807	8	576.78	1	2	-1
807	8	598.88	1	2	-1
807	8	587.26	1	2	-1
807	8	688.15	1	2	-1
807	8	633.07	1	2	-1
807	8	950.03	0	2	-1
807	8	954.62	1	2	-1
807	8	716.05	1	2	-1
807	8	761.26	1	2	-1
807	8	651.37	0	2	-1
807	8	572.98	1	2	-1
807	8	978.62	1	2	-1
807	8	607.4	1	2	-1
807	8	657.44	1	2	-1
807	8	589.36	1	2	-1
807	8	659.92	1	2	-1
807	8	673.75	1	2	-1
807	8	666.51	1	2	-1
807	8	520.81	1	2	-1
807	8	467.93	1	2	-1
807	8	660.29	1	2	-1
807	8	667.47	1	2	-1
807	8	638.77	1	2	-1
807	8	1462.7	1	2	-1
807	8	674.23	1	2	-1
807	8	670.9	1	2	-1
807	8	891.95	1	2	-1
807	8	542.71	1	2	-1
807	8	826.89	1	2	-1
807	8	762.5	1	2	-1
807	8	610.59	1	2	-1
807	8	851.96	1	2	-1
807	8	603.53	1	2	-1
807	8	646.31	1	2	-1
807	8	1258.7	1	2	-1
807	8	662.27	1	2	-1
807	8	757.47	1	2	-1
807	8	636.71	1	2	-1
807	8	705.57	1	2	-1
807	8	697.46	1	2	-1
807	8	524.51	1	2	-1
807	8	427.51	1	2	-1
807	8	857.56	1	2	-1
807	8	682.08	1	2	-1
807	8	469.53	1	2	-1
807	8	632.61	1	2	-1
807	8	639.67	1	2	-1
807	8	504.53	1	2	-1
807	8	503.85	1	2	-1
807	8	603.62	1	2	-1
807	8	590.26	1	2	-1
807	8	609.93	1	2	-1
807	8	509	0	2	-1
807	8	663.39	1	2	-1
807	8	523.32	1	2	-1
807	8	632.97	1	2	-1
807	8	563.9	1	2	-1
807	8	516.26	1	2	-1
807	8	438.25	1	2	-1
807	8	811.71	1	2	-1
807	8	660.66	1	2	-1
807	8	578.52	1	2	-1
807	8	565.37	1	2	-1
807	8	511.26	0	2	-1
807	8	606.38	1	2	-1
807	8	621.02	1	2	-1
807	8	1152.5	1	2	-1
807	8	632.34	1	2	-1
807	8	590.84	1	2	-1
807	8	732.38	1	2	-1
807	8	664.67	1	2	-1
807	8	513.77	1	2	-1
807	8	661.64	1	2	-1
807	8	685.33	1	2	-1
807	8	569.65	1	2	-1
807	8	583.27	1	2	-1
807	8	644.87	1	2	-1
807	8	620.04	1	2	-1
807	8	530.01	1	2	-1
807	8	595.75	1	2	-1
807	8	510.35	1	2	-1
807	8	725.28	1	2	-1
807	8	988.72	1	2	-1
807	8	895.4	0	2	-1
807	8	622.64	1	2	-1
807	8	520.55	0	2	-1
807	8	534.23	0	2	-1
807	8	758.39	1	2	-1
807	8	1018.6	1	2	-1
807	8	820.44	1	2	-1
807	8	739.44	1	2	-1
807	8	1240.2	1	1	-1
807	8	1205.7	1	1	-1
807	8	846.15	0	1	-1
807	8	1216.1	1	1	-1
807	8	1093.5	1	1	-1
807	8	1593.8	1	1	-1
807	8	1316.9	1	1	-1
807	8	1431.7	1	1	-1
807	8	1454.8	1	1	-1
807	8	2291	1	1	-1
807	8	1167.8	1	1	-1
807	8	1066.4	1	1	-1
807	8	1474.2	1	1	-1
807	8	1259.2	1	1	-1
807	8	1275.1	1	1	-1
807	8	1256.8	1	1	-1
807	8	1222.7	1	1	-1
807	8	1285	1	1	-1
807	8	998.99	1	1	-1
807	8	1247.5	1	1	-1
807	8	977.14	1	1	-1
807	8	1214.3	1	1	-1
807	8	1223.6	1	1	-1
807	8	948.26	1	1	-1
807	8	1057.1	1	1	-1
807	8	1074.3	1	1	-1
807	8	1294.7	1	1	-1
807	8	905.02	1	1	-1
807	8	937.63	1	1	-1
807	8	1076.5	1	1	-1
807	8	1555	1	1	-1
807	8	1125.2	1	1	-1
807	8	1178.1	1	1	-1
807	8	1148.4	1	1	-1
807	8	1154.1	1	1	-1
807	8	931.41	1	1	-1
807	8	746.16	0	1	-1
807	8	931.68	1	1	-1
807	8	972.36	1	1	-1
807	8	971.57	1	1	-1
807	8	856.77	1	1	-1
807	8	901.44	1	1	-1
807	8	1465.4	1	1	-1
807	8	933.53	1	1	-1
807	8	1018.4	1	1	-1
807	8	886.4	1	1	-1
807	8	984.1	1	1	-1
807	8	1207.8	1	1	-1
807	8	877.25	1	1	-1
807	8	798.74	1	1	-1
807	8	659.86	0	1	-1
807	8	954.84	1	1	-1
807	8	832.36	1	1	-1
807	8	824.35	1	1	-1
807	8	866.23	1	1	-1
807	8	796.12	1	1	-1
807	8	967.9	1	1	-1
807	8	920.02	1	1	-1
807	8	2312.1	1	1	-1
807	8	1451.2	0	1	-1
807	8	1177.8	1	1	-1
807	8	1066.2	1	1	-1
807	8	540.74	1	1	-1
807	8	863.17	1	1	-1
807	8	665.84	1	1	-1
807	8	954.08	1	1	-1
807	8	925.45	1	1	-1
807	8	1416.1	1	1	-1
807	8	861.14	1	1	-1
807	8	803.78	1	1	-1
807	8	976.04	0	1	-1
807	8	819.28	1	1	-1
807	8	830.75	1	1	-1
807	8	773.16	1	1	-1
807	8	850.51	1	1	-1
807	8	783.36	1	1	-1
807	8	885.6	1	1	-1
807	8	983.23	1	1	-1
807	8	799.68	1	1	-1
807	8	785.76	1	1	-1
807	8	842.42	1	1	-1
807	8	589.72	1	1	-1
807	8	841.63	1	1	-1
807	8	946.73	1	1	-1
807	8	727.19	1	1	-1
807	8	1061.8	1	1	-1
807	8	725.95	1	1	-1
807	8	1014	1	1	-1
807	8	656.55	1	1	-1
807	8	904.46	1	1	-1
807	8	883.29	1	1	-1
807	8	1294.4	0	1	-1
807	8	1552	0	1	-1
807	8	1606.4	0	1	-1
807	8	831.31	1	1	-1
807	8	853.56	1	1	-1
807	8	644.51	1	1	-1
807	8	648.22	1	1	-1
807	8	762.33	1	1	-1
807	8	814.79	1	1	-1
807	8	675.38	1	1	-1
807	8	635.99	0	1	-1
807	8	602.18	1	1	-1
807	8	791.9	1	1	-1
807	8	616.56	1	1	-1
807	8	503.58	1	1	-1
807	8	926.63	1	1	-1
807	8	719.56	1	1	-1
807	8	825.28	1	1	-1
807	8	1233.7	1	1	-1
807	8	764.58	1	1	-1
807	8	882.5	1	1	-1
807	8	525.76	1	1	-1
807	8	900.02	1	1	-1
807	8	623.55	1	1	-1
807	8	680.62	1	1	-1
807	8	799.87	1	1	-1
807	8	874.51	1	1	-1
807	8	994.27	1	1	-1
807	8	804.14	1	1	-1
807	8	685.52	1	1	-1
807	8	920.59	1	1	-1
807	8	681.88	1	1	-1
807	8	864.19	0	1	-1
807	8	799.56	1	1	-1
807	8	711.91	1	1	-1
807	8	905.6	1	1	-1
807	8	529.91	1	1	-1
807	8	1210.7	1	1	-1
807	8	664.04	0	1	-1
807	8	802.35	1	1	-1
807	8	1041.8	1	1	-1
807	8	688.24	1	1	-1
807	8	712.17	1	1	-1
807	8	907.06	1	1	-1
807	8	753.27	1	1	-1
807	8	841.3	1	1	-1
807	8	518.24	1	1	-1
807	8	869.64	1	1	-1
807	8	966.89	1	1	-1
807	8	526.57	1	1	-1
807	8	683.28	1	1	-1
807	8	626.14	1	1	-1
807	8	678.16	1	1	-1
807	8	542.99	1	1	-1
807	8	672.22	1	1	-1
807	8	630.19	1	1	-1
807	8	685.26	1	1	-1
807	8	648.01	1	1	-1
807	8	669.51	1	1	-1
807	8	439.8	1	1	-1
807	8	591.21	1	1	-1
807	8	424.24	1	1	-1
807	8	570.76	1	1	-1
807	8	1056.7	1	1	-1
807	8	575.26	1	1	-1
807	8	572.75	1	1	-1
807	8	640.28	1	1	-1
807	8	957.2	1	1	-1
807	8	585.92	1	1	-1
807	8	1273.2	1	1	-1
807	8	539.17	1	1	-1
807	8	727.18	1	1	-1
807	8	657.16	1	1	-1
807	8	680.12	1	1	-1
807	8	579.43	1	1	-1
807	8	502.74	1	1	-1
807	8	834.52	1	1	-1
807	8	611.16	1	1	-1
807	8	631.88	1	1	-1
807	8	835.75	1	1	-1
807	8	520.69	1	1	-1
807	8	849.24	1	1	-1
807	8	716.66	1	1	-1
807	8	579.58	1	1	-1
807	8	503.7	1	1	-1
807	8	1137.6	1	1	-1
807	8	885.44	1	1	-1
807	8	815.76	1	1	-1
807	8	675.46	1	1	-1
807	8	880.77	0	1	-1
807	8	578.12	1	1	-1
807	8	759.72	1	1	-1
807	8	660.92	1	1	-1
807	8	839.48	1	1	-1
807	8	663.67	1	1	-1
807	8	653.76	1	1	-1
807	8	1205	1	1	-1
807	8	519.04	1	1	-1
807	8	824.46	1	1	-1
807	8	780.02	1	1	-1
807	8	796.43	1	1	-1
807	8	838.25	1	1	-1
807	8	1060.6	1	1	-1
807	8	774.21	1	1	-1
807	8	619.71	1	1	-1
807	8	1209.5	1	1	-1
807	8	580.3	1	1	-1
807	8	913.41	1	1	-1
807	8	1148.8	0	1	-1
807	8	1082.3	1	1	-1
807	8	765.51	1	1	-1
807	8	727.98	1	1	-1
807	8	605.41	1	1	-1
807	8	502.86	0	1	-1
807	8	719.73	1	1	-1
807	8	622.78	1	1	-1
807	8	611	1	1	-1
807	8	725.92	1	1	-1
807	8	776.59	1	1	-1
807	8	834.12	1	1	-1
807	8	597.22	1	1	-1
807	8	626.32	1	1	-1
807	8	774.33	1	1	-1
807	8	643.59	1	1	-1
807	8	827.68	1	1	-1
807	8	551.76	1	1	-1
807	8	484.95	1	1	-1
807	8	557.98	1	1	-1
807	8	673.14	1	1	-1
807	8	551.32	1	1	-1
807	8	499.96	1	1	-1
807	8	506.75	1	1	-1
807	8	549.58	1	1	-1
807	8	502.94	1	1	-1
807	8	687.21	1	1	-1
807	8	643.03	1	1	-1
807	8	443.91	1	1	-1
807	8	1063.4	0	1	-1
807	8	705.82	1	1	-1
807	8	630.46	1	1	-1
807	8	603.4	1	1	-1
807	8	608.54	1	1	-1
807	8	657.43	1	1	-1
807	8	574.72	0	1	-1
807	8	488.34	1	1	-1
807	8	691.82	1	1	-1
807	8	765.67	1	1	-1
807	8	611.13	1	1	-1
807	8	647.51	1	1	-1
807	8	600.81	1	1	-1
807	8	698.77	1	1	-1
807	8	533.94	1	1	-1
807	8	630.42	1	1	-1
807	8	723.28	1	1	-1
807	8	648.88	1	1	-1
807	8	701.3	1	1	-1
807	8	601.79	1	1	-1
807	8	786.07	1	1	-1
807	8	584.42	1	1	-1
807	8	680.35	1	1	-1
807	8	658.15	1	1	-1
807	8	667.3	1	1	-1
807	8	659.87	1	1	-1
807	8	891.35	1	1	-1
807	8	520.69	1	1	-1
807	8	728.15	1	1	-1
807	8	499.13	1	1	-1
807	8	736.56	0	1	-1
807	8	1331.7	1	1	-1
807	8	690.98	1	1	-1
807	8	556.91	1	1	-1
807	8	566.06	1	1	-1
807	8	872.88	1	1	-1
807	8	1017.8	1	1	-1
807	8	940.79	1	1	-1
807	8	1058.6	1	1	-1
807	8	924.45	1	1	-1
807	8	475.3	1	1	-1
807	8	531.37	1	1	-1
807	8	689.04	1	1	-1
807	8	749.2	1	1	-1
807	8	577.76	1	1	-1
807	8	592.32	1	1	-1
807	8	473.83	1	1	-1
807	8	731.1	1	1	-1
807	8	529.35	1	1	-1
807	8	1184.5	1	1	-1
807	8	746.35	1	1	-1
807	8	663.93	1	1	-1
807	8	570.76	1	1	-1
807	8	932.6	1	1	-1
807	8	1132.1	1	1	-1
807	8	1129.6	1	1	-1
807	8	628.7	1	1	-1
807	8	606.14	1	1	-1
807	8	1115.8	1	1	-1
807	8	1288.9	1	1	-1
807	8	535.52	1	1	-1
807	8	1000.2	1	1	-1
807	8	710.71	1	1	-1
807	8	1927.1	1	1	-1
807	8	637.59	1	1	-1
807	8	584.91	1	1	-1
807	8	638.94	1	1	-1
807	8	794.02	1	1	-1
807	8	958.82	1	1	-1
807	8	610	1	1	-1
807	8	597.29	1	1	-1
807	8	728.07	1	1	-1
807	8	489.96	1	1	-1
807	8	505.76	1	1	-1
807	8	570.85	1	1	-1
807	8	716.6	1	1	-1
807	8	733.39	1	1	-1
807	8	724.42	1	1	-1
807	8	513.4	1	1	-1
807	8	594.59	1	1	-1
807	8	704.95	1	1	-1
807	8	884.31	1	1	-1
807	8	508	1	1	-1
807	8	626.86	1	1	-1
807	8	501.47	1	1	-1
807	8	752.35	1	1	-1
807	8	702.02	1	1	-1
807	8	613.85	1	1	-1
807	8	564.17	1	1	-1
807	8	660.74	1	1	-1
807	8	583.38	1	1	-1
807	8	616.64	1	1	-1
807	8	522.29	1	1	-1
807	8	489.96	1	1	-1
807	8	502.16	1	1	-1
807	8	665.52	1	1	-1
807	8	558.65	1	1	-1
807	8	613.27	1	1	-1
807	8	749.95	1	1	-1
807	8	452.59	1	1	-1
807	8	486.23	1	1	-1
807	8	487.03	1	1	-1
807	8	542.23	1	1	-1
807	8	1377.1	1	1	-1
807	8	768.23	1	1	-1
807	8	697.39	1	1	-1
807	8	791.93	1	1	-1
807	8	463.37	1	1	-1
807	8	485.28	1	1	-1
807	8	527.45	1	1	-1
807	8	553.51	1	1	-1
807	8	429.47	1	1	-1
807	8	617.1	1	1	-1
807	8	582.64	1	1	-1
807	8	649.69	1	1	-1
807	8	647.28	0	1	-1
807	8	649.55	1	1	-1
807	8	534.55	1	1	-1
807	8	629.02	1	1	-1
807	8	530.14	1	1	-1
807	8	590.05	1	1	-1
807	8	577.47	1	1	-1
807	8	876.64	1	-1	2
807	8	573.43	1	-1	2
807	8	977.6	1	-1	2
807	8	607.5	1	-1	2
807	8	693.74	1	-1	2
807	8	707.33	1	-1	2
807	8	852.44	1	-1	2
807	8	881.99	1	-1	2
807	8	774.57	1	-1	2
807	8	586.49	1	-1	2
807	8	1059.9	1	-1	2
807	8	779.42	1	-1	2
807	8	1206.4	1	-1	2
807	8	962.56	1	-1	2
807	8	621.6	1	-1	2
807	8	691.75	1	-1	2
807	8	690.72	1	-1	2
807	8	587.47	1	-1	2
807	8	1317.7	1	-1	2
807	8	906.92	1	-1	2
807	8	735	1	-1	2
807	8	563.5	1	-1	2
807	8	758.63	1	-1	2
807	8	522.45	1	-1	2
807	8	642.06	1	-1	2
807	8	672.07	1	-1	2
807	8	1012.1	1	-1	2
807	8	898.56	1	-1	2
807	8	926.94	1	-1	2
807	8	580.55	1	-1	2
807	8	582.18	1	-1	2
807	8	577.18	1	-1	2
807	8	866.93	1	-1	2
807	8	885.28	1	-1	2
807	8	729.26	1	-1	2
807	8	589.92	1	-1	2
807	8	614.03	1	-1	2
807	8	599.02	1	-1	2
807	8	764	1	-1	2
807	8	630.24	1	-1	2
807	8	554.95	1	-1	2
807	8	513.76	1	-1	2
807	8	647.89	1	-1	2
807	8	564.79	1	-1	2
807	8	575.52	1	-1	2
807	8	812.71	1	-1	2
807	8	609.41	1	-1	2
807	8	566.39	1	-1	2
807	8	803.71	1	-1	2
807	8	551.49	1	-1	2
807	8	640.27	1	-1	2
807	8	564.83	1	-1	2
807	8	509.14	1	-1	2
807	8	507.97	1	-1	2
807	8	636.11	1	-1	2
807	8	508.72	1	-1	2
807	8	674.99	1	-1	2
807	8	594.11	1	-1	2
807	8	476.58	1	-1	2
807	8	877.06	0	-1	2
807	8	1435.6	1	-1	2
807	8	669.72	1	-1	2
807	8	698.33	1	-1	2
807	8	552.52	1	-1	2
807	8	554.32	1	-1	2
807	8	568.55	1	-1	2
807	8	661.56	1	-1	2
807	8	824.34	1	-1	2
807	8	570.63	1	-1	2
807	8	713.71	1	-1	2
807	8	943.15	1	-1	2
807	8	599.94	1	-1	2
807	8	865.34	0	-1	2
807	8	560.46	1	-1	2
807	8	479.71	1	-1	2
807	8	654.67	1	-1	2
807	8	525.79	1	-1	2
807	8	581.99	1	-1	2
807	8	560.75	1	-1	2
807	8	766.2	1	-1	2
807	8	746.48	1	-1	2
807	8	770.57	1	-1	2
807	8	647.23	1	-1	2
807	8	724.04	1	-1	2
807	8	842.18	0	-1	2
807	8	516.48	1	-1	2
807	8	590.21	1	-1	2
807	8	606.18	1	-1	2
807	8	572.98	1	-1	2
807	8	533.25	1	-1	2
807	8	528.81	1	-1	2
807	8	521.51	1	-1	2
807	8	456.48	1	-1	2
807	8	524.01	1	-1	2
807	8	432.3	1	-1	2
807	8	506.11	1	-1	2
807	8	521.52	1	-1	2
807	8	537.95	1	-1	2
807	8	863.15	1	-1	2
807	8	676.48	1	-1	2
807	8	448.09	1	-1	2
807	8	449.56	1	-1	2
807	8	436.62	1	-1	2
807	8	594.7	1	-1	2
807	8	480.48	1	-1	2
807	8	464.8	1	-1	2
807	8	555.25	1	-1	2
807	8	621.2	1	-1	2
807	8	881.75	1	-1	2
807	8	482.78	1	-1	2
807	8	500.38	1	-1	2
807	8	495.1	1	-1	2
807	8	665.38	1	-1	2
807	8	806.64	1	-1	2
807	8	606.94	1	-1	2
807	8	670.99	1	-1	2
807	8	645.99	1	-1	2
807	8	615.67	1	-1	2
807	8	569.25	1	-1	2
807	8	540.87	1	-1	2
807	8	540.18	1	-1	2
807	8	548.18	1	-1	2
807	8	780.91	1	-1	2
807	8	333.71	1	-1	2
807	8	581.61	1	-1	2
807	8	589.86	1	-1	2
807	8	489.36	1	-1	2
807	8	394.6	1	-1	2
807	8	580.79	1	-1	2
807	8	551.44	1	-1	2
807	8	508.82	1	-1	2
807	8	496.25	1	-1	2
807	8	682.51	1	-1	2
807	8	544.12	1	-1	2
807	8	438.69	1	-1	2
807	8	479.43	1	-1	2
807	8	449.87	1	-1	2
807	8	501.83	1	-1	2
807	8	559.02	1	-1	2
807	8	556.71	1	-1	2
807	8	544.2	1	-1	2
807	8	457.23	1	-1	2
807	8	633.79	1	-1	2
807	8	682.14	1	-1	2
807	8	703.82	0	-1	2
807	8	528.86	1	-1	2
807	8	518.31	1	-1	2
807	8	629.99	1	-1	2
807	8	542.86	1	-1	2
807	8	424.62	1	-1	2
807	8	545.01	1	-1	2
807	8	509.8	1	-1	2
807	8	601.36	1	-1	2
807	8	511.77	1	-1	2
807	8	649.56	1	-1	2
807	8	616.71	1	-1	2
807	8	562.36	1	-1	2
807	8	461.43	1	-1	2
807	8	464.4	1	-1	2
807	8	539.6	1	-1	2
807	8	510.16	1	-1	2
807	8	445.64	1	-1	2
807	8	425.37	1	-1	2
807	8	495.43	1	-1	2
807	8	716.36	1	-1	2
807	8	669.15	1	-1	2
807	8	452.56	1	-1	2
807	8	427.21	1	-1	2
807	8	429.35	1	-1	2
807	8	683.21	1	-1	2
807	8	460.95	1	-1	2
807	8	444.65	1	-1	2
807	8	535.99	1	-1	2
807	8	829.83	1	-1	2
807	8	501.69	1	-1	2
807	8	485.25	1	-1	2
807	8	448.41	1	-1	2
807	8	445.23	1	-1	2
807	8	545.15	1	-1	2
807	8	408.5	1	-1	2
807	8	486.54	1	-1	2
807	8	710.1	1	-1	2
807	8	388.86	1	-1	2
807	8	510.11	1	-1	2
807	8	516.46	1	-1	2
807	8	489.07	1	-1	2
807	8	431.67	1	-1	2
807	8	466.93	1	-1	2
807	8	775.62	1	-1	2
807	8	414.59	1	-1	2
807	8	458.85	1	-1	2
807	8	477.71	1	-1	2
807	8	427.23	1	-1	2
807	8	404.45	1	-1	2
807	8	564.42	1	-1	2
807	8	468.25	1	-1	2
807	8	472.64	1	-1	2
807	8	592.55	1	-1	2
807	8	493.88	1	-1	2
807	8	426.38	1	-1	2
807	8	448.2	1	-1	2
807	8	376.93	1	-1	2
807	8	420.93	1	-1	2
807	8	491.67	1	-1	2
807	8	420.25	1	-1	2
807	8	487.05	1	-1	2
807	8	460.22	1	-1	2
807	8	461.46	1	-1	2
807	8	403.35	1	-1	2
807	8	435.76	1	-1	2
807	8	495.34	1	-1	2
807	8	801.32	1	-1	2
807	8	541.93	1	-1	2
807	8	446.87	1	-1	2
807	8	692.9	1	-1	2
807	8	416.15	1	-1	2
807	8	469.5	1	-1	2
807	8	459.37	0	-1	2
807	8	461.46	1	-1	2
807	8	536.78	1	-1	2
807	8	615.71	1	-1	2
807	8	417.72	1	-1	2
807	8	413.73	1	-1	2
807	8	876.97	1	-1	2
807	8	689.53	1	-1	2
807	8	535.08	1	-1	2
807	8	519.23	1	-1	2
807	8	420.92	1	-1	2
807	8	377.19	1	-1	2
807	8	609.71	1	-1	2
807	8	397.11	1	-1	2
807	8	470.61	1	-1	2
807	8	452.1	1	-1	2
807	8	528.69	1	-1	2
807	8	505.04	1	-1	2
807	8	428.36	1	-1	2
807	8	510.82	1	-1	2
807	8	561.55	1	-1	2
807	8	761.35	1	-1	2
807	8	756.57	1	-1	2
807	8	667.68	1	-1	2
807	8	550.54	1	-1	2
807	8	592.22	1	-1	2
807	8	469.2	1	-1	2
807	8	519.27	1	-1	2
807	8	418.73	1	-1	2
807	8	421.36	1	-1	2
807	8	1167.1	1	-1	2
807	8	489.35	1	-1	2
807	8	459.66	1	-1	2
807	8	516.47	1	-1	2
807	8	632.29	1	-1	2
807	8	514.8	1	-1	2
807	8	681.51	1	-1	2
807	8	468.33	1	-1	2
807	8	473.06	1	-1	2
807	8	468.78	1	-1	2
807	8	470.52	1	-1	2
807	8	451.12	1	-1	2
807	8	614.35	1	-1	2
807	8	505.82	1	-1	2
807	8	520.37	1	-1	2
807	8	432.85	1	-1	2
807	8	476.42	1	-1	2
807	8	459.38	1	-1	2
807	8	810.86	1	-1	2
807	8	473.32	1	-1	2
807	8	515.79	1	-1	2
807	8	815.05	0	-1	2
807	8	545.35	1	-1	2
807	8	1107.1	1	-1	2
807	8	479.79	1	-1	2
807	8	486.57	1	-1	2
807	8	452	1	-1	2
807	8	515.46	1	-1	2
807	8	442.07	1	-1	2
807	8	502.49	1	-1	2
807	8	518.6	1	-1	2
807	8	423.82	1	-1	2
807	8	704.11	1	-1	2
807	8	784.37	1	-1	2
807	8	492.25	1	-1	2
807	8	527.76	1	-1	2
807	8	492.01	1	-1	2
807	8	531.25	1	-1	2
807	8	582.26	1	-1	2
807	8	494.49	1	-1	2
807	8	501.18	1	-1	2
807	8	434.81	1	-1	2
807	8	471.95	1	-1	2
807	8	414.53	1	-1	2
807	8	403.61	1	-1	2
807	8	485.27	1	-1	2
807	8	1092.8	1	-1	2
807	8	907.28	1	-1	2
807	8	888.7	1	-1	2
807	8	552.43	1	-1	2
807	8	503.61	1	-1	2
807	8	544.86	1	-1	2
807	8	457.96	1	-1	2
807	8	476.82	1	-1	2
807	8	570.88	1	-1	2
807	8	447.87	1	-1	2
807	8	574.38	1	-1	2
807	8	538.9	1	-1	2
807	8	494.65	1	-1	2
807	8	614.05	1	-1	2
807	8	614.57	1	-1	2
807	8	518.05	1	-1	2
807	8	442.7	1	-1	2
807	8	538.96	1	-1	2
807	8	504.27	1	-1	2
807	8	518.63	1	-1	2
807	8	510.99	1	-1	2
807	8	517.56	1	-1	2
807	8	533.82	1	-1	2
807	8	543.09	0	-1	2
807	8	408.64	1	-1	2
807	8	434.68	1	-1	2
807	8	444.13	1	-1	2
807	8	472.29	1	-1	2
807	8	603.85	1	-1	2
807	8	482.17	1	-1	2
807	8	489.14	1	-1	2
807	8	1075.6	1	-1	2
807	8	536.35	1	-1	2
807	8	495.8	1	-1	2
807	8	570.87	1	-1	2
807	8	501.05	1	-1	2
807	8	604.84	1	-1	2
807	8	736.63	1	-1	2
807	8	479.08	1	-1	2
807	8	470.03	1	-1	2
807	8	454.54	1	-1	2
807	8	460.67	1	-1	2
807	8	420.87	1	-1	2
807	8	493.65	1	-1	2
807	8	522.82	1	-1	2
807	8	452.56	1	-1	2
807	8	483.85	0	-1	2
807	8	500.99	1	-1	2
807	8	450.15	1	-1	2
807	8	288.12	1	-1	2
807	8	889.6	0	-1	2
807	8	694.07	1	-1	2
807	8	934.02	1	-1	2
807	8	527.07	1	-1	2
807	8	528.99	1	-1	2
807	8	742.01	1	-1	2
807	8	916.5	0	-1	1
807	8	457.43	1	-1	1
807	8	781.3	1	-1	1
807	8	555.29	1	-1	1
807	8	1056.1	1	-1	1
807	8	495.29	1	-1	1
807	8	614.79	1	-1	1
807	8	870.6	0	-1	1
807	8	818.2	1	-1	1
807	8	1209.3	1	-1	1
807	8	619.97	1	-1	1
807	8	570.94	1	-1	1
807	8	595.71	1	-1	1
807	8	870.03	1	-1	1
807	8	1680.4	1	-1	1
807	8	882.07	1	-1	1
807	8	617.16	1	-1	1
807	8	801.35	1	-1	1
807	8	569.99	1	-1	1
807	8	681.8	1	-1	1
807	8	613.73	1	-1	1
807	8	543.36	1	-1	1
807	8	504.46	1	-1	1
807	8	861.33	1	-1	1
807	8	621.06	1	-1	1
807	8	623.27	1	-1	1
807	8	653.48	1	-1	1
807	8	1273.8	1	-1	1
807	8	787.6	1	-1	1
807	8	533.41	1	-1	1
807	8	618.45	1	-1	1
807	8	692.93	1	-1	1
807	8	715.26	1	-1	1
807	8	911.52	1	-1	1
807	8	1016	1	-1	1
807	8	1845.4	1	-1	1
807	8	494.11	1	-1	1
807	8	494.74	1	-1	1
807	8	580.84	1	-1	1
807	8	554.78	1	-1	1
807	8	509.11	1	-1	1
807	8	529.78	1	-1	1
807	8	546.43	1	-1	1
807	8	522.86	1	-1	1
807	8	487.13	1	-1	1
807	8	693.94	1	-1	1
807	8	661.85	1	-1	1
807	8	640.29	1	-1	1
807	8	630.7	1	-1	1
807	8	744	1	-1	1
807	8	593.41	1	-1	1
807	8	560.47	1	-1	1
807	8	539.66	1	-1	1
807	8	914.14	1	-1	1
807	8	602.45	1	-1	1
807	8	512.93	1	-1	1
807	8	495.22	1	-1	1
807	8	942.1	1	-1	1
807	8	1244.7	1	-1	1
807	8	511.1	1	-1	1
807	8	611.49	1	-1	1
807	8	695.19	1	-1	1
807	8	696.21	1	-1	1
807	8	879.78	0	-1	1
807	8	497.27	1	-1	1
807	8	463.83	1	-1	1
807	8	959.14	1	-1	1
807	8	513.82	1	-1	1
807	8	599.17	1	-1	1
807	8	592.64	1	-1	1
807	8	568.62	1	-1	1
807	8	625.49	1	-1	1
807	8	795.13	1	-1	1
807	8	762.65	1	-1	1
807	8	483.61	1	-1	1
807	8	470.34	1	-1	1
807	8	509.85	1	-1	1
807	8	691.71	1	-1	1
807	8	607.37	1	-1	1
807	8	510.25	1	-1	1
807	8	586.05	1	-1	1
807	8	533.34	1	-1	1
807	8	628.16	1	-1	1
807	8	530.92	1	-1	1
807	8	760.8	1	-1	1
807	8	1119.2	1	-1	1
807	8	504.45	1	-1	1
807	8	473.61	1	-1	1
807	8	510.22	1	-1	1
807	8	478.92	1	-1	1
807	8	778.85	1	-1	1
807	8	583.82	1	-1	1
807	8	507.56	1	-1	1
807	8	480.71	1	-1	1
807	8	543.81	1	-1	1
807	8	597.22	1	-1	1
807	8	490.36	1	-1	1
807	8	547.89	1	-1	1
807	8	521.85	1	-1	1
807	8	534.17	1	-1	1
807	8	415.74	1	-1	1
807	8	593.19	1	-1	1
807	8	488.46	1	-1	1
807	8	527.91	1	-1	1
807	8	940.98	1	-1	1
807	8	522.81	1	-1	1
807	8	524.31	1	-1	1
807	8	444.6	1	-1	1
807	8	433.75	1	-1	1
807	8	590.72	1	-1	1
807	8	519.77	1	-1	1
807	8	518.21	1	-1	1
807	8	472.74	1	-1	1
807	8	532.6	1	-1	1
807	8	464.17	1	-1	1
807	8	570.21	1	-1	1
807	8	1217	0	-1	1
807	8	892.56	1	-1	1
807	8	374.23	1	-1	1
807	8	512.51	1	-1	1
807	8	505.28	1	-1	1
807	8	488.49	1	-1	1
807	8	513.44	1	-1	1
807	8	508.83	1	-1	1
807	8	505.26	1	-1	1
807	8	469.64	1	-1	1
807	8	976.14	1	-1	1
807	8	397.67	1	-1	1
807	8	644.15	1	-1	1
807	8	472.24	1	-1	1
807	8	739.09	1	-1	1
807	8	497.38	1	-1	1
807	8	752.4	1	-1	1
807	8	1313.3	0	-1	1
807	8	568.01	1	-1	1
807	8	504.02	1	-1	1
807	8	665.94	1	-1	1
807	8	479.52	1	-1	1
807	8	538.84	1	-1	1
807	8	546.79	1	-1	1
807	8	541.64	1	-1	1
807	8	463.61	1	-1	1
807	8	495.38	1	-1	1
807	8	480.43	1	-1	1
807	8	1011.2	1	-1	1
807	8	490.65	1	-1	1
807	8	525.46	1	-1	1
807	8	531.83	1	-1	1
807	8	566.04	1	-1	1
807	8	619.62	1	-1	1
807	8	465.1	1	-1	1
807	8	413.02	1	-1	1
807	8	446.75	1	-1	1
807	8	401.61	1	-1	1
807	8	340.17	1	-1	1
807	8	369.46	1	-1	1
807	8	675.99	1	-1	1
807	8	1088.4	1	-1	1
807	8	580.91	1	-1	1
807	8	683.41	1	-1	1
807	8	467.37	0	-1	1
807	8	508.33	1	-1	1
807	8	455.49	1	-1	1
807	8	498	1	-1	1
807	8	526.63	1	-1	1
807	8	798.39	1	-1	1
807	8	468.07	1	-1	1
807	8	501.43	1	-1	1
807	8	390.04	1	-1	1
807	8	541.49	1	-1	1
807	8	391.01	1	-1	1
807	8	401.26	1	-1	1
807	8	496.33	1	-1	1
807	8	539.78	1	-1	1
807	8	588.01	1	-1	1
807	8	319.35	1	-1	1
807	8	713.42	1	-1	1
807	8	473.96	1	-1	1
807	8	513.05	1	-1	1
807	8	541.67	1	-1	1
807	8	767.12	0	-1	1
807	8	811.55	0	-1	1
807	8	523.82	1	-1	1
807	8	482.98	1	-1	1
807	8	668.57	1	-1	1
807	8	448.42	1	-1	1
807	8	450.82	1	-1	1
807	8	501.99	1	-1	1
807	8	454	1	-1	1
807	8	527.23	1	-1	1
807	8	804.84	1	-1	1
807	8	454.95	1	-1	1
807	8	431.32	1	-1	1
807	8	487.08	1	-1	1
807	8	605.74	1	-1	1
807	8	509.32	1	-1	1
807	8	417.54	1	-1	1
807	8	472.69	1	-1	1
807	8	544.04	1	-1	1
807	8	557.64	1	-1	1
807	8	499.03	1	-1	1
807	8	517.57	1	-1	1
807	8	607.55	1	-1	1
807	8	386.46	1	-1	1
807	8	480.86	1	-1	1
807	8	543.76	1	-1	1
807	8	433.7	1	-1	1
807	8	499.05	1	-1	1
807	8	505.75	1	-1	1
807	8	446.26	1	-1	1
807	8	496.96	1	-1	1
807	8	657.01	0	-1	1
807	8	638.93	1	-1	1
807	8	513.95	1	-1	1
807	8	552.27	1	-1	1
807	8	483.1	1	-1	1
807	8	544.92	1	-1	1
807	8	532.75	1	-1	1
807	8	495.06	1	-1	1
807	8	565.43	1	-1	1
807	8	484.12	1	-1	1
807	8	494.73	1	-1	1
807	8	435.95	1	-1	1
807	8	519.07	1	-1	1
807	8	458.24	1	-1	1
807	8	579.89	1	-1	1
807	8	882.49	1	-1	1
807	8	711.17	1	-1	1
807	8	554.13	0	-1	1
807	8	525.63	1	-1	1
807	8	555.77	1	-1	1
807	8	402.55	1	-1	1
807	8	481.91	1	-1	1
807	8	470.1	1	-1	1
807	8	497.34	1	-1	1
807	8	419.88	1	-1	1
807	8	477.99	1	-1	1
807	8	463.04	1	-1	1
807	8	476.95	1	-1	1
807	8	612.83	1	-1	1
807	8	497.16	1	-1	1
807	8	467.37	1	-1	1
807	8	496.62	1	-1	1
807	8	563.29	1	-1	1
807	8	599.36	1	-1	1
807	8	490.55	1	-1	1
807	8	434.72	1	-1	1
807	8	488.52	1	-1	1
807	8	563.79	1	-1	1
807	8	489.22	1	-1	1
807	8	501.3	1	-1	1
807	8	456.14	1	-1	1
807	8	604.16	1	-1	1
807	8	510.52	1	-1	1
807	8	447.68	1	-1	1
807	8	508.44	1	-1	1
807	8	554.66	1	-1	1
807	8	486.97	1	-1	1
807	8	572.43	1	-1	1
807	8	728.14	1	-1	1
807	8	846.93	1	-1	1
807	8	468.54	1	-1	1
807	8	714.03	1	-1	1
807	8	752.48	1	-1	1
807	8	488.87	1	-1	1
807	8	536.86	1	-1	1
807	8	458.03	1	-1	1
807	8	465.2	1	-1	1
807	8	500.79	1	-1	1
807	8	523.18	1	-1	1
807	8	424.36	1	-1	1
807	8	479.13	1	-1	1
807	8	738.63	1	-1	1
807	8	465.8	1	-1	1
807	8	470.15	1	-1	1
807	8	459.27	1	-1	1
807	8	478.7	1	-1	1
807	8	532.18	1	-1	1
807	8	420.25	1	-1	1
807	8	816.55	1	-1	1
807	8	467.99	1	-1	1
807	8	510.66	1	-1	1
807	8	538.64	1	-1	1
807	8	661.89	1	-1	1
807	8	497.18	1	-1	1
807	8	641.33	1	-1	1
807	8	476.13	1	-1	1
807	8	655.51	1	-1	1
807	8	892.08	1	-1	1
807	8	440.71	1	-1	1
807	8	479.69	1	-1	1
807	8	431.06	1	-1	1
807	8	720.99	1	-1	1
807	8	513.28	1	-1	1
807	8	607.08	1	-1	1
807	8	520.58	1	-1	1
807	8	434.1	1	-1	1
807	8	470.68	1	-1	1
807	8	564.8	1	-1	1
807	8	465.43	1	-1	1
807	8	521.85	1	-1	1
807	8	558.24	1	-1	1
807	8	436.19	1	-1	1
807	8	507.11	1	-1	1
807	8	503.97	1	-1	1
807	8	615.09	1	-1	1
807	8	1038.1	1	-1	1
807	8	863.99	1	-1	1
807	8	554.16	1	-1	1
807	8	494.1	1	-1	1
807	8	703.79	1	-1	1
807	8	462.53	1	-1	1
807	8	523.41	1	-1	1
807	8	542.6	1	-1	1
807	8	736.88	1	-1	1
807	8	509.35	1	-1	1
807	8	507.81	1	-1	1
807	8	454.3	1	-1	1
807	8	505.56	1	-1	1
807	8	493.42	1	-1	1
807	8	539.76	1	-1	1
807	8	522.12	1	-1	1
807	8	483.47	1	-1	1
807	8	490.46	1	-1	1
807	8	507.1	1	-1	1
807	8	548.48	1	-1	1
807	8	399.71	1	-1	1
807	8	439.14	1	-1	1
807	8	499.48	1	-1	1
807	8	525	1	-1	1
807	8	487.91	1	-1	1
807	8	456.64	1	-1	1
807	8	491.09	1	-1	1
807	8	413.95	1	-1	1
807	8	686.95	1	-1	1
807	8	555.41	1	-1	1
807	8	509.56	1	-1	1
807	8	637.96	1	-1	1
807	8	503.07	1	-1	1
807	8	479.34	1	-1	1
807	8	622.11	1	-1	1
807	8	625.08	1	-1	1
807	8	432.79	1	-1	1
807	8	500.27	1	-1	1
807	8	447.33	1	-1	1
807	8	708.6	1	-1	1
807	8	476.5	1	-1	1
807	8	483.49	1	-1	1
807	8	427.93	1	-1	1
807	8	489.29	1	-1	1
807	8	821.43	1	-1	-1
807	8	956.58	1	-1	-1
807	8	399.68	1	-1	-1
807	8	975.42	1	-1	-1
807	8	417.91	1	-1	-1
807	8	669.2	1	-1	-1
807	8	449.56	1	-1	-1
807	8	527.3	1	-1	-1
807	8	586.74	1	-1	-1
807	8	758.39	1	-1	-1
807	8	634.18	1	-1	-1
807	8	741.09	1	-1	-1
807	8	584.46	1	-1	-1
807	8	2060.3	1	-1	-1
807	8	586.62	1	-1	-1
807	8	593.63	1	-1	-1
807	8	751.25	1	-1	-1
807	8	1396.6	1	-1	-1
807	8	772.67	1	-1	-1
807	8	1268.8	1	-1	-1
807	8	818.58	1	-1	-1
807	8	608.88	1	-1	-1
807	8	540.64	1	-1	-1
807	8	751.3	1	-1	-1
807	8	758.58	1	-1	-1
807	8	1146.3	1	-1	-1
807	8	617.6	1	-1	-1
807	8	558.02	1	-1	-1
807	8	584.92	1	-1	-1
807	8	1517.1	1	-1	-1
807	8	602.61	1	-1	-1
807	8	525.04	1	-1	-1
807	8	1048.9	1	-1	-1
807	8	677.58	1	-1	-1
807	8	985.21	1	-1	-1
807	8	602.32	1	-1	-1
807	8	790.27	1	-1	-1
807	8	1021.9	1	-1	-1
807	8	616.94	1	-1	-1
807	8	643.32	1	-1	-1
807	8	717.98	1	-1	-1
807	8	591.95	1	-1	-1
807	8	476.08	1	-1	-1
807	8	1124.5	1	-1	-1
807	8	587.92	1	-1	-1
807	8	677.31	1	-1	-1
807	8	812.93	1	-1	-1
807	8	970.79	1	-1	-1
807	8	917.7	1	-1	-1
807	8	964.23	1	-1	-1
807	8	583.87	1	-1	-1
807	8	609.29	1	-1	-1
807	8	518.45	1	-1	-1
807	8	543.09	1	-1	-1
807	8	709.06	1	-1	-1
807	8	766.15	1	-1	-1
807	8	547.42	1	-1	-1
807	8	558.76	1	-1	-1
807	8	787.68	1	-1	-1
807	8	702.96	1	-1	-1
807	8	967.25	1	-1	-1
807	8	614.77	1	-1	-1
807	8	632.03	1	-1	-1
807	8	610.43	1	-1	-1
807	8	469.58	1	-1	-1
807	8	808.87	1	-1	-1
807	8	504.69	1	-1	-1
807	8	582.15	1	-1	-1
807	8	1175.9	1	-1	-1
807	8	619.13	1	-1	-1
807	8	655.94	1	-1	-1
807	8	830.06	1	-1	-1
807	8	591.82	1	-1	-1
807	8	890.05	1	-1	-1
807	8	623.61	1	-1	-1
807	8	560.47	1	-1	-1
807	8	732.45	1	-1	-1
807	8	960.31	1	-1	-1
807	8	682.11	1	-1	-1
807	8	529.58	1	-1	-1
807	8	961.11	1	-1	-1
807	8	633.53	1	-1	-1
807	8	1198.8	1	-1	-1
807	8	1269.2	1	-1	-1
807	8	594.91	1	-1	-1
807	8	625.33	1	-1	-1
807	8	925.93	1	-1	-1
807	8	650	1	-1	-1
807	8	758.19	1	-1	-1
807	8	630.2	1	-1	-1
807	8	710.32	0	-1	-1
807	8	691.14	1	-1	-1
807	8	929.74	1	-1	-1
807	8	543.98	1	-1	-1
807	8	745.02	1	-1	-1
807	8	644.52	1	-1	-1
807	8	538.74	1	-1	-1
807	8	391.95	1	-1	-1
807	8	615.63	1	-1	-1
807	8	553.37	1	-1	-1
807	8	1581.9	1	-1	-1
807	8	608.61	1	-1	-1
807	8	348.15	1	-1	-1
807	8	505.63	1	-1	-1
807	8	506.78	1	-1	-1
807	8	951.57	1	-1	-1
807	8	497.41	1	-1	-1
807	8	597.66	1	-1	-1
807	8	649.36	1	-1	-1
807	8	727.66	1	-1	-1
807	8	526.15	1	-1	-1
807	8	623.73	1	-1	-1
807	8	518.52	1	-1	-1
807	8	480.21	1	-1	-1
807	8	479.53	1	-1	-1
807	8	906.74	1	-1	-1
807	8	1269.9	1	-1	-1
807	8	795.39	1	-1	-1
807	8	1010	0	-1	-1
807	8	633.69	1	-1	-1
807	8	406.64	1	-1	-1
807	8	822.72	1	-1	-1
807	8	560.31	1	-1	-1
807	8	423.24	1	-1	-1
807	8	520.64	1	-1	-1
807	8	474.88	1	-1	-1
807	8	501.08	1	-1	-1
807	8	499.12	1	-1	-1
807	8	579.3	1	-1	-1
807	8	723.98	1	-1	-1
807	8	598.69	1	-1	-1
807	8	560.56	1	-1	-1
807	8	648.29	1	-1	-1
807	8	851.17	1	-1	-1
807	8	574.42	1	-1	-1
807	8	462.3	1	-1	-1
807	8	635.03	1	-1	-1
807	8	482.63	1	-1	-1
807	8	470.34	1	-1	-1
807	8	1023.7	1	-1	-1
807	8	463.61	1	-1	-1
807	8	489.24	1	-1	-1
807	8	829.64	1	-1	-1
807	8	786.24	1	-1	-1
807	8	562.73	1	-1	-1
807	8	542.71	1	-1	-1
807	8	762.88	1	-1	-1
807	8	743.23	1	-1	-1
807	8	492.54	1	-1	-1
807	8	723.21	1	-1	-1
807	8	754.32	1	-1	-1
807	8	564.21	1	-1	-1
807	8	471.65	1	-1	-1
807	8	944.23	1	-1	-1
807	8	520.47	1	-1	-1
807	8	673.02	1	-1	-1
807	8	383.31	1	-1	-1
807	8	781.21	1	-1	-1
807	8	517.05	1	-1	-1
807	8	500.39	1	-1	-1
807	8	765.76	1	-1	-1
807	8	504.98	1	-1	-1
807	8	1059.8	1	-1	-1
807	8	519.28	1	-1	-1
807	8	524.46	1	-1	-1
807	8	598.94	1	-1	-1
807	8	961.7	1	-1	-1
807	8	415.23	1	-1	-1
807	8	417.99	1	-1	-1
807	8	504.08	1	-1	-1
807	8	432.46	1	-1	-1
807	8	498.48	1	-1	-1
807	8	507.03	1	-1	-1
807	8	460.59	1	-1	-1
807	8	383.02	1	-1	-1
807	8	880.67	1	-1	-1
807	8	1260.9	1	-1	-1
807	8	409.66	1	-1	-1
807	8	429.97	1	-1	-1
807	8	446.33	1	-1	-1
807	8	361.65	1	-1	-1
807	8	516.77	1	-1	-1
807	8	435.76	1	-1	-1
807	8	544.03	1	-1	-1
807	8	1019.4	1	-1	-1
807	8	574.29	1	-1	-1
807	8	494.43	1	-1	-1
807	8	565.63	1	-1	-1
807	8	500.42	1	-1	-1
807	8	577.66	1	-1	-1
807	8	571.42	1	-1	-1
807	8	470.76	1	-1	-1
807	8	423.9	1	-1	-1
807	8	512.17	1	-1	-1
807	8	519.11	1	-1	-1
807	8	534.67	1	-1	-1
807	8	538.39	1	-1	-1
807	8	463.21	1	-1	-1
807	8	1028.1	1	-1	-1
807	8	478.52	1	-1	-1
807	8	865.1	1	-1	-1
807	8	589.79	1	-1	-1
807	8	814.71	1	-1	-1
807	8	406.76	1	-1	-1
807	8	410.74	1	-1	-1
807	8	735.88	1	-1	-1
807	8	565.62	1	-1	-1
807	8	445.75	1	-1	-1
807	8	496.64	1	-1	-1
807	8	479.39	1	-1	-1
807	8	441.66	1	-1	-1
807	8	605.79	1	-1	-1
807	8	1124.3	1	-1	-1
807	8	670.64	1	-1	-1
807	8	578.99	1	-1	-1
807	8	730.8	1	-1	-1
807	8	661.64	1	-1	-1
807	8	567.57	1	-1	-1
807	8	593.51	1	-1	-1
807	8	469.86	1	-1	-1
807	8	678.84	1	-1	-1
807	8	480.47	1	-1	-1
807	8	492.38	1	-1	-1
807	8	620.94	1	-1	-1
807	8	491.56	1	-1	-1
807	8	442.48	1	-1	-1
807	8	751.2	1	-1	-1
807	8	848.09	1	-1	-1
807	8	480.45	1	-1	-1
807	8	360.28	1	-1	-1
807	8	577.8	1	-1	-1
807	8	422.29	1	-1	-1
807	8	455.17	1	-1	-1
807	8	476.91	1	-1	-1
807	8	625.76	1	-1	-1
807	8	457.75	1	-1	-1
807	8	474.2	1	-1	-1
807	8	416.27	1	-1	-1
807	8	443.96	1	-1	-1
807	8	479.19	1	-1	-1
807	8	456.59	1	-1	-1
807	8	509.68	1	-1	-1
807	8	538.35	1	-1	-1
807	8	627.32	1	-1	-1
807	8	559.3	1	-1	-1
807	8	1078.5	1	-1	-1
807	8	480.25	1	-1	-1
807	8	558.52	1	-1	-1
807	8	476.84	1	-1	-1
807	8	715.22	1	-1	-1
807	8	491.4	1	-1	-1
807	8	434.87	1	-1	-1
807	8	431.09	1	-1	-1
807	8	497.05	1	-1	-1
807	8	471.18	1	-1	-1
807	8	474.03	1	-1	-1
807	8	533.59	1	-1	-1
807	8	513.98	1	-1	-1
807	8	534.54	1	-1	-1
807	8	554.17	1	-1	-1
807	8	517.07	1	-1	-1
807	8	666.5	1	-1	-1
807	8	748.8	1	-1	-1
807	8	731.42	1	-1	-1
807	8	547.99	1	-1	-1
807	8	462.2	1	-1	-1
807	8	770.56	1	-1	-1
807	8	1155.9	1	-1	-1
807	8	481	1	-1	-1
807	8	642.14	1	-1	-1
807	8	468.01	1	-1	-1
807	8	518.24	1	-1	-1
807	8	558.68	1	-1	-1
807	8	525.95	1	-1	-1
807	8	575.63	1	-1	-1
807	8	925.01	1	-1	-1
807	8	435.45	1	-1	-1
807	8	515.2	1	-1	-1
807	8	518.76	1	-1	-1
807	8	509.61	1	-1	-1
807	8	497.93	1	-1	-1
807	8	469.46	1	-1	-1
807	8	524.65	1	-1	-1
807	8	876.38	1	-1	-1
807	8	498.05	1	-1	-1
807	8	504.25	1	-1	-1
807	8	445.13	1	-1	-1
807	8	591.32	1	-1	-1
807	8	500.58	1	-1	-1
807	8	441.74	1	-1	-1
807	8	511.35	1	-1	-1
807	8	649.79	1	-1	-1
807	8	511.14	1	-1	-1
807	8	866.51	1	-1	-1
807	8	584.02	1	-1	-1
807	8	551.99	1	-1	-1
807	8	410.21	1	-1	-1
807	8	545.96	1	-1	-1
807	8	488.1	1	-1	-1
807	8	590.12	1	-1	-1
807	8	471.54	1	-1	-1
807	8	497.32	1	-1	-1
807	8	533.76	1	-1	-1
807	8	495.88	1	-1	-1
807	8	479.49	1	-1	-1
807	8	482.67	1	-1	-1
807	8	559.86	1	-1	-1
807	8	519.62	1	-1	-1
807	8	539.38	1	-1	-1
807	8	585.73	1	-1	-1
807	8	483.95	1	-1	-1
807	8	472.54	1	-1	-1
807	8	435.34	1	-1	-1
807	8	513.17	1	-1	-1
807	8	656.7	1	-1	-1
807	8	564.42	1	-1	-1
807	8	431.43	1	-1	-1
807	8	631.35	1	-1	-1
807	8	461.98	1	-1	-1
807	8	1050.6	1	-1	-1
807	8	465.88	1	-1	-1
807	8	554.4	1	-1	-1
807	8	511.87	1	-1	-1
807	8	557.93	1	-1	-1
807	8	971.87	1	-1	-1
807	8	512.84	1	-1	-1
807	8	465.57	1	-1	-1
807	8	488.61	1	-1	-1
807	8	523.38	1	-1	-1
807	8	480.44	1	-1	-1
807	8	548.6	1	-1	-1
807	8	588.43	1	-1	-1
807	8	428.55	1	-1	-1
807	8	386.21	1	-1	-1
807	8	516.99	1	-1	-1
807	8	325.05	1	-1	-1
807	8	1086	1	-1	-1
807	8	495.07	1	-1	-1
807	8	518.27	1	-1	-1
807	8	412.19	1	-1	-1
807	8	719.97	1	-1	-1
807	8	447.56	1	-1	-1
807	8	314.14	1	-1	-1
807	8	404.76	1	-1	-1
807	8	444.98	1	-1	-1
807	8	460.34	1	-1	-1
807	8	794.89	1	-1	-1
807	8	446.27	1	-1	-1
807	8	671.41	1	-1	-1
807	8	653.25	1	-1	-1
