604	6	2581.1	1	2	2
604	6	1160.6	1	2	2
604	6	1280.5	1	2	2
604	6	1309.9	1	2	2
604	6	990.64	1	2	2
604	6	1142.4	1	2	2
604	6	1165.2	1	2	2
604	6	1049.9	1	2	2
604	6	945.79	1	2	2
604	6	1329	1	2	2
604	6	980.95	1	2	2
604	6	889.96	1	2	2
604	6	1003.9	1	2	2
604	6	1068	1	2	2
604	6	1013.8	1	2	2
604	6	1482.6	1	2	2
604	6	1050.6	1	2	2
604	6	1060.2	1	2	2
604	6	797.26	1	2	2
604	6	2129.3	1	2	2
604	6	807.38	1	2	2
604	6	1028.4	1	2	2
604	6	889.32	1	2	2
604	6	1145.4	1	2	2
604	6	949.31	1	2	2
604	6	758.53	1	2	2
604	6	1159.3	1	2	2
604	6	974.85	1	2	2
604	6	898.05	1	2	2
604	6	1497.1	1	2	2
604	6	1366.4	1	2	2
604	6	914.97	1	2	2
604	6	873.82	1	2	2
604	6	906.61	1	2	2
604	6	826.51	1	2	2
604	6	1165.3	1	2	2
604	6	680.78	1	2	2
604	6	762.96	1	2	2
604	6	1056.3	1	2	2
604	6	1713.5	1	2	2
604	6	841.79	1	2	2
604	6	1208	1	2	2
604	6	810.5	1	2	2
604	6	752.88	1	2	2
604	6	937.3	1	2	2
604	6	790.1	1	2	2
604	6	831.55	1	2	2
604	6	857.37	1	2	2
604	6	1321.7	1	2	2
604	6	722.33	1	2	2
604	6	871.84	1	2	2
604	6	1778	1	2	2
604	6	1401.9	1	2	2
604	6	877.26	1	2	2
604	6	885.56	1	2	2
604	6	994.17	1	2	2
604	6	830.18	1	2	2
604	6	955.93	1	2	2
604	6	975.56	1	2	2
604	6	1070.8	1	2	2
604	6	804.13	1	2	2
604	6	743.55	1	2	2
604	6	882.65	1	2	2
604	6	1093.2	1	2	2
604	6	1499.2	1	2	2
604	6	953.61	1	2	2
604	6	796.26	1	2	2
604	6	890.95	1	2	2
604	6	746.28	1	2	2
604	6	967.2	1	2	2
604	6	717.38	1	2	2
604	6	697.79	1	2	2
604	6	743.8	1	2	2
604	6	803.55	1	2	2
604	6	685.96	1	2	2
604	6	698.34	1	2	2
604	6	912.14	1	2	2
604	6	1022.3	1	2	2
604	6	1298.2	1	2	2
604	6	885.75	1	2	2
604	6	1095	1	2	2
604	6	927.3	1	2	2
604	6	955.06	1	2	2
604	6	1470.9	1	2	2
604	6	2272	1	2	2
604	6	940.85	1	2	2
604	6	1011.9	1	2	2
604	6	847.22	1	2	2
604	6	1383.7	1	2	2
604	6	1383.4	1	2	2
604	6	1142.3	1	2	2
604	6	1175	1	2	2
604	6	850.93	1	2	2
604	6	971.03	1	2	2
604	6	1648.5	1	2	2
604	6	1129.4	1	2	2
604	6	1056.6	1	2	2
604	6	716.28	1	2	2
604	6	843.21	1	2	2
604	6	987.35	1	2	2
604	6	958.76	1	2	2
604	6	880.83	1	2	2
604	6	1492.3	1	2	2
604	6	772.21	1	2	2
604	6	1227.8	1	2	2
604	6	818.72	1	2	2
604	6	737.68	1	2	2
604	6	2306.9	1	2	2
604	6	854.75	1	2	2
604	6	1091	1	2	2
604	6	770.31	1	2	2
604	6	817.05	1	2	2
604	6	1657.3	1	2	2
604	6	786.65	1	2	2
604	6	944.83	1	2	2
604	6	884.89	1	2	2
604	6	983.07	1	2	2
604	6	1422.7	1	2	2
604	6	771.62	1	2	2
604	6	1332.5	1	2	2
604	6	1011.3	1	2	2
604	6	916.43	1	2	2
604	6	970.03	1	2	2
604	6	951.64	1	2	2
604	6	1426.7	1	2	2
604	6	1020	1	2	2
604	6	983.48	1	2	2
604	6	839.69	1	2	2
604	6	1349.2	1	2	2
604	6	1014.6	1	2	2
604	6	1192	1	2	2
604	6	853.68	1	2	2
604	6	848.39	1	2	2
604	6	908.83	1	2	2
604	6	768.16	1	2	2
604	6	648.66	1	2	2
604	6	1025.4	1	2	2
604	6	791.25	1	2	2
604	6	789.91	1	2	2
604	6	804.21	1	2	2
604	6	715.78	1	2	2
604	6	820.02	1	2	2
604	6	823.64	1	2	2
604	6	1039.6	1	2	2
604	6	779.42	1	2	2
604	6	971.78	1	2	2
604	6	791.59	1	2	2
604	6	793.38	1	2	2
604	6	1036.9	1	2	2
604	6	870.76	1	2	2
604	6	1699.2	1	2	2
604	6	930.89	1	2	2
604	6	967.8	1	2	2
604	6	717.91	1	2	2
604	6	837.26	1	2	2
604	6	1030.7	1	2	2
604	6	654.58	0	2	2
604	6	2412.2	1	2	2
604	6	805.68	1	2	2
604	6	823.91	1	2	2
604	6	803.2	1	2	2
604	6	703.58	1	2	2
604	6	718.09	1	2	2
604	6	827.15	1	2	2
604	6	912.16	1	2	2
604	6	889.22	1	2	2
604	6	686.37	1	2	2
604	6	793.88	1	2	2
604	6	1248.5	1	2	2
604	6	772.51	1	2	2
604	6	832.27	1	2	2
604	6	1147.7	1	2	2
604	6	1297.4	1	2	2
604	6	976.56	1	2	2
604	6	716.72	1	2	2
604	6	1685.3	1	2	2
604	6	614.25	1	2	2
604	6	1042.4	1	2	2
604	6	827.85	1	2	2
604	6	978.07	1	2	2
604	6	656.69	1	2	2
604	6	780.27	1	2	2
604	6	773.48	1	2	2
604	6	925.82	1	2	2
604	6	941.91	1	2	2
604	6	1107.2	1	2	2
604	6	2494	1	2	2
604	6	2069.9	1	2	2
604	6	2297.3	1	2	2
604	6	859.82	1	2	2
604	6	1023.5	1	2	2
604	6	1029.3	1	2	2
604	6	706.25	1	2	2
604	6	873.86	1	2	2
604	6	847	1	2	2
604	6	1128.5	1	2	2
604	6	747.6	1	2	2
604	6	906	1	2	2
604	6	800.83	1	2	2
604	6	647.41	1	2	2
604	6	683.62	1	2	2
604	6	1172	1	2	2
604	6	1071.1	1	2	2
604	6	635.21	1	2	2
604	6	727.88	1	2	2
604	6	656.69	1	2	2
604	6	722.56	1	2	2
604	6	643.19	1	2	2
604	6	699.99	1	2	2
604	6	694.56	1	2	2
604	6	976.92	1	2	2
604	6	576.47	1	2	2
604	6	706.15	1	2	2
604	6	743.07	1	2	2
604	6	647.49	1	2	2
604	6	675.04	1	2	2
604	6	647.06	1	2	2
604	6	1040.4	1	2	2
604	6	764.66	1	2	2
604	6	682.77	1	2	2
604	6	883.29	1	2	2
604	6	847.22	1	2	2
604	6	645.03	1	2	2
604	6	678.73	1	2	2
604	6	910.18	1	2	2
604	6	754.22	1	2	2
604	6	1078	1	2	2
604	6	923.72	1	2	2
604	6	828.49	1	2	2
604	6	884.79	1	2	2
604	6	708.47	1	2	2
604	6	898.8	1	2	2
604	6	645.77	1	2	2
604	6	603.66	1	2	2
604	6	579.25	1	2	2
604	6	562.04	1	2	2
604	6	620.67	1	2	2
604	6	784.19	1	2	2
604	6	868.22	1	2	2
604	6	838.99	1	2	2
604	6	895.05	1	2	2
604	6	1166.6	1	2	2
604	6	2278.3	1	2	2
604	6	1014.4	1	2	2
604	6	682.53	1	2	2
604	6	911.2	1	2	2
604	6	531.41	1	2	2
604	6	603.96	1	2	2
604	6	883.78	1	2	2
604	6	752.99	1	2	2
604	6	531.08	1	2	2
604	6	667.75	1	2	2
604	6	679.11	1	2	2
604	6	644.78	1	2	2
604	6	859.46	1	2	2
604	6	769.66	1	2	2
604	6	1212.2	0	2	2
604	6	663.7	1	2	2
604	6	761.94	1	2	2
604	6	849.58	1	2	2
604	6	687.29	1	2	2
604	6	1114	1	2	2
604	6	698.4	1	2	2
604	6	654.32	1	2	2
604	6	1227.7	1	2	2
604	6	567.76	1	2	2
604	6	797.75	1	2	2
604	6	821.64	1	2	2
604	6	700.26	1	2	2
604	6	973.35	1	2	2
604	6	718.35	1	2	2
604	6	1517.8	1	2	2
604	6	622.59	1	2	2
604	6	2065.4	1	2	2
604	6	648.55	1	2	2
604	6	1612.3	1	2	2
604	6	937.16	1	2	2
604	6	815.74	1	2	2
604	6	989.02	1	2	2
604	6	2188.6	1	2	2
604	6	787.32	1	2	2
604	6	699.87	1	2	2
604	6	901.11	1	2	2
604	6	1013.7	1	2	2
604	6	1500.9	1	2	2
604	6	643.16	1	2	2
604	6	1120	1	2	2
604	6	946.21	1	2	2
604	6	685.53	1	2	2
604	6	868.56	1	2	2
604	6	692.36	1	2	2
604	6	1092.4	1	2	2
604	6	1667.2	1	2	2
604	6	1146.1	1	2	2
604	6	632.27	1	2	2
604	6	603.32	1	2	2
604	6	696.38	1	2	2
604	6	802.38	1	2	2
604	6	807.99	1	2	2
604	6	652.28	1	2	2
604	6	1156.4	1	2	2
604	6	674.7	1	2	2
604	6	763.66	1	2	2
604	6	716.51	1	2	2
604	6	777.15	1	2	2
604	6	855.96	1	2	2
604	6	666.64	1	2	2
604	6	1137.5	1	2	2
604	6	1085.9	1	2	2
604	6	1419.6	1	2	2
604	6	850.96	1	2	2
604	6	806.9	1	2	2
604	6	906.82	1	2	2
604	6	963.55	1	2	2
604	6	748.05	1	2	2
604	6	1303.8	1	2	2
604	6	757.24	1	2	2
604	6	732.04	1	2	2
604	6	749.1	1	2	2
604	6	638.67	1	2	2
604	6	567.48	1	2	2
604	6	752.39	1	2	2
604	6	730.26	1	2	2
604	6	851.12	1	2	2
604	6	786.02	1	2	2
604	6	938.56	1	2	2
604	6	727.65	1	2	2
604	6	818.06	1	2	2
604	6	629.08	1	2	2
604	6	1453	1	2	2
604	6	649.44	1	2	2
604	6	650.92	1	2	2
604	6	745.06	1	2	2
604	6	640.92	1	2	2
604	6	752.81	1	2	2
604	6	729.06	1	2	2
604	6	690.84	1	2	2
604	6	845.39	1	2	2
604	6	803.24	1	2	2
604	6	593.43	1	2	2
604	6	668.16	1	2	2
604	6	986.13	1	2	2
604	6	661.77	1	2	2
604	6	923.87	1	2	2
604	6	585.67	1	2	2
604	6	543.06	1	2	2
604	6	833.54	1	2	2
604	6	906.86	1	2	2
604	6	671.51	1	2	2
604	6	577.41	1	2	2
604	6	1855.1	1	2	1
604	6	1017.6	1	2	1
604	6	1417.2	1	2	1
604	6	729.66	1	2	1
604	6	1767.4	1	2	1
604	6	2071.4	1	2	1
604	6	2968	1	2	1
604	6	1129.4	1	2	1
604	6	1208	1	2	1
604	6	1468.2	1	2	1
604	6	869.51	1	2	1
604	6	1337.4	1	2	1
604	6	1081.1	1	2	1
604	6	2945.6	1	2	1
604	6	1369.2	1	2	1
604	6	1074.3	1	2	1
604	6	1553.1	1	2	1
604	6	1071.5	1	2	1
604	6	2367.4	1	2	1
604	6	1464.7	1	2	1
604	6	1364.3	1	2	1
604	6	723.01	1	2	1
604	6	933.6	1	2	1
604	6	880.18	1	2	1
604	6	941.33	1	2	1
604	6	1126	1	2	1
604	6	934.02	1	2	1
604	6	916.44	1	2	1
604	6	1068.2	1	2	1
604	6	964.7	1	2	1
604	6	1187.6	1	2	1
604	6	1248	1	2	1
604	6	2359.1	1	2	1
604	6	918.59	1	2	1
604	6	1593.6	1	2	1
604	6	1237.4	1	2	1
604	6	1139	1	2	1
604	6	771.95	1	2	1
604	6	1049.7	1	2	1
604	6	980.12	0	2	1
604	6	846.94	1	2	1
604	6	729.33	1	2	1
604	6	2360.9	1	2	1
604	6	1457.1	1	2	1
604	6	1393.9	1	2	1
604	6	989.45	1	2	1
604	6	1128.3	1	2	1
604	6	1050.5	1	2	1
604	6	815.06	1	2	1
604	6	973.64	1	2	1
604	6	839.74	1	2	1
604	6	1397.8	1	2	1
604	6	1231.2	1	2	1
604	6	1267.5	1	2	1
604	6	1080.4	1	2	1
604	6	1749.6	1	2	1
604	6	1149.3	1	2	1
604	6	974.16	1	2	1
604	6	935.49	1	2	1
604	6	1035.7	1	2	1
604	6	1369.1	1	2	1
604	6	1042.8	1	2	1
604	6	1096.4	1	2	1
604	6	1251.4	1	2	1
604	6	1062.4	1	2	1
604	6	1389.1	1	2	1
604	6	1285.7	1	2	1
604	6	1086.5	1	2	1
604	6	1056.3	1	2	1
604	6	757.88	1	2	1
604	6	758.95	1	2	1
604	6	726.87	1	2	1
604	6	1126.4	1	2	1
604	6	1031.1	1	2	1
604	6	1035.6	1	2	1
604	6	1138	1	2	1
604	6	1768.7	1	2	1
604	6	1347.8	1	2	1
604	6	677.81	1	2	1
604	6	1401.3	1	2	1
604	6	807.26	1	2	1
604	6	807.81	1	2	1
604	6	1119.1	1	2	1
604	6	1040.2	0	2	1
604	6	1280.9	1	2	1
604	6	1575.3	1	2	1
604	6	1769.8	1	2	1
604	6	1697.6	1	2	1
604	6	1809.6	1	2	1
604	6	888.19	1	2	1
604	6	1415.8	1	2	1
604	6	731.21	1	2	1
604	6	949.67	1	2	1
604	6	697.34	1	2	1
604	6	1257.9	1	2	1
604	6	714.6	1	2	1
604	6	1091.8	1	2	1
604	6	1275.1	1	2	1
604	6	1238.2	1	2	1
604	6	1258.3	1	2	1
604	6	969.85	1	2	1
604	6	2011.1	1	2	1
604	6	869.34	1	2	1
604	6	1687.9	1	2	1
604	6	1289.5	1	2	1
604	6	894.63	1	2	1
604	6	1371.9	1	2	1
604	6	1002	1	2	1
604	6	821.63	1	2	1
604	6	1960.7	1	2	1
604	6	697.97	1	2	1
604	6	1499.1	1	2	1
604	6	1411.7	1	2	1
604	6	2156.1	1	2	1
604	6	1111.5	1	2	1
604	6	1394.1	1	2	1
604	6	1802.5	1	2	1
604	6	1228.9	1	2	1
604	6	1014.9	1	2	1
604	6	1218.9	1	2	1
604	6	940.06	0	2	1
604	6	1637.8	1	2	1
604	6	1862.5	1	2	1
604	6	1149	1	2	1
604	6	1320.7	1	2	1
604	6	1594.3	1	2	1
604	6	1533.7	1	2	1
604	6	1221.1	1	2	1
604	6	1073.7	0	2	1
604	6	1385.4	1	2	1
604	6	791.94	1	2	1
604	6	943.05	1	2	1
604	6	702.84	1	2	1
604	6	1203.4	1	2	1
604	6	719.37	1	2	1
604	6	1037.5	1	2	1
604	6	1023.3	1	2	1
604	6	941.31	1	2	1
604	6	787.68	1	2	1
604	6	708.1	1	2	1
604	6	753.69	1	2	1
604	6	956.2	1	2	1
604	6	1355.9	1	2	1
604	6	843.33	1	2	1
604	6	748.86	1	2	1
604	6	1478.8	1	2	1
604	6	1093.5	1	2	1
604	6	1157.7	1	2	1
604	6	974.42	1	2	1
604	6	727.6	1	2	1
604	6	921.04	1	2	1
604	6	840.75	1	2	1
604	6	942.01	1	2	1
604	6	1201.8	1	2	1
604	6	962.97	1	2	1
604	6	1174.5	1	2	1
604	6	1604.1	1	2	1
604	6	799.83	1	2	1
604	6	1219.6	1	2	1
604	6	758.09	1	2	1
604	6	906.55	1	2	1
604	6	1374.3	1	2	1
604	6	1049.3	1	2	1
604	6	1084.7	1	2	1
604	6	1055.9	1	2	1
604	6	1570.1	1	2	1
604	6	1021.8	1	2	1
604	6	1193.1	1	2	1
604	6	1319.8	1	2	1
604	6	775.11	1	2	1
604	6	1702.5	1	2	1
604	6	1224.5	1	2	1
604	6	946.78	1	2	1
604	6	1069.6	1	2	1
604	6	1065.3	1	2	1
604	6	652.05	1	2	1
604	6	772.86	1	2	1
604	6	828.69	1	2	1
604	6	902.64	1	2	1
604	6	1241.6	1	2	1
604	6	746.58	1	2	1
604	6	843.74	1	2	1
604	6	1182.4	1	2	1
604	6	1636.2	1	2	1
604	6	613.16	1	2	1
604	6	1116.8	1	2	1
604	6	1003.1	1	2	1
604	6	738.76	1	2	1
604	6	1312.4	1	2	1
604	6	687.31	1	2	1
604	6	660.41	1	2	1
604	6	840.05	1	2	1
604	6	889.99	1	2	1
604	6	1106.8	1	2	1
604	6	1856.2	1	2	1
604	6	2376.8	1	2	1
604	6	1251.8	0	2	1
604	6	1448.1	1	2	1
604	6	1135.9	1	2	1
604	6	854.72	1	2	1
604	6	812.74	1	2	1
604	6	961.1	1	2	1
604	6	1069.5	1	2	1
604	6	723.75	1	2	1
604	6	1556.1	1	2	1
604	6	670.28	1	2	1
604	6	1380.7	1	2	1
604	6	644.89	1	2	1
604	6	1167.1	1	2	1
604	6	813.09	1	2	1
604	6	909.39	1	2	1
604	6	686.71	1	2	1
604	6	889.58	1	2	1
604	6	1071	1	2	1
604	6	958.78	1	2	1
604	6	841.5	1	2	1
604	6	995.42	1	2	1
604	6	938.97	1	2	1
604	6	742.03	1	2	1
604	6	949.05	1	2	1
604	6	1113	0	2	1
604	6	641.44	1	2	1
604	6	969.34	0	2	1
604	6	1348	1	2	1
604	6	1243	1	2	1
604	6	768.8	1	2	1
604	6	974.67	1	2	1
604	6	805.84	1	2	1
604	6	1192.7	1	2	1
604	6	1038.4	1	2	1
604	6	671.12	1	2	1
604	6	1222.1	1	2	1
604	6	729.55	1	2	1
604	6	854.07	1	2	1
604	6	1673.4	1	2	1
604	6	614.08	1	2	1
604	6	551.85	1	2	1
604	6	1238.7	1	2	1
604	6	1050.2	1	2	1
604	6	1336.7	1	2	1
604	6	599.68	1	2	1
604	6	699.97	1	2	1
604	6	1110.4	1	2	1
604	6	626.22	1	2	1
604	6	646.13	1	2	1
604	6	900.24	1	2	1
604	6	830.7	1	2	1
604	6	576.88	1	2	1
604	6	905.76	1	2	1
604	6	873.61	1	2	1
604	6	785.88	1	2	1
604	6	1013.5	1	2	1
604	6	842.78	1	2	1
604	6	870.42	1	2	1
604	6	757.19	1	2	1
604	6	1128.3	1	2	1
604	6	1393.3	1	2	1
604	6	965.9	1	2	1
604	6	1048.5	1	2	1
604	6	799.09	1	2	1
604	6	1089.1	1	2	1
604	6	1149	0	2	1
604	6	1730.3	1	2	1
604	6	1263	1	2	1
604	6	843.94	1	2	1
604	6	854.63	1	2	1
604	6	839.9	1	2	1
604	6	705.51	1	2	1
604	6	1310.3	1	2	1
604	6	1322.1	1	2	1
604	6	962.7	1	2	1
604	6	1271.2	1	2	1
604	6	1532	0	2	1
604	6	936.45	1	2	1
604	6	789.38	1	2	1
604	6	1392.4	1	2	1
604	6	765.69	1	2	1
604	6	1386.7	1	2	1
604	6	1082.6	1	2	1
604	6	1342.5	1	2	1
604	6	1111.6	1	2	1
604	6	766.22	1	2	1
604	6	813.88	1	2	1
604	6	823.79	1	2	1
604	6	1167	1	2	1
604	6	1500.6	1	2	1
604	6	969.9	1	2	1
604	6	1406.1	1	2	1
604	6	645.03	1	2	1
604	6	921.36	1	2	1
604	6	2335.5	1	2	1
604	6	2627.8	1	2	1
604	6	898	1	2	1
604	6	1449	1	2	1
604	6	854	1	2	1
604	6	728.36	1	2	1
604	6	737.18	1	2	1
604	6	1119.1	1	2	1
604	6	1003.2	1	2	1
604	6	949.16	1	2	1
604	6	755.71	1	2	1
604	6	954.94	1	2	1
604	6	841.61	1	2	1
604	6	799.32	1	2	1
604	6	1035.8	1	2	1
604	6	914.18	1	2	1
604	6	847.35	1	2	1
604	6	803.47	1	2	1
604	6	912.97	1	2	1
604	6	711.38	1	2	1
604	6	953.28	1	2	1
604	6	1535.2	1	2	1
604	6	1172.1	1	2	1
604	6	1028.4	1	2	1
604	6	757.84	1	2	1
604	6	3179.5	1	2	1
604	6	557.92	1	2	1
604	6	1422.9	1	2	1
604	6	1322.6	1	2	1
604	6	747.72	1	2	1
604	6	889.84	1	2	1
604	6	742.94	1	2	1
604	6	752.28	1	2	1
604	6	1251.4	1	2	1
604	6	1002.4	1	2	1
604	6	759.03	1	2	1
604	6	710.04	1	2	1
604	6	949.09	1	2	1
604	6	777.33	1	2	1
604	6	1066.2	1	2	1
604	6	590.55	1	2	1
604	6	754.44	1	2	1
604	6	598.53	0	2	1
604	6	803.26	1	2	1
604	6	693.08	1	2	1
604	6	595.53	1	2	1
604	6	693.34	1	2	1
604	6	940.53	1	2	1
604	6	1135.4	1	2	1
604	6	645.89	1	2	1
604	6	628.48	1	2	1
604	6	645.75	1	2	1
604	6	873.54	1	2	1
604	6	541.71	1	2	1
604	6	614.11	1	2	1
604	6	2053.4	1	2	1
604	6	860.17	1	2	1
604	6	1064.7	1	2	1
604	6	1231.9	1	2	1
604	6	1484.1	1	1	2
604	6	1856	1	1	2
604	6	1641.7	1	1	2
604	6	1250	1	1	2
604	6	1813.5	1	1	2
604	6	1049.2	1	1	2
604	6	1967.1	1	1	2
604	6	949.52	0	1	2
604	6	1044	1	1	2
604	6	1231	1	1	2
604	6	1411	1	1	2
604	6	1659.2	1	1	2
604	6	1638.1	1	1	2
604	6	1202	1	1	2
604	6	1716.3	1	1	2
604	6	1804.7	1	1	2
604	6	796.98	1	1	2
604	6	814.52	1	1	2
604	6	1516.8	0	1	2
604	6	1369.1	1	1	2
604	6	1411.2	1	1	2
604	6	1394.5	1	1	2
604	6	1934.6	1	1	2
604	6	1127.7	1	1	2
604	6	992.33	1	1	2
604	6	1068.3	1	1	2
604	6	1132.7	1	1	2
604	6	728.02	1	1	2
604	6	1596.7	1	1	2
604	6	1340.1	1	1	2
604	6	1103	1	1	2
604	6	1003.9	1	1	2
604	6	870.94	1	1	2
604	6	1022.7	1	1	2
604	6	936.42	1	1	2
604	6	1509.9	1	1	2
604	6	2077.7	1	1	2
604	6	1037	1	1	2
604	6	1208.3	1	1	2
604	6	1419.1	1	1	2
604	6	1066.8	1	1	2
604	6	1085	1	1	2
604	6	1519.8	1	1	2
604	6	1058.2	1	1	2
604	6	1045.2	1	1	2
604	6	2823.5	1	1	2
604	6	943.95	1	1	2
604	6	1667.7	1	1	2
604	6	1193.7	1	1	2
604	6	1291.9	1	1	2
604	6	1148.3	0	1	2
604	6	2490.2	1	1	2
604	6	2128.2	1	1	2
604	6	940.5	1	1	2
604	6	1134.8	1	1	2
604	6	1408.1	1	1	2
604	6	1525.1	1	1	2
604	6	2153	1	1	2
604	6	956.32	1	1	2
604	6	1030.4	1	1	2
604	6	967.7	1	1	2
604	6	796.69	1	1	2
604	6	940.47	1	1	2
604	6	1124.2	1	1	2
604	6	1463.2	1	1	2
604	6	1046.5	1	1	2
604	6	797.23	1	1	2
604	6	2321.5	1	1	2
604	6	1719.6	1	1	2
604	6	1069.9	1	1	2
604	6	1086.5	1	1	2
604	6	845.75	1	1	2
604	6	956.75	1	1	2
604	6	889.92	1	1	2
604	6	2154.8	1	1	2
604	6	818.33	1	1	2
604	6	1639.3	0	1	2
604	6	2026.8	0	1	2
604	6	1445.7	1	1	2
604	6	1261.4	1	1	2
604	6	935.97	1	1	2
604	6	954.35	1	1	2
604	6	917.84	1	1	2
604	6	837.41	1	1	2
604	6	2150.4	1	1	2
604	6	1161.4	1	1	2
604	6	978.73	1	1	2
604	6	1387.5	1	1	2
604	6	915.95	1	1	2
604	6	870.11	1	1	2
604	6	1744.7	1	1	2
604	6	1447.1	1	1	2
604	6	1823.3	1	1	2
604	6	897.44	1	1	2
604	6	1037	1	1	2
604	6	912.86	1	1	2
604	6	1226.9	1	1	2
604	6	1346.4	1	1	2
604	6	1521.8	1	1	2
604	6	1111.5	1	1	2
604	6	1089.5	1	1	2
604	6	1131.5	1	1	2
604	6	1098.3	1	1	2
604	6	1798.6	1	1	2
604	6	1252.8	1	1	2
604	6	3419.2	1	1	2
604	6	1172.2	0	1	2
604	6	1421.6	1	1	2
604	6	1751.8	1	1	2
604	6	1125.8	1	1	2
604	6	1693.7	1	1	2
604	6	1009	1	1	2
604	6	1001.4	1	1	2
604	6	1854.9	1	1	2
604	6	840.63	1	1	2
604	6	1433.2	1	1	2
604	6	920.29	1	1	2
604	6	1303.1	1	1	2
604	6	1510	1	1	2
604	6	1528.7	1	1	2
604	6	1597.5	1	1	2
604	6	1990	1	1	2
604	6	1420.1	1	1	2
604	6	1003.8	1	1	2
604	6	1121.5	1	1	2
604	6	1666.8	1	1	2
604	6	2382.1	0	1	2
604	6	1517.1	1	1	2
604	6	835.08	1	1	2
604	6	1307.2	0	1	2
604	6	928.52	1	1	2
604	6	732.46	1	1	2
604	6	1222.4	1	1	2
604	6	1271	1	1	2
604	6	1325.6	1	1	2
604	6	1293.5	1	1	2
604	6	1119.9	1	1	2
604	6	1163.5	1	1	2
604	6	1026	1	1	2
604	6	1083.7	1	1	2
604	6	753.84	1	1	2
604	6	1196.4	1	1	2
604	6	925.52	1	1	2
604	6	1323.9	1	1	2
604	6	2774.1	1	1	2
604	6	901.36	1	1	2
604	6	1666.6	0	1	2
604	6	871.48	1	1	2
604	6	930.09	1	1	2
604	6	1884.8	1	1	2
604	6	1511.2	1	1	2
604	6	1300.3	1	1	2
604	6	1050.7	1	1	2
604	6	2510.5	1	1	2
604	6	2061.4	0	1	2
604	6	1035.6	1	1	2
604	6	2010.1	1	1	2
604	6	918.08	1	1	2
604	6	1192.2	1	1	2
604	6	997.88	1	1	2
604	6	1473.5	1	1	2
604	6	936.46	1	1	2
604	6	1061.3	1	1	2
604	6	742.41	1	1	2
604	6	1925.4	0	1	2
604	6	1346.1	1	1	2
604	6	1406.2	1	1	2
604	6	1400.8	1	1	2
604	6	1014.5	1	1	2
604	6	1352.9	1	1	2
604	6	1347.9	1	1	2
604	6	1270.3	1	1	2
604	6	1238.4	1	1	2
604	6	1106.3	1	1	2
604	6	784.55	0	1	2
604	6	1094.6	1	1	2
604	6	927.73	1	1	2
604	6	847.59	1	1	2
604	6	1004.3	1	1	2
604	6	789.68	1	1	2
604	6	981.74	1	1	2
604	6	2200.8	1	1	2
604	6	1058.1	1	1	2
604	6	960.32	1	1	2
604	6	827.95	1	1	2
604	6	1594.2	0	1	2
604	6	2397	1	1	2
604	6	826.57	1	1	2
604	6	1041.9	1	1	2
604	6	1263.8	1	1	2
604	6	705.34	1	1	2
604	6	1583.2	0	1	2
604	6	901.95	1	1	2
604	6	2866.6	0	1	2
604	6	785.63	1	1	2
604	6	1040.4	1	1	2
604	6	1434.3	1	1	2
604	6	786.59	1	1	2
604	6	1372	1	1	2
604	6	1163.3	1	1	2
604	6	716.82	1	1	2
604	6	947.67	1	1	2
604	6	781.93	1	1	2
604	6	1159.3	0	1	2
604	6	1279.8	1	1	2
604	6	939.27	1	1	2
604	6	729	1	1	2
604	6	1169.8	1	1	2
604	6	1151	1	1	2
604	6	586.46	1	1	2
604	6	1084.4	1	1	2
604	6	880.69	1	1	2
604	6	603.11	1	1	2
604	6	893.11	1	1	2
604	6	1518.9	1	1	2
604	6	1004.5	1	1	2
604	6	711.7	1	1	2
604	6	584.21	1	1	2
604	6	751.41	1	1	2
604	6	671.32	1	1	2
604	6	901.09	1	1	2
604	6	1241.7	1	1	2
604	6	791.82	1	1	2
604	6	742.41	1	1	2
604	6	758.53	1	1	2
604	6	739.37	1	1	2
604	6	950.14	1	1	2
604	6	794.07	1	1	2
604	6	1036.9	1	1	2
604	6	914.46	1	1	2
604	6	731.95	1	1	2
604	6	831.2	1	1	2
604	6	710.41	1	1	2
604	6	818.15	1	1	2
604	6	648.65	1	1	2
604	6	856.79	1	1	2
604	6	868.3	0	1	2
604	6	634	1	1	2
604	6	658.47	1	1	2
604	6	1320.6	1	1	2
604	6	1144.1	0	1	2
604	6	1332.4	1	1	2
604	6	634.82	1	1	2
604	6	985.72	1	1	2
604	6	607.94	1	1	2
604	6	824.37	0	1	2
604	6	1227	1	1	2
604	6	1070.5	1	1	2
604	6	921.08	1	1	2
604	6	1402	0	1	2
604	6	709.51	1	1	2
604	6	2141.6	1	1	2
604	6	1005.1	0	1	2
604	6	890.98	1	1	2
604	6	1008	1	1	2
604	6	1279.5	1	1	2
604	6	974.07	1	1	2
604	6	826.38	1	1	2
604	6	960.81	1	1	2
604	6	1204.2	1	1	2
604	6	633.01	1	1	2
604	6	2241.3	1	1	2
604	6	613.24	1	1	2
604	6	938.24	1	1	2
604	6	2263.7	1	1	2
604	6	1579.7	1	1	2
604	6	928.09	1	1	2
604	6	749.05	1	1	2
604	6	1073.2	1	1	2
604	6	942.31	1	1	2
604	6	1033.4	1	1	2
604	6	821.91	1	1	2
604	6	680.42	1	1	2
604	6	2037.6	1	1	2
604	6	830.46	1	1	2
604	6	1412.6	1	1	2
604	6	1148.9	1	1	2
604	6	1426.9	1	1	2
604	6	1463.1	1	1	2
604	6	1274.9	1	1	2
604	6	1517	1	1	2
604	6	1997.8	1	1	2
604	6	1248.5	1	1	2
604	6	797.71	1	1	2
604	6	1892.3	1	1	2
604	6	1824.2	1	1	2
604	6	708.03	1	1	2
604	6	750.45	1	1	2
604	6	1667.6	1	1	2
604	6	1586.1	1	1	2
604	6	1366.4	1	1	2
604	6	908.84	1	1	2
604	6	920.23	1	1	2
604	6	939.67	1	1	2
604	6	2598.9	1	1	2
604	6	884.74	1	1	2
604	6	963.81	1	1	2
604	6	847.02	1	1	2
604	6	2200.1	1	1	2
604	6	1007.9	1	1	2
604	6	877.94	1	1	2
604	6	1689.9	1	1	2
604	6	974.75	1	1	2
604	6	759.1	1	1	2
604	6	1096.7	1	1	2
604	6	1117.7	1	1	2
604	6	774.47	1	1	2
604	6	1070.8	1	1	2
604	6	2345.3	1	1	2
604	6	1906.5	1	1	2
604	6	1010.7	1	1	2
604	6	1275.7	1	1	2
604	6	1322.1	1	1	2
604	6	1430.5	1	1	2
604	6	931.85	1	1	2
604	6	906.61	1	1	2
604	6	1425.2	1	1	2
604	6	962.13	0	1	2
604	6	1730.4	1	1	2
604	6	745.34	1	1	2
604	6	1041.1	1	1	2
604	6	1088.1	1	1	2
604	6	865.89	1	1	2
604	6	1024.4	1	1	2
604	6	1446.1	1	1	2
604	6	803.06	1	1	2
604	6	1218.3	1	1	2
604	6	1341.8	1	1	2
604	6	1068.5	1	1	2
604	6	846.89	1	1	2
604	6	942.05	1	1	2
604	6	910.15	1	1	2
604	6	2218.4	1	1	2
604	6	1386.4	1	1	2
604	6	804.62	1	1	2
604	6	1079.7	1	1	2
604	6	965.4	1	1	2
604	6	1537.2	1	1	2
604	6	664.33	1	1	2
604	6	863.88	1	1	2
604	6	823.7	1	1	2
604	6	701.29	1	1	2
604	6	728.62	1	1	2
604	6	635.55	1	1	2
604	6	911.86	1	1	2
604	6	846.26	1	1	2
604	6	706.59	1	1	2
604	6	941.24	1	1	2
604	6	1174.9	1	1	2
604	6	1101.7	1	1	2
604	6	1445.5	0	1	1
604	6	1831.8	1	1	1
604	6	1451.6	1	1	1
604	6	1216.4	1	1	1
604	6	1612.3	1	1	1
604	6	865.95	1	1	1
604	6	826.85	0	1	1
604	6	1456.8	1	1	1
604	6	1234.3	1	1	1
604	6	1603.8	1	1	1
604	6	2037.9	1	1	1
604	6	1726.5	1	1	1
604	6	1706	0	1	1
604	6	1379.9	1	1	1
604	6	2443.1	1	1	1
604	6	2031.9	1	1	1
604	6	1240.2	1	1	1
604	6	1905.2	1	1	1
604	6	2169.4	1	1	1
604	6	996.23	1	1	1
604	6	934.3	1	1	1
604	6	1583.7	0	1	1
604	6	1113.7	1	1	1
604	6	1248.2	1	1	1
604	6	1736.9	1	1	1
604	6	1116.7	1	1	1
604	6	1157.8	1	1	1
604	6	1494.2	1	1	1
604	6	1157	1	1	1
604	6	996.95	0	1	1
604	6	1894.4	1	1	1
604	6	913.87	1	1	1
604	6	962.21	1	1	1
604	6	1130.9	1	1	1
604	6	1221	1	1	1
604	6	1231.1	1	1	1
604	6	1351.2	1	1	1
604	6	1993.4	1	1	1
604	6	730.65	1	1	1
604	6	1253.2	1	1	1
604	6	963.01	1	1	1
604	6	1787.3	1	1	1
604	6	1000.6	1	1	1
604	6	1845	1	1	1
604	6	2859.2	1	1	1
604	6	2465.5	1	1	1
604	6	1316.7	1	1	1
604	6	2290.6	0	1	1
604	6	897.19	1	1	1
604	6	2410.7	1	1	1
604	6	1007.4	1	1	1
604	6	998.01	1	1	1
604	6	2496.4	1	1	1
604	6	2530.7	1	1	1
604	6	1446	1	1	1
604	6	892.65	1	1	1
604	6	2466.4	1	1	1
604	6	1326.8	0	1	1
604	6	785.56	0	1	1
604	6	742.97	0	1	1
604	6	1745	1	1	1
604	6	2558.7	0	1	1
604	6	1434.5	1	1	1
604	6	2301.8	1	1	1
604	6	1346.3	1	1	1
604	6	1282.3	1	1	1
604	6	2746.8	1	1	1
604	6	1334.3	1	1	1
604	6	1419.8	1	1	1
604	6	827.34	1	1	1
604	6	950.46	1	1	1
604	6	1199.9	1	1	1
604	6	2035	0	1	1
604	6	987.44	1	1	1
604	6	1051.1	0	1	1
604	6	1361.9	1	1	1
604	6	1089.5	1	1	1
604	6	1814.4	1	1	1
604	6	1033.3	1	1	1
604	6	2553.5	0	1	1
604	6	1482.1	0	1	1
604	6	2490.5	0	1	1
604	6	1533.2	0	1	1
604	6	2560.4	1	1	1
604	6	1481.8	1	1	1
604	6	2075.5	0	1	1
604	6	1815	1	1	1
604	6	1952.6	1	1	1
604	6	1764.6	1	1	1
604	6	971.47	1	1	1
604	6	1080.7	1	1	1
604	6	1091.4	1	1	1
604	6	1468.8	0	1	1
604	6	2485.4	1	1	1
604	6	1580.8	1	1	1
604	6	1292.3	1	1	1
604	6	2192.1	1	1	1
604	6	1250.4	1	1	1
604	6	987.29	1	1	1
604	6	731.18	1	1	1
604	6	1456.6	1	1	1
604	6	1129.3	1	1	1
604	6	1107.4	1	1	1
604	6	1299.1	1	1	1
604	6	926.32	1	1	1
604	6	1374.1	0	1	1
604	6	2137.6	1	1	1
604	6	1180	1	1	1
604	6	982.86	1	1	1
604	6	1390.9	0	1	1
604	6	1634.6	0	1	1
604	6	2037.2	1	1	1
604	6	2248.5	1	1	1
604	6	1884.3	1	1	1
604	6	1001.6	1	1	1
604	6	1474.9	1	1	1
604	6	1561.8	0	1	1
604	6	2442.3	1	1	1
604	6	2451	1	1	1
604	6	2425.8	1	1	1
604	6	824.2	1	1	1
604	6	1495.7	1	1	1
604	6	1438.7	0	1	1
604	6	474.08	0	1	1
604	6	1161.8	1	1	1
604	6	2022.8	1	1	1
604	6	2447.6	1	1	1
604	6	2186.9	1	1	1
604	6	1138.7	1	1	1
604	6	2377.6	1	1	1
604	6	1597.4	1	1	1
604	6	1359.8	1	1	1
604	6	2157.6	1	1	1
604	6	1039.8	0	1	1
604	6	1250.4	1	1	1
604	6	634.78	0	1	1
604	6	1285	0	1	1
604	6	1600.9	1	1	1
604	6	1304.3	1	1	1
604	6	978.74	1	1	1
604	6	1679.5	1	1	1
604	6	1231.6	1	1	1
604	6	2096.3	1	1	1
604	6	1070.6	1	1	1
604	6	957.32	1	1	1
604	6	1070.1	1	1	1
604	6	1086.4	1	1	1
604	6	1515.5	1	1	1
604	6	2184.5	1	1	1
604	6	2137.9	1	1	1
604	6	1774.3	0	1	1
604	6	1179.2	1	1	1
604	6	1138.5	0	1	1
604	6	1467.4	0	1	1
604	6	1602.7	1	1	1
604	6	1910.6	1	1	1
604	6	2045.8	1	1	1
604	6	2451.1	1	1	1
604	6	1762.3	1	1	1
604	6	1227.4	1	1	1
604	6	1079.9	1	1	1
604	6	729.81	1	1	1
604	6	1573.5	1	1	1
604	6	1189.1	1	1	1
604	6	1728.3	1	1	1
604	6	1070.8	1	1	1
604	6	1130.9	1	1	1
604	6	1907.5	1	1	1
604	6	1115.7	1	1	1
604	6	891.97	1	1	1
604	6	770.56	1	1	1
604	6	2595.7	1	1	1
604	6	864.65	1	1	1
604	6	1411.9	1	1	1
604	6	1496.6	1	1	1
604	6	876.57	1	1	1
604	6	1015.9	1	1	1
604	6	1048.4	1	1	1
604	6	972.01	1	1	1
604	6	1249	1	1	1
604	6	1255.9	1	1	1
604	6	1106.1	1	1	1
604	6	1556.9	0	1	1
604	6	855.46	1	1	1
604	6	1033.8	1	1	1
604	6	2896.1	0	1	1
604	6	1686.5	1	1	1
604	6	1214.8	1	1	1
604	6	1975.2	1	1	1
604	6	1112.9	1	1	1
604	6	2092.1	1	1	1
604	6	935.29	1	1	1
604	6	884.88	1	1	1
604	6	1842.9	1	1	1
604	6	935.41	0	1	1
604	6	1268.3	1	1	1
604	6	919.68	1	1	1
604	6	2494	0	1	1
604	6	1375.4	1	1	1
604	6	1251.4	1	1	1
604	6	1778.4	1	1	1
604	6	768.66	0	1	1
604	6	1355.3	1	1	1
604	6	1644.3	1	1	1
604	6	1774.6	1	1	1
604	6	604.42	1	1	1
604	6	692.88	1	1	1
604	6	1474.8	1	1	1
604	6	679.99	1	1	1
604	6	1853.5	0	1	1
604	6	1409	1	1	1
604	6	1218.4	1	1	1
604	6	2173.7	1	1	1
604	6	820.67	1	1	1
604	6	1260.7	0	1	1
604	6	1154.6	1	1	1
604	6	990.17	1	1	1
604	6	1437.3	1	1	1
604	6	736.12	0	1	1
604	6	1180.7	1	1	1
604	6	1130.5	1	1	1
604	6	840.51	1	1	1
604	6	864.85	1	1	1
604	6	827.9	1	1	1
604	6	2003.1	1	1	1
604	6	1484	1	1	1
604	6	1141.7	1	1	1
604	6	1060.7	1	1	1
604	6	970.45	1	1	1
604	6	1284.4	1	1	1
604	6	1136.6	1	1	1
604	6	1134.1	1	1	1
604	6	685	1	1	1
604	6	814.7	1	1	1
604	6	1006.1	1	1	1
604	6	921.78	1	1	1
604	6	1922.1	1	1	1
604	6	1059.7	1	1	1
604	6	767.72	1	1	1
604	6	1262.4	1	1	1
604	6	1418.8	1	1	1
604	6	1010.5	1	1	1
604	6	1111.3	1	1	1
604	6	1279.3	1	1	1
604	6	1235	0	1	1
604	6	946.5	1	1	1
604	6	1103.8	1	1	1
604	6	981.72	1	1	1
604	6	2068.4	1	1	1
604	6	850.36	1	1	1
604	6	1612.3	0	1	1
604	6	904	0	1	1
604	6	1213.7	0	1	1
604	6	1064.7	1	1	1
604	6	1256	1	1	1
604	6	1171.5	0	1	1
604	6	1254.3	1	1	1
604	6	1036.5	1	1	1
604	6	1366.1	1	1	1
604	6	983.75	1	1	1
604	6	1893.9	1	1	1
604	6	1710	1	1	1
604	6	709.37	1	1	1
604	6	907.85	1	1	1
604	6	2201.4	1	1	1
604	6	2545.8	1	1	1
604	6	2271.1	1	1	1
604	6	1350.4	0	1	1
604	6	1415.1	0	1	1
604	6	876.22	0	1	1
604	6	990.77	1	1	1
604	6	1487.5	1	1	1
604	6	1322.6	1	1	1
604	6	1479.5	0	1	1
604	6	1448	1	1	1
604	6	1570	1	1	1
604	6	2817.5	1	1	1
604	6	1528.2	1	1	1
604	6	1220.9	1	1	1
604	6	1105.9	1	1	1
604	6	795.86	1	1	1
604	6	856.67	1	1	1
604	6	1645.1	1	1	1
604	6	1699	1	1	1
604	6	1013.9	1	1	1
604	6	1715.6	1	1	1
604	6	1115	1	1	1
604	6	970.23	1	1	1
604	6	1139.3	1	1	1
604	6	1181.7	1	1	1
604	6	1498.5	1	1	1
604	6	1956.6	0	1	1
604	6	1457.5	1	1	1
604	6	783.4	1	1	1
604	6	1196.8	1	1	1
604	6	904.19	1	1	1
604	6	1038.2	0	1	1
604	6	1478.6	1	1	1
604	6	934.07	1	1	1
604	6	1241.8	0	1	1
604	6	1137.6	0	1	1
604	6	1990.6	1	1	1
604	6	977.62	1	1	1
604	6	715.26	1	1	1
604	6	1311.6	1	1	1
604	6	982.47	1	1	1
604	6	1362.6	0	1	1
604	6	414.07	0	1	1
604	6	726.99	1	1	1
604	6	1704.6	0	1	1
604	6	1309.3	1	1	1
604	6	1145.4	0	1	1
604	6	1250.2	1	1	1
604	6	1396.2	1	1	1
604	6	1788.5	1	1	1
604	6	1715.9	1	1	1
604	6	1382.2	1	1	1
604	6	1458.1	1	1	1
604	6	1920.7	1	1	1
604	6	1543.9	1	1	1
604	6	1044.1	0	1	1
604	6	1914.5	1	1	1
604	6	892.21	1	1	1
604	6	941.6	1	1	1
604	6	1101.4	1	1	1
604	6	1058	1	1	1
604	6	690.66	1	1	1
604	6	1195.9	1	1	1
604	6	1066	1	1	1
604	6	1221.5	1	1	1
604	6	1014.1	0	1	1
604	6	1575.2	1	1	1
604	6	1068.5	1	1	1
604	6	2014.2	1	1	1
604	6	1447.5	1	1	1
604	6	1086.4	1	1	1
604	6	804.18	1	1	1
604	6	965.43	1	1	1
604	6	1846	1	1	1
604	6	1019.3	1	1	1
604	6	1190.3	1	1	1
604	6	888.85	1	1	1
604	6	2248.3	1	1	1
604	6	608.69	0	1	1
604	6	989.7	1	1	1
604	6	898.77	1	1	1
604	6	812.1	1	1	1
604	6	1886.7	1	1	1
604	6	2232.7	1	1	1
604	6	994.4	1	1	1
604	6	794.39	1	2	-1
604	6	1306.8	1	2	-1
604	6	601.9	1	2	-1
604	6	736.41	1	2	-1
604	6	528.73	1	2	-1
604	6	608	1	2	-1
604	6	1073.6	1	2	-1
604	6	915.3	1	2	-1
604	6	653.67	1	2	-1
604	6	701.38	1	2	-1
604	6	753.45	1	2	-1
604	6	687.73	1	2	-1
604	6	1219.7	1	2	-1
604	6	690.76	1	2	-1
604	6	665.76	1	2	-1
604	6	922.17	1	2	-1
604	6	821.64	1	2	-1
604	6	571.97	1	2	-1
604	6	835.52	1	2	-1
604	6	646.87	1	2	-1
604	6	670.19	1	2	-1
604	6	670.68	1	2	-1
604	6	901.55	1	2	-1
604	6	718.08	1	2	-1
604	6	737.86	1	2	-1
604	6	867.43	1	2	-1
604	6	530.67	1	2	-1
604	6	557.01	1	2	-1
604	6	583.26	1	2	-1
604	6	796.03	1	2	-1
604	6	1076.1	1	2	-1
604	6	630.1	1	2	-1
604	6	909.71	1	2	-1
604	6	1187.1	1	2	-1
604	6	917.15	1	2	-1
604	6	784.81	1	2	-1
604	6	1388.2	1	2	-1
604	6	790.1	1	2	-1
604	6	747.25	1	2	-1
604	6	1125.4	1	2	-1
604	6	1054.2	1	2	-1
604	6	762.32	1	2	-1
604	6	816.92	1	2	-1
604	6	753.23	1	2	-1
604	6	658.91	1	2	-1
604	6	1045.4	1	2	-1
604	6	945.49	1	2	-1
604	6	770.12	1	2	-1
604	6	640.16	0	2	-1
604	6	730.65	1	2	-1
604	6	1433.1	1	2	-1
604	6	952.67	1	2	-1
604	6	554.74	1	2	-1
604	6	868.84	1	2	-1
604	6	761.03	1	2	-1
604	6	676.84	1	2	-1
604	6	622.89	1	2	-1
604	6	752.25	1	2	-1
604	6	887.94	1	2	-1
604	6	1763	1	2	-1
604	6	598.92	1	2	-1
604	6	813.55	1	2	-1
604	6	929.98	1	2	-1
604	6	1600.6	0	2	-1
604	6	1651.6	1	2	-1
604	6	690.3	1	2	-1
604	6	582.3	1	2	-1
604	6	907.8	1	2	-1
604	6	1136.8	1	2	-1
604	6	771.99	1	2	-1
604	6	485.07	1	2	-1
604	6	591.48	1	2	-1
604	6	595.71	1	2	-1
604	6	608.4	1	2	-1
604	6	1910.8	1	2	-1
604	6	1309.3	1	2	-1
604	6	522.01	1	2	-1
604	6	890.11	1	2	-1
604	6	1750.5	1	2	-1
604	6	563.02	1	2	-1
604	6	1095.8	1	2	-1
604	6	977.01	1	2	-1
604	6	595.13	1	2	-1
604	6	736.9	1	2	-1
604	6	663.16	1	2	-1
604	6	857.03	1	2	-1
604	6	1275.5	1	2	-1
604	6	915.67	1	2	-1
604	6	1102.3	1	2	-1
604	6	570.38	1	2	-1
604	6	991.31	1	2	-1
604	6	744.4	1	2	-1
604	6	869	1	2	-1
604	6	737.05	1	2	-1
604	6	515.43	1	2	-1
604	6	878.95	1	2	-1
604	6	563.01	1	2	-1
604	6	588.2	1	2	-1
604	6	1451.6	0	2	-1
604	6	613.65	1	2	-1
604	6	644.39	1	2	-1
604	6	859.42	1	2	-1
604	6	764.26	1	2	-1
604	6	799.78	0	2	-1
604	6	665.44	1	2	-1
604	6	808.48	1	2	-1
604	6	2302.5	1	2	-1
604	6	718.92	1	2	-1
604	6	771.36	0	2	-1
604	6	1415.6	1	2	-1
604	6	1550.4	1	2	-1
604	6	641.3	1	2	-1
604	6	1301.7	1	2	-1
604	6	691.58	1	2	-1
604	6	1284.4	1	2	-1
604	6	736.57	1	2	-1
604	6	857.52	1	2	-1
604	6	738.45	1	2	-1
604	6	871.44	1	2	-1
604	6	498.12	1	2	-1
604	6	729.88	1	2	-1
604	6	629.82	1	2	-1
604	6	1258.2	0	2	-1
604	6	716.85	1	2	-1
604	6	543.4	1	2	-1
604	6	457.35	1	2	-1
604	6	1489.5	1	2	-1
604	6	750.99	1	2	-1
604	6	651.14	1	2	-1
604	6	681.63	1	2	-1
604	6	675.14	1	2	-1
604	6	762.97	1	2	-1
604	6	811.12	1	2	-1
604	6	826.38	1	2	-1
604	6	889.99	1	2	-1
604	6	840.51	1	2	-1
604	6	1601.2	1	2	-1
604	6	717.71	1	2	-1
604	6	729.81	1	2	-1
604	6	1089.3	1	2	-1
604	6	1623.4	1	2	-1
604	6	694.9	1	2	-1
604	6	759.61	1	2	-1
604	6	1384.6	0	2	-1
604	6	565.49	1	2	-1
604	6	607.5	1	2	-1
604	6	609.28	1	2	-1
604	6	1222.7	1	2	-1
604	6	823.73	1	2	-1
604	6	1894.1	0	2	-1
604	6	1293.4	1	2	-1
604	6	1483.8	1	2	-1
604	6	842.64	1	2	-1
604	6	626.42	1	2	-1
604	6	1471	1	2	-1
604	6	745.89	1	2	-1
604	6	890.54	1	2	-1
604	6	1866	1	2	-1
604	6	686.44	1	2	-1
604	6	890.93	1	2	-1
604	6	844.33	1	2	-1
604	6	605.52	1	2	-1
604	6	911.66	1	2	-1
604	6	806.64	1	2	-1
604	6	581.84	1	2	-1
604	6	2651.1	1	2	-1
604	6	1187.4	1	2	-1
604	6	891.57	1	2	-1
604	6	1409.3	1	2	-1
604	6	632.75	1	2	-1
604	6	789.89	0	2	-1
604	6	1331.3	0	2	-1
604	6	1216	1	2	-1
604	6	1974.7	1	2	-1
604	6	746.42	0	2	-1
604	6	1428	1	2	-1
604	6	757.52	1	2	-1
604	6	1189.3	1	2	-1
604	6	543.41	1	2	-1
604	6	847.07	1	2	-1
604	6	867.52	1	2	-1
604	6	653.29	1	2	-1
604	6	726.91	1	2	-1
604	6	1377.8	1	2	-1
604	6	749.78	1	2	-1
604	6	2477	1	2	-1
604	6	878.4	0	2	-1
604	6	710.99	1	2	-1
604	6	831.24	1	2	-1
604	6	1318	1	2	-1
604	6	805.29	1	2	-1
604	6	1185.9	0	2	-1
604	6	2148	1	2	-1
604	6	748.42	1	2	-1
604	6	815.68	1	2	-1
604	6	1536.8	1	2	-1
604	6	723.49	1	2	-1
604	6	552.65	1	2	-1
604	6	1178.2	1	2	-1
604	6	563.44	1	2	-1
604	6	839.46	1	2	-1
604	6	573.58	1	2	-1
604	6	1020.5	1	2	-1
604	6	728.21	1	2	-1
604	6	1144.4	1	2	-1
604	6	716.96	1	2	-1
604	6	741.56	1	2	-1
604	6	648.51	1	2	-1
604	6	655.01	1	2	-1
604	6	795.13	1	2	-1
604	6	582.44	0	2	-1
604	6	552.72	1	2	-1
604	6	589.47	1	2	-1
604	6	652.11	1	2	-1
604	6	711.2	1	2	-1
604	6	914.71	1	2	-1
604	6	765.85	1	2	-1
604	6	520	1	2	-1
604	6	643.8	1	2	-1
604	6	712.11	0	2	-1
604	6	873.19	1	2	-1
604	6	538.47	1	2	-1
604	6	662.85	1	2	-1
604	6	700.39	1	2	-1
604	6	773.41	1	2	-1
604	6	2633.6	1	2	-1
604	6	761.76	1	2	-1
604	6	589.81	1	2	-1
604	6	535.43	1	2	-1
604	6	788.77	1	2	-1
604	6	540.76	1	2	-1
604	6	525.75	1	2	-1
604	6	444.2	1	2	-1
604	6	592.31	1	2	-1
604	6	837.97	0	2	-1
604	6	1414.1	0	2	-1
604	6	1242.1	1	2	-1
604	6	634.46	1	2	-1
604	6	522.23	1	2	-1
604	6	577.29	1	2	-1
604	6	587.16	1	2	-1
604	6	696.98	1	2	-1
604	6	653.98	1	2	-1
604	6	1351.4	1	2	-1
604	6	625.39	1	2	-1
604	6	970.39	1	2	-1
604	6	836.14	1	2	-1
604	6	710.43	1	2	-1
604	6	647.76	1	2	-1
604	6	660	1	2	-1
604	6	617.65	1	2	-1
604	6	652.29	1	2	-1
604	6	602.24	1	2	-1
604	6	2051.4	1	2	-1
604	6	1090.4	0	2	-1
604	6	690.83	1	2	-1
604	6	712.02	1	2	-1
604	6	1052.6	1	2	-1
604	6	1545.3	1	2	-1
604	6	808.79	1	2	-1
604	6	1480.5	1	2	-1
604	6	945.58	1	2	-1
604	6	993.82	1	2	-1
604	6	572.96	0	2	-1
604	6	1494.9	1	2	-1
604	6	1468.2	1	2	-1
604	6	594.45	1	2	-1
604	6	977.9	1	2	-1
604	6	649.41	1	2	-1
604	6	666.92	1	2	-1
604	6	595.37	1	2	-1
604	6	1194.5	0	2	-1
604	6	491.5	1	2	-1
604	6	681.83	1	2	-1
604	6	1191.6	1	2	-1
604	6	1306	1	2	-1
604	6	661.88	1	2	-1
604	6	597.61	1	2	-1
604	6	677.65	1	2	-1
604	6	710	1	2	-1
604	6	613.55	1	2	-1
604	6	1190.2	1	2	-1
604	6	960.2	1	2	-1
604	6	1805.4	1	2	-1
604	6	682.94	1	2	-1
604	6	1766.8	1	2	-1
604	6	645.45	1	2	-1
604	6	550.97	1	2	-1
604	6	875.63	1	2	-1
604	6	641.68	1	2	-1
604	6	659.86	1	2	-1
604	6	709.37	1	2	-1
604	6	411.01	1	2	-1
604	6	531.63	1	2	-1
604	6	679.21	1	2	-1
604	6	557.33	1	2	-1
604	6	537.36	1	2	-1
604	6	568.92	1	2	-1
604	6	504.28	1	2	-1
604	6	1115.8	0	2	-1
604	6	644.1	1	2	-1
604	6	565.3	1	2	-1
604	6	805.06	1	2	-1
604	6	1124.3	1	2	-1
604	6	583.54	1	2	-1
604	6	960	0	2	-1
604	6	651.32	1	2	-1
604	6	573.63	1	2	-1
604	6	699.84	1	2	-1
604	6	822.15	0	2	-1
604	6	815.7	1	2	-1
604	6	855.04	1	2	-1
604	6	606.57	1	2	-1
604	6	555.73	1	2	-1
604	6	646.97	1	2	-1
604	6	1490.3	1	2	-1
604	6	801.26	1	2	-1
604	6	726.5	1	2	-1
604	6	608.19	1	2	-1
604	6	672.01	1	2	-1
604	6	616.75	1	2	-1
604	6	1019.3	1	2	-1
604	6	802.05	1	2	-1
604	6	608.09	1	2	-1
604	6	634.69	1	2	-1
604	6	828.78	1	2	-1
604	6	517.43	1	2	-1
604	6	705.87	1	2	-1
604	6	556.03	1	2	-1
604	6	532.69	1	2	-1
604	6	786.81	0	2	-1
604	6	984.67	1	2	-1
604	6	603.78	1	2	-1
604	6	1123	1	2	-1
604	6	572.19	1	2	-1
604	6	630.11	1	2	-1
604	6	872.49	1	2	-1
604	6	675.64	1	2	-1
604	6	518.57	1	2	-1
604	6	1501.8	0	2	-1
604	6	656.31	1	2	-1
604	6	683.38	0	2	-1
604	6	1474.3	1	2	-1
604	6	750.34	1	2	-1
604	6	813.28	0	2	-1
604	6	745.56	0	2	-1
604	6	1047.2	1	2	-1
604	6	694.31	1	2	-1
604	6	739.31	1	2	-1
604	6	1719.9	1	2	-1
604	6	565.14	1	1	-1
604	6	772.31	1	1	-1
604	6	781.09	1	1	-1
604	6	625.7	1	1	-1
604	6	624.36	1	1	-1
604	6	724.24	1	1	-1
604	6	629.94	1	1	-1
604	6	2880.4	0	1	-1
604	6	629.76	1	1	-1
604	6	688.43	1	1	-1
604	6	845.42	1	1	-1
604	6	2039.3	1	1	-1
604	6	614.85	1	1	-1
604	6	745.05	1	1	-1
604	6	802.39	1	1	-1
604	6	977.56	1	1	-1
604	6	891.46	1	1	-1
604	6	672.33	1	1	-1
604	6	1510.1	1	1	-1
604	6	855.1	1	1	-1
604	6	723.53	1	1	-1
604	6	2097.9	1	1	-1
604	6	996.34	1	1	-1
604	6	852.4	1	1	-1
604	6	1127.5	1	1	-1
604	6	1620	1	1	-1
604	6	575.8	1	1	-1
604	6	813.02	1	1	-1
604	6	642.62	1	1	-1
604	6	631.79	1	1	-1
604	6	658.84	0	1	-1
604	6	2732.8	1	1	-1
604	6	2217	1	1	-1
604	6	1074.7	1	1	-1
604	6	2429.4	1	1	-1
604	6	602.9	1	1	-1
604	6	916.73	1	1	-1
604	6	649.05	1	1	-1
604	6	647.13	1	1	-1
604	6	623.71	1	1	-1
604	6	906.09	1	1	-1
604	6	980.28	1	1	-1
604	6	1690	1	1	-1
604	6	764.33	1	1	-1
604	6	742.09	1	1	-1
604	6	728.09	1	1	-1
604	6	872	1	1	-1
604	6	694.4	1	1	-1
604	6	956.39	1	1	-1
604	6	808.37	1	1	-1
604	6	782.59	1	1	-1
604	6	576.48	1	1	-1
604	6	570.74	1	1	-1
604	6	607.26	1	1	-1
604	6	586.05	1	1	-1
604	6	768.82	1	1	-1
604	6	582.26	1	1	-1
604	6	637.67	1	1	-1
604	6	783.76	1	1	-1
604	6	671.35	1	1	-1
604	6	2093.4	1	1	-1
604	6	1171.6	1	1	-1
604	6	629.7	1	1	-1
604	6	721.18	1	1	-1
604	6	681.56	1	1	-1
604	6	1548.7	1	1	-1
604	6	617.31	1	1	-1
604	6	765.41	1	1	-1
604	6	575.45	1	1	-1
604	6	781.28	1	1	-1
604	6	569.52	1	1	-1
604	6	678.86	1	1	-1
604	6	593.42	1	1	-1
604	6	585.42	1	1	-1
604	6	576.31	1	1	-1
604	6	861.16	1	1	-1
604	6	1478.2	1	1	-1
604	6	737.41	1	1	-1
604	6	892.04	1	1	-1
604	6	870.16	1	1	-1
604	6	791.57	1	1	-1
604	6	728.91	0	1	-1
604	6	699.12	1	1	-1
604	6	994.08	1	1	-1
604	6	591.69	1	1	-1
604	6	626.36	1	1	-1
604	6	695.39	1	1	-1
604	6	606.51	1	1	-1
604	6	690.77	1	1	-1
604	6	732.82	1	1	-1
604	6	1383.2	0	1	-1
604	6	700.34	1	1	-1
604	6	733.2	1	1	-1
604	6	863.76	0	1	-1
604	6	847.89	1	1	-1
604	6	982.12	1	1	-1
604	6	1343.5	1	1	-1
604	6	681.73	1	1	-1
604	6	797.09	1	1	-1
604	6	1597.4	1	1	-1
604	6	766.94	1	1	-1
604	6	723.01	1	1	-1
604	6	1320.1	1	1	-1
604	6	644.43	1	1	-1
604	6	673.14	1	1	-1
604	6	1143.3	1	1	-1
604	6	599.1	1	1	-1
604	6	1267.6	1	1	-1
604	6	661.9	1	1	-1
604	6	632.52	1	1	-1
604	6	751.42	1	1	-1
604	6	662.74	1	1	-1
604	6	1133.6	1	1	-1
604	6	571.96	1	1	-1
604	6	1259.1	1	1	-1
604	6	711.23	1	1	-1
604	6	733.93	1	1	-1
604	6	833.45	1	1	-1
604	6	635.9	1	1	-1
604	6	681.68	1	1	-1
604	6	605.52	1	1	-1
604	6	641.47	1	1	-1
604	6	552.61	1	1	-1
604	6	883.5	1	1	-1
604	6	603.68	1	1	-1
604	6	662.02	1	1	-1
604	6	536.41	1	1	-1
604	6	582.44	1	1	-1
604	6	651.86	1	1	-1
604	6	676.79	1	1	-1
604	6	982.45	1	1	-1
604	6	752.3	1	1	-1
604	6	1287.6	0	1	-1
604	6	1014.2	1	1	-1
604	6	844.24	1	1	-1
604	6	722.44	1	1	-1
604	6	897.13	1	1	-1
604	6	869.37	1	1	-1
604	6	1438.2	1	1	-1
604	6	711.36	1	1	-1
604	6	674.89	1	1	-1
604	6	832.79	1	1	-1
604	6	647.09	1	1	-1
604	6	732.8	1	1	-1
604	6	754.81	1	1	-1
604	6	2010.2	1	1	-1
604	6	1129.9	0	1	-1
604	6	900.88	1	1	-1
604	6	437.36	1	1	-1
604	6	433.97	1	1	-1
604	6	753.75	1	1	-1
604	6	717.91	1	1	-1
604	6	1513.1	1	1	-1
604	6	651.43	1	1	-1
604	6	1658.1	1	1	-1
604	6	1511.1	1	1	-1
604	6	937.03	1	1	-1
604	6	647.33	1	1	-1
604	6	747.66	1	1	-1
604	6	646.6	1	1	-1
604	6	884.02	1	1	-1
604	6	658.34	1	1	-1
604	6	663.14	0	1	-1
604	6	712.82	1	1	-1
604	6	610.59	1	1	-1
604	6	839.73	1	1	-1
604	6	967.27	1	1	-1
604	6	867.85	1	1	-1
604	6	988.45	1	1	-1
604	6	683.41	1	1	-1
604	6	1805.6	1	1	-1
604	6	1153.3	0	1	-1
604	6	998.01	1	1	-1
604	6	1615.7	1	1	-1
604	6	1633.6	1	1	-1
604	6	1040.8	1	1	-1
604	6	637.08	1	1	-1
604	6	645.81	1	1	-1
604	6	1128.7	1	1	-1
604	6	860.35	1	1	-1
604	6	635.67	1	1	-1
604	6	654.95	1	1	-1
604	6	1242.2	1	1	-1
604	6	1729.6	1	1	-1
604	6	782.1	1	1	-1
604	6	722.06	1	1	-1
604	6	1338.3	1	1	-1
604	6	1103.6	1	1	-1
604	6	737.62	1	1	-1
604	6	1213	1	1	-1
604	6	1595.8	1	1	-1
604	6	623.4	1	1	-1
604	6	681.34	1	1	-1
604	6	738.03	1	1	-1
604	6	851.53	1	1	-1
604	6	617.17	1	1	-1
604	6	970.74	1	1	-1
604	6	636.45	1	1	-1
604	6	597.52	1	1	-1
604	6	692.94	1	1	-1
604	6	537.1	1	1	-1
604	6	796.53	1	1	-1
604	6	672.96	1	1	-1
604	6	612.95	1	1	-1
604	6	629.28	1	1	-1
604	6	1203.1	1	1	-1
604	6	2080.5	1	1	-1
604	6	665.57	1	1	-1
604	6	658.58	1	1	-1
604	6	560.89	1	1	-1
604	6	642.84	1	1	-1
604	6	1068.7	1	1	-1
604	6	826.73	1	1	-1
604	6	981.83	1	1	-1
604	6	747.57	1	1	-1
604	6	686.81	1	1	-1
604	6	582.27	1	1	-1
604	6	760.52	1	1	-1
604	6	745.89	1	1	-1
604	6	631.61	1	1	-1
604	6	802.01	1	1	-1
604	6	650.41	1	1	-1
604	6	628.37	1	1	-1
604	6	925.38	1	1	-1
604	6	656.89	1	1	-1
604	6	641.1	1	1	-1
604	6	607.55	1	1	-1
604	6	610.83	1	1	-1
604	6	1073.3	1	1	-1
604	6	549.85	1	1	-1
604	6	653.24	1	1	-1
604	6	527.38	1	1	-1
604	6	666.71	1	1	-1
604	6	495.88	1	1	-1
604	6	581.73	1	1	-1
604	6	1360.6	1	1	-1
604	6	567.47	1	1	-1
604	6	675.12	1	1	-1
604	6	514.25	1	1	-1
604	6	478.97	1	1	-1
604	6	655.39	1	1	-1
604	6	776.4	1	1	-1
604	6	698.62	1	1	-1
604	6	702.63	1	1	-1
604	6	781.94	1	1	-1
604	6	1004.8	1	1	-1
604	6	692.59	1	1	-1
604	6	1010.5	1	1	-1
604	6	624.28	1	1	-1
604	6	535.92	1	1	-1
604	6	631.63	1	1	-1
604	6	651.85	1	1	-1
604	6	1270.4	1	1	-1
604	6	668.29	1	1	-1
604	6	587.47	1	1	-1
604	6	516.25	1	1	-1
604	6	603.51	1	1	-1
604	6	719.44	1	1	-1
604	6	578.45	1	1	-1
604	6	876.47	1	1	-1
604	6	591.93	1	1	-1
604	6	500.15	1	1	-1
604	6	1045.3	0	1	-1
604	6	557.37	1	1	-1
604	6	756.93	1	1	-1
604	6	1066.3	1	1	-1
604	6	605.95	1	1	-1
604	6	1264.5	1	1	-1
604	6	610.93	1	1	-1
604	6	725.69	1	1	-1
604	6	1243	1	1	-1
604	6	503.63	1	1	-1
604	6	466.42	1	1	-1
604	6	574.88	1	1	-1
604	6	1249.5	1	1	-1
604	6	803.98	1	1	-1
604	6	867.18	1	1	-1
604	6	641.31	1	1	-1
604	6	590.79	1	1	-1
604	6	777.17	1	1	-1
604	6	527.82	1	1	-1
604	6	584.59	1	1	-1
604	6	999.92	1	1	-1
604	6	506.98	1	1	-1
604	6	822.15	1	1	-1
604	6	905.06	1	1	-1
604	6	712.51	1	1	-1
604	6	906.79	1	1	-1
604	6	694.77	1	1	-1
604	6	858.6	1	1	-1
604	6	920.79	1	1	-1
604	6	592.47	1	1	-1
604	6	899.8	1	1	-1
604	6	587.92	1	1	-1
604	6	560.41	1	1	-1
604	6	1530.1	1	1	-1
604	6	1060.4	1	1	-1
604	6	596.43	1	1	-1
604	6	577.58	1	1	-1
604	6	1445.3	1	1	-1
604	6	730.81	1	1	-1
604	6	1965.5	1	1	-1
604	6	611.42	1	1	-1
604	6	681.56	1	1	-1
604	6	500.94	1	1	-1
604	6	929.19	1	1	-1
604	6	639.61	1	1	-1
604	6	589.52	1	1	-1
604	6	1965.1	1	1	-1
604	6	627.91	1	1	-1
604	6	715.25	1	1	-1
604	6	1327.4	1	1	-1
604	6	520.1	1	1	-1
604	6	601.33	1	1	-1
604	6	510.19	1	1	-1
604	6	1608.9	1	1	-1
604	6	874.93	1	1	-1
604	6	1017.2	1	1	-1
604	6	679.17	1	1	-1
604	6	1485.5	1	1	-1
604	6	651.76	0	1	-1
604	6	906.12	1	1	-1
604	6	838.98	1	1	-1
604	6	813.9	1	1	-1
604	6	641.04	1	1	-1
604	6	700.01	1	1	-1
604	6	663.58	1	1	-1
604	6	1643.7	1	1	-1
604	6	550.57	1	1	-1
604	6	525.73	1	1	-1
604	6	594.22	1	1	-1
604	6	758.9	1	1	-1
604	6	665.96	1	1	-1
604	6	563.23	1	1	-1
604	6	695.97	1	1	-1
604	6	1216.9	1	1	-1
604	6	1247.2	1	1	-1
604	6	759.82	1	1	-1
604	6	739.42	1	1	-1
604	6	513.59	1	1	-1
604	6	537.98	1	1	-1
604	6	819.11	1	1	-1
604	6	1808.6	1	1	-1
604	6	700.21	1	1	-1
604	6	1145.9	1	1	-1
604	6	587.21	1	1	-1
604	6	567.59	1	1	-1
604	6	1066.8	1	1	-1
604	6	1006	1	1	-1
604	6	1036.6	1	1	-1
604	6	1097.6	1	-1	2
604	6	1089.8	1	-1	2
604	6	1379.3	1	-1	2
604	6	1221.9	1	-1	2
604	6	1200.2	1	-1	2
604	6	1287.9	1	-1	2
604	6	1207.6	1	-1	2
604	6	1125.6	1	-1	2
604	6	1084.1	1	-1	2
604	6	810.74	1	-1	2
604	6	1295.4	1	-1	2
604	6	1137.3	1	-1	2
604	6	1561.3	1	-1	2
604	6	903.69	1	-1	2
604	6	989.43	1	-1	2
604	6	893.83	1	-1	2
604	6	1072.7	1	-1	2
604	6	1060.7	1	-1	2
604	6	1143.4	1	-1	2
604	6	1245.1	1	-1	2
604	6	1633.8	1	-1	2
604	6	1096.1	1	-1	2
604	6	1332.1	1	-1	2
604	6	1681.5	1	-1	2
604	6	900.14	1	-1	2
604	6	1257.4	1	-1	2
604	6	907.27	1	-1	2
604	6	921.92	1	-1	2
604	6	881.77	1	-1	2
604	6	1688.5	1	-1	2
604	6	1274.2	1	-1	2
604	6	1381.9	1	-1	2
604	6	1298.9	1	-1	2
604	6	750.52	1	-1	2
604	6	867.41	1	-1	2
604	6	715.19	1	-1	2
604	6	1287.7	1	-1	2
604	6	1209.8	0	-1	2
604	6	1027.2	1	-1	2
604	6	1096.4	1	-1	2
604	6	1377.5	1	-1	2
604	6	936.71	1	-1	2
604	6	1421.5	1	-1	2
604	6	2421.6	1	-1	2
604	6	1856.6	1	-1	2
604	6	2510.8	1	-1	2
604	6	1697.4	1	-1	2
604	6	1437.7	1	-1	2
604	6	1222.5	1	-1	2
604	6	1174	1	-1	2
604	6	1225.2	1	-1	2
604	6	1309.5	1	-1	2
604	6	1017.4	1	-1	2
604	6	928.73	1	-1	2
604	6	1088.5	1	-1	2
604	6	1914.3	1	-1	2
604	6	1452.8	1	-1	2
604	6	2187.7	1	-1	2
604	6	1174.9	1	-1	2
604	6	1058	1	-1	2
604	6	1519.2	1	-1	2
604	6	1312	1	-1	2
604	6	1622.7	1	-1	2
604	6	2497.9	0	-1	2
604	6	1419	1	-1	2
604	6	1024.8	1	-1	2
604	6	1475.4	1	-1	2
604	6	1019.2	1	-1	2
604	6	1166.1	1	-1	2
604	6	684.58	1	-1	2
604	6	912.2	1	-1	2
604	6	1284.5	1	-1	2
604	6	961.66	1	-1	2
604	6	1545.3	0	-1	2
604	6	994.75	1	-1	2
604	6	923.01	1	-1	2
604	6	876.95	1	-1	2
604	6	1008.5	1	-1	2
604	6	758.56	0	-1	2
604	6	867.69	1	-1	2
604	6	1176.3	1	-1	2
604	6	1661.5	1	-1	2
604	6	1218.8	1	-1	2
604	6	1634.6	1	-1	2
604	6	1060.2	1	-1	2
604	6	1222.8	1	-1	2
604	6	882.29	1	-1	2
604	6	2387.3	1	-1	2
604	6	2106.6	1	-1	2
604	6	1418.1	1	-1	2
604	6	1146.4	1	-1	2
604	6	965.36	1	-1	2
604	6	2778.1	1	-1	2
604	6	1462.2	1	-1	2
604	6	1169.9	1	-1	2
604	6	1273.9	1	-1	2
604	6	2287.4	1	-1	2
604	6	979.98	1	-1	2
604	6	1988.8	1	-1	2
604	6	1015.4	1	-1	2
604	6	1219.4	1	-1	2
604	6	1218.8	1	-1	2
604	6	1174.1	1	-1	2
604	6	875.62	1	-1	2
604	6	1126.8	1	-1	2
604	6	1613	1	-1	2
604	6	887.12	1	-1	2
604	6	1356.1	1	-1	2
604	6	2000.6	1	-1	2
604	6	1075.1	0	-1	2
604	6	1234.1	1	-1	2
604	6	842.7	1	-1	2
604	6	1088.7	1	-1	2
604	6	1553.4	1	-1	2
604	6	763.33	1	-1	2
604	6	1120.9	1	-1	2
604	6	1147.9	0	-1	2
604	6	1816.7	1	-1	2
604	6	771.58	1	-1	2
604	6	873.12	1	-1	2
604	6	1281.4	1	-1	2
604	6	1303.2	1	-1	2
604	6	1093.1	1	-1	2
604	6	1183.7	1	-1	2
604	6	2399.1	1	-1	2
604	6	1926.6	1	-1	2
604	6	1349.7	1	-1	2
604	6	1755.4	1	-1	2
604	6	1171.1	1	-1	2
604	6	1110	1	-1	2
604	6	1257.6	1	-1	2
604	6	897.04	1	-1	2
604	6	809.33	1	-1	2
604	6	1601.8	1	-1	2
604	6	726.06	1	-1	2
604	6	1297.2	1	-1	2
604	6	1274.7	1	-1	2
604	6	1910.9	1	-1	2
604	6	812.53	1	-1	2
604	6	1245.5	1	-1	2
604	6	910.16	1	-1	2
604	6	1853.3	1	-1	2
604	6	2016.4	1	-1	2
604	6	1219.2	1	-1	2
604	6	1032.9	1	-1	2
604	6	887.59	0	-1	2
604	6	1467.8	1	-1	2
604	6	1071.9	1	-1	2
604	6	994.59	1	-1	2
604	6	1343.6	1	-1	2
604	6	1026.5	1	-1	2
604	6	2549.7	1	-1	2
604	6	664.29	1	-1	2
604	6	890.64	1	-1	2
604	6	2871.7	0	-1	2
604	6	942.26	1	-1	2
604	6	865.87	1	-1	2
604	6	1406.9	1	-1	2
604	6	1740.8	0	-1	2
604	6	1298.3	1	-1	2
604	6	818.05	1	-1	2
604	6	931.35	1	-1	2
604	6	1084.4	1	-1	2
604	6	692.18	1	-1	2
604	6	786.33	1	-1	2
604	6	802.79	1	-1	2
604	6	742.18	1	-1	2
604	6	836.6	1	-1	2
604	6	1740.8	1	-1	2
604	6	858.35	1	-1	2
604	6	1452.4	1	-1	2
604	6	908.03	1	-1	2
604	6	708.17	1	-1	2
604	6	887.37	1	-1	2
604	6	2492.1	0	-1	2
604	6	1437.1	1	-1	2
604	6	769.7	1	-1	2
604	6	1114.9	1	-1	2
604	6	971.15	1	-1	2
604	6	913.63	1	-1	2
604	6	922.27	1	-1	2
604	6	769.55	1	-1	2
604	6	907.99	1	-1	2
604	6	1456.1	1	-1	2
604	6	1342.8	1	-1	2
604	6	1676.6	1	-1	2
604	6	2326.9	1	-1	2
604	6	873.16	1	-1	2
604	6	884.23	1	-1	2
604	6	1797.1	1	-1	2
604	6	1053.9	1	-1	2
604	6	1174.9	1	-1	2
604	6	804.48	1	-1	2
604	6	1280.7	1	-1	2
604	6	1014.7	1	-1	2
604	6	992.89	1	-1	2
604	6	984.73	1	-1	2
604	6	866.49	1	-1	2
604	6	1495.5	1	-1	2
604	6	852.99	1	-1	2
604	6	1106.3	0	-1	2
604	6	953.66	1	-1	2
604	6	833.46	1	-1	2
604	6	1052.5	1	-1	2
604	6	786.86	1	-1	2
604	6	682.23	1	-1	2
604	6	755.33	1	-1	2
604	6	1271.4	1	-1	2
604	6	1153.8	1	-1	2
604	6	1060.4	1	-1	2
604	6	992.67	1	-1	2
604	6	2216.1	1	-1	2
604	6	1082	1	-1	2
604	6	852.41	0	-1	2
604	6	887.31	1	-1	2
604	6	1078.5	1	-1	2
604	6	981.15	1	-1	2
604	6	965.97	1	-1	2
604	6	759.68	1	-1	2
604	6	795.36	0	-1	2
604	6	1076.4	1	-1	2
604	6	846.28	1	-1	2
604	6	1136.5	1	-1	2
604	6	2924.4	1	-1	2
604	6	879.55	1	-1	2
604	6	1094.4	1	-1	2
604	6	1121.7	1	-1	2
604	6	1959.6	1	-1	2
604	6	763.19	0	-1	2
604	6	982.55	1	-1	2
604	6	1165.5	1	-1	2
604	6	671.51	1	-1	2
604	6	1334.1	1	-1	2
604	6	1043.6	1	-1	2
604	6	825.48	1	-1	2
604	6	1629.8	1	-1	2
604	6	2254.6	1	-1	2
604	6	714.88	0	-1	2
604	6	1623.8	1	-1	2
604	6	934.03	1	-1	2
604	6	790.35	1	-1	2
604	6	1216.4	1	-1	2
604	6	1102.2	1	-1	2
604	6	845.07	1	-1	2
604	6	627.84	0	-1	2
604	6	748.63	1	-1	2
604	6	675.5	1	-1	2
604	6	1715.6	1	-1	2
604	6	1190.4	1	-1	2
604	6	1266.9	1	-1	2
604	6	1254.9	1	-1	2
604	6	1119.3	1	-1	2
604	6	1412.6	1	-1	2
604	6	901.36	1	-1	2
604	6	2373.8	0	-1	2
604	6	798.88	1	-1	2
604	6	849.44	1	-1	2
604	6	737.77	1	-1	2
604	6	2042	1	-1	2
604	6	1015.6	1	-1	2
604	6	828.82	1	-1	2
604	6	839.25	1	-1	2
604	6	1806.1	1	-1	2
604	6	862.48	1	-1	2
604	6	1007.7	1	-1	2
604	6	709.16	1	-1	2
604	6	1448.7	1	-1	2
604	6	1257.5	1	-1	2
604	6	1543.1	0	-1	2
604	6	795.05	1	-1	2
604	6	973.41	1	-1	2
604	6	996.56	1	-1	2
604	6	1636.9	1	-1	2
604	6	1224	1	-1	2
604	6	916.35	1	-1	2
604	6	1241.1	1	-1	2
604	6	916.01	1	-1	2
604	6	1842.1	1	-1	2
604	6	1061.4	1	-1	2
604	6	705.29	1	-1	2
604	6	1132.6	1	-1	2
604	6	1337.3	1	-1	2
604	6	905.34	1	-1	2
604	6	886.09	1	-1	2
604	6	697.32	0	-1	2
604	6	991.34	1	-1	2
604	6	1114.3	1	-1	2
604	6	1131.9	1	-1	2
604	6	1628.9	1	-1	2
604	6	1010.9	1	-1	2
604	6	1211.4	1	-1	2
604	6	1731.3	1	-1	2
604	6	759.18	1	-1	2
604	6	860.36	1	-1	2
604	6	773.56	1	-1	2
604	6	1416.9	1	-1	2
604	6	830.71	1	-1	2
604	6	882.53	1	-1	2
604	6	929.47	1	-1	2
604	6	1611.5	1	-1	2
604	6	800.18	1	-1	2
604	6	1009.4	1	-1	2
604	6	942.81	1	-1	2
604	6	1013.9	1	-1	2
604	6	809.6	1	-1	2
604	6	1053.9	1	-1	2
604	6	1082.3	1	-1	2
604	6	1432.1	1	-1	2
604	6	869.35	1	-1	2
604	6	833.55	1	-1	2
604	6	889.38	1	-1	2
604	6	1361	1	-1	2
604	6	2709.7	1	-1	2
604	6	1709.1	1	-1	2
604	6	884.6	1	-1	2
604	6	889.77	1	-1	2
604	6	807.57	1	-1	2
604	6	663.98	1	-1	2
604	6	918.48	1	-1	2
604	6	889.09	1	-1	2
604	6	1300.6	1	-1	2
604	6	937.68	1	-1	2
604	6	763.46	1	-1	2
604	6	810.14	1	-1	2
604	6	909.94	1	-1	2
604	6	959.95	1	-1	2
604	6	871.48	1	-1	2
604	6	794.09	1	-1	2
604	6	837.25	1	-1	2
604	6	928.66	1	-1	2
604	6	865.2	1	-1	2
604	6	800.35	1	-1	2
604	6	792.31	1	-1	2
604	6	764.76	1	-1	2
604	6	755.26	1	-1	2
604	6	1695.1	1	-1	2
604	6	1593.6	1	-1	2
604	6	1083.6	1	-1	2
604	6	987.24	1	-1	2
604	6	736.61	1	-1	2
604	6	808.19	1	-1	2
604	6	1151.7	1	-1	2
604	6	747.5	1	-1	2
604	6	680.57	1	-1	2
604	6	1789.2	1	-1	2
604	6	828.31	1	-1	2
604	6	761.35	1	-1	2
604	6	752.69	1	-1	2
604	6	1087	1	-1	1
604	6	2060.7	1	-1	1
604	6	1499.6	1	-1	1
604	6	1494.7	1	-1	1
604	6	1162	1	-1	1
604	6	2493.4	0	-1	1
604	6	2569.4	0	-1	1
604	6	1639.3	1	-1	1
604	6	1324.9	1	-1	1
604	6	1041.2	1	-1	1
604	6	1165.4	1	-1	1
604	6	2037.7	1	-1	1
604	6	1735.8	1	-1	1
604	6	1414	1	-1	1
604	6	1432.4	1	-1	1
604	6	838.65	1	-1	1
604	6	2413.7	1	-1	1
604	6	1130.1	1	-1	1
604	6	1139.6	1	-1	1
604	6	1340.2	1	-1	1
604	6	1529.5	1	-1	1
604	6	1909.4	1	-1	1
604	6	1500.6	1	-1	1
604	6	1073.2	1	-1	1
604	6	1908.8	1	-1	1
604	6	653.48	1	-1	1
604	6	1069	1	-1	1
604	6	1267.6	1	-1	1
604	6	903.62	1	-1	1
604	6	1131.7	1	-1	1
604	6	1285.8	1	-1	1
604	6	1721.7	1	-1	1
604	6	905.09	1	-1	1
604	6	1269.2	1	-1	1
604	6	1500.1	1	-1	1
604	6	1170.5	1	-1	1
604	6	1054.4	1	-1	1
604	6	2623.5	1	-1	1
604	6	1421.4	1	-1	1
604	6	1246.7	1	-1	1
604	6	1315.7	1	-1	1
604	6	960.24	1	-1	1
604	6	1964.5	1	-1	1
604	6	1641.6	1	-1	1
604	6	2204.9	0	-1	1
604	6	1213	1	-1	1
604	6	2039.1	1	-1	1
604	6	1683.4	1	-1	1
604	6	1920.1	1	-1	1
604	6	3089.7	1	-1	1
604	6	1711.2	1	-1	1
604	6	1496.9	1	-1	1
604	6	1423.6	1	-1	1
604	6	1438.4	1	-1	1
604	6	1061.7	1	-1	1
604	6	1578.5	1	-1	1
604	6	1013.5	1	-1	1
604	6	1560.8	1	-1	1
604	6	1628.9	1	-1	1
604	6	1877.4	1	-1	1
604	6	1188.3	1	-1	1
604	6	660.15	1	-1	1
604	6	664.72	1	-1	1
604	6	1843.5	1	-1	1
604	6	2415.5	1	-1	1
604	6	969.97	1	-1	1
604	6	1194.5	1	-1	1
604	6	2475.1	1	-1	1
604	6	1567.7	1	-1	1
604	6	1392.6	1	-1	1
604	6	1078.8	1	-1	1
604	6	854.21	1	-1	1
604	6	2333.3	1	-1	1
604	6	1958.3	1	-1	1
604	6	979.15	1	-1	1
604	6	783.86	1	-1	1
604	6	1582.9	1	-1	1
604	6	2443.3	1	-1	1
604	6	1244.6	1	-1	1
604	6	859.11	1	-1	1
604	6	791.22	1	-1	1
604	6	1330.3	1	-1	1
604	6	1348.2	1	-1	1
604	6	1098.2	1	-1	1
604	6	1478.5	1	-1	1
604	6	1156.1	1	-1	1
604	6	884.37	1	-1	1
604	6	1028.4	1	-1	1
604	6	1089.8	1	-1	1
604	6	1524.4	1	-1	1
604	6	1056.6	1	-1	1
604	6	995.42	1	-1	1
604	6	1491.2	1	-1	1
604	6	1535.8	1	-1	1
604	6	1066.1	1	-1	1
604	6	2130.7	1	-1	1
604	6	2002.3	1	-1	1
604	6	968.79	1	-1	1
604	6	1067.1	1	-1	1
604	6	1433.1	1	-1	1
604	6	939.56	1	-1	1
604	6	989.86	1	-1	1
604	6	862.27	1	-1	1
604	6	1643.8	1	-1	1
604	6	1022.8	1	-1	1
604	6	1030.8	1	-1	1
604	6	2195.5	1	-1	1
604	6	1087.7	1	-1	1
604	6	793.88	1	-1	1
604	6	2220	1	-1	1
604	6	1763.8	1	-1	1
604	6	1922.3	1	-1	1
604	6	1179.6	1	-1	1
604	6	1371.6	1	-1	1
604	6	1174.8	1	-1	1
604	6	1138.8	1	-1	1
604	6	1020.7	1	-1	1
604	6	874.99	1	-1	1
604	6	1057.4	1	-1	1
604	6	1502.2	0	-1	1
604	6	1111.4	1	-1	1
604	6	1390	1	-1	1
604	6	2340.9	1	-1	1
604	6	676.41	1	-1	1
604	6	1038	1	-1	1
604	6	1016.3	1	-1	1
604	6	1935	1	-1	1
604	6	966.88	1	-1	1
604	6	1408.9	1	-1	1
604	6	1008.1	1	-1	1
604	6	1247.6	1	-1	1
604	6	1014.6	1	-1	1
604	6	2454.9	1	-1	1
604	6	2602.6	1	-1	1
604	6	1970.3	1	-1	1
604	6	2663.3	1	-1	1
604	6	1453.8	1	-1	1
604	6	2174.6	1	-1	1
604	6	887.56	1	-1	1
604	6	1516.2	1	-1	1
604	6	1720.7	1	-1	1
604	6	1394.5	0	-1	1
604	6	1223.9	1	-1	1
604	6	1990	1	-1	1
604	6	2363.9	1	-1	1
604	6	1329.6	1	-1	1
604	6	1760.4	1	-1	1
604	6	1595.9	1	-1	1
604	6	587.06	1	-1	1
604	6	1399.8	1	-1	1
604	6	2928.9	1	-1	1
604	6	2429.8	1	-1	1
604	6	890.98	1	-1	1
604	6	1782.3	1	-1	1
604	6	888.37	1	-1	1
604	6	1614.5	1	-1	1
604	6	2085.2	1	-1	1
604	6	951.06	1	-1	1
604	6	1154.4	1	-1	1
604	6	1822.8	1	-1	1
604	6	1041.2	1	-1	1
604	6	1423.9	1	-1	1
604	6	1108.3	1	-1	1
604	6	1633.7	1	-1	1
604	6	1836.9	1	-1	1
604	6	817.07	1	-1	1
604	6	983.05	1	-1	1
604	6	1851.3	1	-1	1
604	6	2184.2	1	-1	1
604	6	721.87	1	-1	1
604	6	919.48	1	-1	1
604	6	764.9	1	-1	1
604	6	2139	1	-1	1
604	6	845.24	1	-1	1
604	6	1309.1	1	-1	1
604	6	907.83	1	-1	1
604	6	1745.2	1	-1	1
604	6	2012.4	1	-1	1
604	6	1759	1	-1	1
604	6	1777	1	-1	1
604	6	1220.4	1	-1	1
604	6	947.65	1	-1	1
604	6	1052.1	1	-1	1
604	6	2713.7	1	-1	1
604	6	926	1	-1	1
604	6	940.36	1	-1	1
604	6	1610.8	1	-1	1
604	6	1651.6	1	-1	1
604	6	1482.1	1	-1	1
604	6	956.97	1	-1	1
604	6	1138.6	1	-1	1
604	6	2265.1	1	-1	1
604	6	1956.2	1	-1	1
604	6	1098.4	1	-1	1
604	6	1294.4	1	-1	1
604	6	920.55	1	-1	1
604	6	874.54	1	-1	1
604	6	2097	1	-1	1
604	6	785.98	1	-1	1
604	6	1876.7	0	-1	1
604	6	1392	1	-1	1
604	6	1655.6	0	-1	1
604	6	2077.9	1	-1	1
604	6	2065.4	1	-1	1
604	6	917.44	1	-1	1
604	6	922.07	1	-1	1
604	6	841.99	1	-1	1
604	6	904.02	1	-1	1
604	6	756.21	1	-1	1
604	6	857.63	1	-1	1
604	6	1372.1	1	-1	1
604	6	1160.2	1	-1	1
604	6	1185	1	-1	1
604	6	876.78	1	-1	1
604	6	1166.2	1	-1	1
604	6	1108.3	1	-1	1
604	6	920.94	1	-1	1
604	6	1096.7	1	-1	1
604	6	980.5	1	-1	1
604	6	2191.2	1	-1	1
604	6	1298.9	1	-1	1
604	6	1490.9	1	-1	1
604	6	2286.2	1	-1	1
604	6	978.28	1	-1	1
604	6	1503.6	1	-1	1
604	6	2024.8	1	-1	1
604	6	726.34	1	-1	1
604	6	2380.1	1	-1	1
604	6	1956.6	1	-1	1
604	6	1421.9	1	-1	1
604	6	1577.5	1	-1	1
604	6	862.81	1	-1	1
604	6	1803.8	1	-1	1
604	6	1538.3	1	-1	1
604	6	1723.6	1	-1	1
604	6	762.55	1	-1	1
604	6	1792.6	1	-1	1
604	6	2442.4	1	-1	1
604	6	1036.2	1	-1	1
604	6	1130.9	1	-1	1
604	6	964.01	1	-1	1
604	6	1443	1	-1	1
604	6	1011.2	1	-1	1
604	6	1134.5	1	-1	1
604	6	1018.5	1	-1	1
604	6	734.41	1	-1	1
604	6	1093.2	1	-1	1
604	6	1104.6	1	-1	1
604	6	1139.5	1	-1	1
604	6	987.94	1	-1	1
604	6	678.89	1	-1	1
604	6	1454.9	1	-1	1
604	6	1093.3	1	-1	1
604	6	1113.2	1	-1	1
604	6	921.3	1	-1	1
604	6	1326.8	1	-1	1
604	6	2000.5	1	-1	1
604	6	1776.3	1	-1	1
604	6	1644.6	0	-1	1
604	6	1111.4	1	-1	1
604	6	785.69	1	-1	1
604	6	1469.8	1	-1	1
604	6	1239.4	1	-1	1
604	6	1251.3	1	-1	1
604	6	1130	1	-1	1
604	6	1534.4	1	-1	1
604	6	1703.4	1	-1	1
604	6	1552.1	1	-1	1
604	6	1525.6	1	-1	1
604	6	1660	1	-1	1
604	6	1618.8	1	-1	1
604	6	889.88	1	-1	1
604	6	1446.9	1	-1	1
604	6	3197	1	-1	1
604	6	1677.6	1	-1	1
604	6	1714.9	1	-1	1
604	6	1501.1	1	-1	1
604	6	1186.2	1	-1	1
604	6	1367.3	1	-1	1
604	6	1370.3	1	-1	1
604	6	1413.9	1	-1	1
604	6	962.9	1	-1	1
604	6	1947.6	1	-1	1
604	6	1423.7	1	-1	1
604	6	982.88	1	-1	1
604	6	1551.2	1	-1	1
604	6	1257.3	1	-1	1
604	6	1342.4	1	-1	1
604	6	1479.8	1	-1	1
604	6	2273	1	-1	1
604	6	1540.6	0	-1	1
604	6	997.93	1	-1	1
604	6	1031.4	1	-1	1
604	6	923.08	1	-1	1
604	6	913.68	1	-1	1
604	6	1397.5	0	-1	1
604	6	976.46	0	-1	1
604	6	964.86	1	-1	1
604	6	1080.5	1	-1	1
604	6	884.59	1	-1	1
604	6	1260.5	1	-1	1
604	6	874.39	1	-1	1
604	6	1205.9	1	-1	1
604	6	902.25	1	-1	1
604	6	1991.9	0	-1	1
604	6	793.55	1	-1	1
604	6	794.08	1	-1	1
604	6	926.29	1	-1	1
604	6	1018.3	1	-1	1
604	6	1301.1	1	-1	1
604	6	941.38	1	-1	1
604	6	903.59	1	-1	1
604	6	935.32	1	-1	1
604	6	955.65	1	-1	1
604	6	1526.5	1	-1	1
604	6	1520.4	1	-1	1
604	6	687.92	1	-1	1
604	6	1027.7	1	-1	1
604	6	626.27	1	-1	1
604	6	711.46	1	-1	1
604	6	765.35	1	-1	1
604	6	1478.6	1	-1	1
604	6	2050.5	1	-1	1
604	6	2011.5	1	-1	1
604	6	826.88	1	-1	1
604	6	1025.9	1	-1	1
604	6	881.23	1	-1	1
604	6	1424.3	1	-1	1
604	6	1470.9	1	-1	1
604	6	1929.9	1	-1	1
604	6	1346.1	1	-1	1
604	6	1692.9	1	-1	1
604	6	976.16	1	-1	1
604	6	1611.8	1	-1	1
604	6	938.19	1	-1	1
604	6	1518.2	1	-1	1
604	6	1292.6	1	-1	1
604	6	1157	1	-1	1
604	6	947.47	1	-1	1
604	6	1005.9	1	-1	1
604	6	1605.4	1	-1	1
604	6	1655.8	1	-1	1
604	6	803.67	1	-1	1
604	6	1872.5	1	-1	1
604	6	1407.5	1	-1	1
604	6	1279.9	1	-1	1
604	6	724.62	1	-1	1
604	6	669.25	1	-1	1
604	6	746.07	1	-1	1
604	6	743.7	1	-1	-1
604	6	612.63	1	-1	-1
604	6	584.34	1	-1	-1
604	6	800.52	1	-1	-1
604	6	569.12	1	-1	-1
604	6	660.04	1	-1	-1
604	6	606.2	1	-1	-1
604	6	802.82	1	-1	-1
604	6	620.84	1	-1	-1
604	6	1252.7	1	-1	-1
604	6	796.95	1	-1	-1
604	6	683.39	1	-1	-1
604	6	765.08	1	-1	-1
604	6	820.06	1	-1	-1
604	6	1220.9	1	-1	-1
604	6	2294.8	1	-1	-1
604	6	1256.1	1	-1	-1
604	6	977.1	1	-1	-1
604	6	631.72	1	-1	-1
604	6	819.08	1	-1	-1
604	6	894.07	1	-1	-1
604	6	657.69	1	-1	-1
604	6	589.23	1	-1	-1
604	6	623.56	1	-1	-1
604	6	635.43	1	-1	-1
604	6	608.43	1	-1	-1
604	6	938.96	1	-1	-1
604	6	1156.1	1	-1	-1
604	6	623.27	1	-1	-1
604	6	459.68	1	-1	-1
604	6	604.45	1	-1	-1
604	6	819.23	1	-1	-1
604	6	1433.4	1	-1	-1
604	6	640.46	1	-1	-1
604	6	611.64	1	-1	-1
604	6	964.6	1	-1	-1
604	6	687.41	1	-1	-1
604	6	599.17	1	-1	-1
604	6	826.56	1	-1	-1
604	6	924.28	1	-1	-1
604	6	862.18	1	-1	-1
604	6	698.67	1	-1	-1
604	6	1393.2	1	-1	-1
604	6	822.25	1	-1	-1
604	6	697.43	1	-1	-1
604	6	1285.2	1	-1	-1
604	6	748.51	1	-1	-1
604	6	931.13	1	-1	-1
604	6	711.4	1	-1	-1
604	6	1723.5	1	-1	-1
604	6	816.14	1	-1	-1
604	6	743.03	1	-1	-1
604	6	839.77	1	-1	-1
604	6	581.87	1	-1	-1
604	6	764	1	-1	-1
604	6	595.78	1	-1	-1
604	6	754.93	1	-1	-1
604	6	650.44	1	-1	-1
604	6	616.46	1	-1	-1
604	6	820.43	1	-1	-1
604	6	589.91	1	-1	-1
604	6	705.36	1	-1	-1
604	6	860.42	1	-1	-1
604	6	975.46	1	-1	-1
604	6	1040.3	1	-1	-1
604	6	945.41	1	-1	-1
604	6	687.43	1	-1	-1
604	6	541.08	1	-1	-1
604	6	549.83	1	-1	-1
604	6	581.93	1	-1	-1
604	6	847.52	1	-1	-1
604	6	797.55	1	-1	-1
604	6	529.26	1	-1	-1
604	6	628.67	1	-1	-1
604	6	2088.5	1	-1	-1
604	6	580.98	1	-1	-1
604	6	592.2	1	-1	-1
604	6	567.12	1	-1	-1
604	6	1068.5	1	-1	-1
604	6	534.95	1	-1	-1
604	6	903.57	1	-1	-1
604	6	1620.3	1	-1	-1
604	6	879.23	1	-1	-1
604	6	767.58	1	-1	-1
604	6	744.4	1	-1	-1
604	6	661.24	1	-1	-1
604	6	1161.5	1	-1	-1
604	6	691.23	1	-1	-1
604	6	632.35	1	-1	-1
604	6	803.77	1	-1	-1
604	6	879.46	1	-1	-1
604	6	694.52	1	-1	-1
604	6	860.32	1	-1	-1
604	6	845.16	1	-1	-1
604	6	2184.5	1	-1	-1
604	6	696.58	1	-1	-1
604	6	1695.1	1	-1	-1
604	6	738.81	1	-1	-1
604	6	776.91	1	-1	-1
604	6	1578.5	1	-1	-1
604	6	669.34	1	-1	-1
604	6	619.54	1	-1	-1
604	6	729.91	1	-1	-1
604	6	653.21	1	-1	-1
604	6	989.13	1	-1	-1
604	6	969.11	1	-1	-1
604	6	1228.9	1	-1	-1
604	6	736.16	1	-1	-1
604	6	591.26	1	-1	-1
604	6	642.32	1	-1	-1
604	6	755.52	1	-1	-1
604	6	653.48	1	-1	-1
604	6	680.23	1	-1	-1
604	6	1384.8	1	-1	-1
604	6	622.39	1	-1	-1
604	6	618.87	1	-1	-1
604	6	676.25	1	-1	-1
604	6	1355.9	1	-1	-1
604	6	740.06	1	-1	-1
604	6	1156.6	1	-1	-1
604	6	632.99	1	-1	-1
604	6	619.73	1	-1	-1
604	6	553.81	1	-1	-1
604	6	1162.8	1	-1	-1
604	6	787.95	1	-1	-1
604	6	639.74	1	-1	-1
604	6	561.33	1	-1	-1
604	6	999.87	1	-1	-1
604	6	717.32	1	-1	-1
604	6	679.13	1	-1	-1
604	6	804.21	1	-1	-1
604	6	818.7	1	-1	-1
604	6	967.85	1	-1	-1
604	6	1781.3	1	-1	-1
604	6	642.15	1	-1	-1
604	6	641.38	1	-1	-1
604	6	1121.9	1	-1	-1
604	6	771.3	1	-1	-1
604	6	632.83	1	-1	-1
604	6	1637.1	1	-1	-1
604	6	613.11	1	-1	-1
604	6	769.15	1	-1	-1
604	6	1251.5	1	-1	-1
604	6	612.75	1	-1	-1
604	6	1045.9	1	-1	-1
604	6	846.66	1	-1	-1
604	6	640.93	1	-1	-1
604	6	893.33	1	-1	-1
604	6	657.61	1	-1	-1
604	6	1130.9	1	-1	-1
604	6	722.75	1	-1	-1
604	6	708.99	1	-1	-1
604	6	751.4	1	-1	-1
604	6	1568.5	1	-1	-1
604	6	867.23	1	-1	-1
604	6	734.66	1	-1	-1
604	6	636.35	1	-1	-1
604	6	790.19	1	-1	-1
604	6	1075.2	1	-1	-1
604	6	632.83	1	-1	-1
604	6	827.94	1	-1	-1
604	6	725.01	1	-1	-1
604	6	701.14	1	-1	-1
604	6	556.44	1	-1	-1
604	6	682.17	1	-1	-1
604	6	1189.1	1	-1	-1
604	6	960.44	1	-1	-1
604	6	1574.2	1	-1	-1
604	6	1886.3	1	-1	-1
604	6	1234.2	1	-1	-1
604	6	941.3	1	-1	-1
604	6	714.75	1	-1	-1
604	6	698.45	1	-1	-1
604	6	746.72	1	-1	-1
604	6	680.57	1	-1	-1
604	6	753.52	1	-1	-1
604	6	894.65	1	-1	-1
604	6	827.74	1	-1	-1
604	6	775.09	1	-1	-1
604	6	746.77	1	-1	-1
604	6	671.03	1	-1	-1
604	6	640.18	1	-1	-1
604	6	625.68	1	-1	-1
604	6	1203.8	1	-1	-1
604	6	797.57	1	-1	-1
604	6	1354.1	1	-1	-1
604	6	981.48	1	-1	-1
604	6	680.53	1	-1	-1
604	6	731.94	1	-1	-1
604	6	871.24	1	-1	-1
604	6	744.91	1	-1	-1
604	6	580.6	1	-1	-1
604	6	1613	1	-1	-1
604	6	619.74	1	-1	-1
604	6	1463	1	-1	-1
604	6	809.63	1	-1	-1
604	6	525.22	1	-1	-1
604	6	858.06	1	-1	-1
604	6	808.74	1	-1	-1
604	6	636.23	1	-1	-1
604	6	911.89	1	-1	-1
604	6	545.74	1	-1	-1
604	6	667.83	1	-1	-1
604	6	736.2	1	-1	-1
604	6	592.78	1	-1	-1
604	6	836.27	1	-1	-1
604	6	649.29	1	-1	-1
604	6	737.53	1	-1	-1
604	6	765.75	1	-1	-1
604	6	541.57	1	-1	-1
604	6	568.73	1	-1	-1
604	6	617.85	1	-1	-1
604	6	604.66	1	-1	-1
604	6	1508.5	1	-1	-1
604	6	968.88	1	-1	-1
604	6	641.88	1	-1	-1
604	6	625.23	1	-1	-1
604	6	750.39	1	-1	-1
604	6	829.51	1	-1	-1
604	6	670.07	1	-1	-1
604	6	710.2	1	-1	-1
604	6	536.61	1	-1	-1
604	6	535.27	1	-1	-1
604	6	627.93	1	-1	-1
604	6	565.64	1	-1	-1
604	6	714.41	1	-1	-1
604	6	549.21	1	-1	-1
604	6	495.66	1	-1	-1
604	6	680.28	1	-1	-1
604	6	954.6	1	-1	-1
604	6	564.53	1	-1	-1
604	6	758.81	1	-1	-1
604	6	640.14	1	-1	-1
604	6	985.22	1	-1	-1
604	6	671.19	1	-1	-1
604	6	948.62	1	-1	-1
604	6	595	1	-1	-1
604	6	549.24	1	-1	-1
604	6	506.37	1	-1	-1
604	6	545.6	1	-1	-1
604	6	566.79	1	-1	-1
604	6	805.02	1	-1	-1
604	6	694.27	1	-1	-1
604	6	714.21	1	-1	-1
604	6	759.73	1	-1	-1
604	6	497.03	1	-1	-1
604	6	602.33	1	-1	-1
604	6	499.51	1	-1	-1
604	6	616.51	1	-1	-1
604	6	682.41	1	-1	-1
604	6	569.15	1	-1	-1
604	6	941.55	1	-1	-1
604	6	533.98	1	-1	-1
604	6	638.73	1	-1	-1
604	6	580.72	1	-1	-1
604	6	601.92	1	-1	-1
604	6	520.45	1	-1	-1
604	6	677.22	1	-1	-1
604	6	648.43	1	-1	-1
604	6	591.93	1	-1	-1
604	6	1286.1	1	-1	-1
604	6	563.03	1	-1	-1
604	6	994.03	1	-1	-1
604	6	1934.9	1	-1	-1
604	6	671.07	1	-1	-1
604	6	721.73	1	-1	-1
604	6	652.46	1	-1	-1
604	6	629.29	1	-1	-1
604	6	912.25	1	-1	-1
604	6	570.74	1	-1	-1
604	6	633.15	1	-1	-1
604	6	699.08	1	-1	-1
604	6	705.29	1	-1	-1
604	6	607.11	1	-1	-1
604	6	1506.9	1	-1	-1
604	6	676.72	1	-1	-1
604	6	1460.7	1	-1	-1
604	6	1003.4	1	-1	-1
604	6	920.23	1	-1	-1
604	6	628.45	1	-1	-1
604	6	709.45	1	-1	-1
604	6	534.52	1	-1	-1
604	6	560.44	1	-1	-1
604	6	619.97	1	-1	-1
604	6	660.31	1	-1	-1
604	6	576.95	1	-1	-1
604	6	633.8	1	-1	-1
604	6	929.13	1	-1	-1
604	6	770.86	1	-1	-1
604	6	754.8	1	-1	-1
604	6	620.31	1	-1	-1
604	6	667.06	1	-1	-1
604	6	632.22	1	-1	-1
604	6	606.86	1	-1	-1
604	6	561.49	1	-1	-1
604	6	699.79	1	-1	-1
604	6	550.96	1	-1	-1
604	6	455.68	1	-1	-1
604	6	525.26	1	-1	-1
604	6	629.13	1	-1	-1
604	6	801.8	1	-1	-1
604	6	759.24	1	-1	-1
604	6	729.6	1	-1	-1
604	6	600.94	1	-1	-1
604	6	710.59	1	-1	-1
604	6	695.99	1	-1	-1
604	6	528.22	1	-1	-1
604	6	624.66	1	-1	-1
604	6	658.96	1	-1	-1
604	6	570.09	1	-1	-1
604	6	644.14	1	-1	-1
604	6	1223.1	1	-1	-1
604	6	666.28	1	-1	-1
604	6	514.59	1	-1	-1
604	6	553.6	1	-1	-1
604	6	1249.7	1	-1	-1
604	6	709.66	1	-1	-1
604	6	879.4	1	-1	-1
604	6	1164.3	1	-1	-1
604	6	600.23	1	-1	-1
604	6	623.07	1	-1	-1
604	6	619.58	1	-1	-1
604	6	635.13	1	-1	-1
604	6	622.7	1	-1	-1
604	6	720.73	1	-1	-1
604	6	622.95	1	-1	-1
604	6	637.82	1	-1	-1
604	6	718.69	1	-1	-1
604	6	574.01	1	-1	-1
604	6	542.65	1	-1	-1
604	6	589.62	1	-1	-1
604	6	780.62	1	-1	-1
604	6	582.15	1	-1	-1
604	6	664.37	1	-1	-1
604	6	1050.1	1	-1	-1
604	6	607.97	1	-1	-1
604	6	534.18	1	-1	-1
604	6	544.66	1	-1	-1
604	6	832.45	1	-1	-1
604	6	539.58	1	-1	-1
604	6	724.95	1	-1	-1
604	6	738.15	1	-1	-1
604	6	894.13	1	-1	-1
604	6	611.76	1	-1	-1
604	6	513.42	1	-1	-1
604	6	546.9	1	-1	-1
604	6	567.63	1	-1	-1
604	6	732.93	1	-1	-1
604	6	510.44	1	-1	-1
604	6	750.87	1	-1	-1
