705	7	2605.7	1	2	2
705	7	1489.9	0	2	2
705	7	2994.3	1	2	2
705	7	2975.6	1	2	2
705	7	1357.1	1	2	2
705	7	2935.7	1	2	2
705	7	1668.1	1	2	2
705	7	2181.4	1	2	2
705	7	2991.8	1	2	2
705	7	1977.6	1	2	2
705	7	2373.7	1	2	2
705	7	1456.8	1	2	2
705	7	1552.8	1	2	2
705	7	1804.8	1	2	2
705	7	1213.1	1	2	2
705	7	1154.2	1	2	2
705	7	1923.1	1	2	2
705	7	1136.3	1	2	2
705	7	940.3	1	2	2
705	7	1191.7	1	2	2
705	7	1159.4	1	2	2
705	7	1198	1	2	2
705	7	1015.4	1	2	2
705	7	1030.1	1	2	2
705	7	951.54	1	2	2
705	7	874.12	1	2	2
705	7	1156.9	1	2	2
705	7	1132	1	2	2
705	7	1245.9	1	2	2
705	7	957.16	1	2	2
705	7	1083.3	1	2	2
705	7	1163.2	1	2	2
705	7	796.05	1	2	2
705	7	1075.2	1	2	2
705	7	769.2	1	2	2
705	7	1013.6	1	2	2
705	7	793.65	1	2	2
705	7	937.75	1	2	2
705	7	1829.2	1	2	2
705	7	1030.2	1	2	2
705	7	1408.7	1	2	2
705	7	839.21	1	2	2
705	7	802.76	1	2	2
705	7	950.15	1	2	2
705	7	815.16	1	2	2
705	7	804.68	1	2	2
705	7	1144.4	1	2	2
705	7	977.25	1	2	2
705	7	1305.1	1	2	2
705	7	743.75	1	2	2
705	7	1216.2	1	2	2
705	7	1378.6	1	2	2
705	7	934.45	1	2	2
705	7	1779.5	1	2	2
705	7	1086.3	1	2	2
705	7	1347	1	2	2
705	7	1584.3	1	2	2
705	7	1169.6	1	2	2
705	7	1589.6	1	2	2
705	7	882.16	1	2	2
705	7	966.76	1	2	2
705	7	894.69	1	2	2
705	7	857.56	1	2	2
705	7	2025.5	1	2	2
705	7	917.32	1	2	2
705	7	837.28	1	2	2
705	7	1158.6	1	2	2
705	7	815.3	1	2	2
705	7	1267.9	1	2	2
705	7	1372.8	1	2	2
705	7	1485.3	1	2	2
705	7	1015.9	1	2	2
705	7	729.09	1	2	2
705	7	1559.1	1	2	2
705	7	1381.8	1	2	2
705	7	946.2	1	2	2
705	7	1414.7	1	2	2
705	7	1133.2	1	2	2
705	7	962.31	1	2	2
705	7	910.83	1	2	2
705	7	881.46	1	2	2
705	7	816.69	1	2	2
705	7	871.2	1	2	2
705	7	900.39	1	2	2
705	7	954.83	1	2	2
705	7	885.24	1	2	2
705	7	854.33	1	2	2
705	7	876.47	1	2	2
705	7	813.34	1	2	2
705	7	1046.4	1	2	2
705	7	821.7	1	2	2
705	7	798.37	1	2	2
705	7	1056.6	1	2	2
705	7	922.19	1	2	2
705	7	1828.7	1	2	2
705	7	984.66	1	2	2
705	7	1164.6	1	2	2
705	7	1786.4	1	2	2
705	7	1151.8	1	2	2
705	7	1073	1	2	2
705	7	941.35	1	2	2
705	7	858.12	1	2	2
705	7	568.65	1	2	2
705	7	1430.1	1	2	2
705	7	1142.4	1	2	2
705	7	769.98	1	2	2
705	7	1268.3	1	2	2
705	7	1018.3	1	2	2
705	7	958.47	1	2	2
705	7	934.33	1	2	2
705	7	734.5	1	2	2
705	7	1066	1	2	2
705	7	784.56	1	2	2
705	7	1098.6	1	2	2
705	7	1297.6	1	2	2
705	7	752.98	1	2	2
705	7	1313.1	1	2	2
705	7	816.62	1	2	2
705	7	870.02	1	2	2
705	7	772.07	1	2	2
705	7	940.56	1	2	2
705	7	889.11	1	2	2
705	7	861.81	1	2	2
705	7	1406.5	1	2	2
705	7	727.83	1	2	2
705	7	1180.3	1	2	2
705	7	817.54	1	2	2
705	7	1104.9	1	2	2
705	7	782.08	1	2	2
705	7	1379.5	1	2	2
705	7	828	1	2	2
705	7	1481.6	1	2	2
705	7	1072	1	2	2
705	7	919.53	1	2	2
705	7	1100.1	1	2	2
705	7	851.45	1	2	2
705	7	682.48	1	2	2
705	7	791.52	1	2	2
705	7	1274.9	1	2	2
705	7	1003.8	1	2	2
705	7	881.47	1	2	2
705	7	1121.7	1	2	2
705	7	1400	1	2	2
705	7	785.93	1	2	2
705	7	788.04	1	2	2
705	7	1375.9	1	2	2
705	7	1032.2	1	2	2
705	7	974.19	1	2	2
705	7	1004.4	1	2	2
705	7	754.96	1	2	2
705	7	613.17	1	2	2
705	7	1091.3	1	2	2
705	7	560.93	1	2	2
705	7	843.56	1	2	2
705	7	3959.1	1	2	2
705	7	1257.3	1	2	2
705	7	795.97	1	2	2
705	7	674.38	1	2	2
705	7	911.24	1	2	2
705	7	1063.4	1	2	2
705	7	604.49	1	2	2
705	7	919.83	1	2	2
705	7	842.6	1	2	2
705	7	591.95	1	2	2
705	7	837.64	1	2	2
705	7	838.07	1	2	2
705	7	1150.1	1	2	2
705	7	700.57	1	2	2
705	7	721.34	1	2	2
705	7	771.27	1	2	2
705	7	1128.5	1	2	2
705	7	1072.6	1	2	2
705	7	686.5	1	2	2
705	7	860.84	1	2	2
705	7	689.98	1	2	2
705	7	725.5	1	2	2
705	7	635.43	1	2	2
705	7	1154.5	1	2	2
705	7	724.52	1	2	2
705	7	687.92	1	2	2
705	7	936.55	1	2	2
705	7	780.73	1	2	2
705	7	796.4	1	2	2
705	7	740.71	1	2	2
705	7	766.89	1	2	2
705	7	752.54	1	2	2
705	7	789.56	1	2	2
705	7	871.83	1	2	2
705	7	1167.1	1	2	2
705	7	1339.4	1	2	2
705	7	2308.9	1	2	2
705	7	1902.1	1	2	2
705	7	1817.6	1	2	2
705	7	1218.8	1	2	2
705	7	1339	1	2	2
705	7	857.73	1	2	2
705	7	741.11	1	2	2
705	7	1380.1	1	2	2
705	7	940.22	1	2	2
705	7	985.7	1	2	2
705	7	626.87	1	2	2
705	7	611.57	1	2	2
705	7	917.95	1	2	2
705	7	820.67	1	2	2
705	7	723.63	1	2	2
705	7	1154.6	1	2	2
705	7	711.58	1	2	2
705	7	811.04	1	2	2
705	7	756.23	1	2	2
705	7	1016.2	1	2	2
705	7	652.09	1	2	2
705	7	975.25	1	2	2
705	7	708.79	1	2	2
705	7	719.89	1	2	2
705	7	1258.8	1	2	2
705	7	954.36	1	2	2
705	7	702.24	1	2	2
705	7	666.92	1	2	2
705	7	717.73	1	2	2
705	7	1490.4	1	2	2
705	7	733.8	1	2	2
705	7	1341	1	2	2
705	7	777.92	1	2	2
705	7	719.85	1	2	2
705	7	894	1	2	2
705	7	1209.7	1	2	2
705	7	834.46	1	2	2
705	7	792.21	1	2	2
705	7	1162.6	1	2	2
705	7	723.99	1	2	2
705	7	1993.3	1	2	2
705	7	1052.8	1	2	2
705	7	731.32	1	2	2
705	7	688.39	1	2	2
705	7	914.24	1	2	2
705	7	755.49	1	2	2
705	7	837.98	1	2	2
705	7	854.56	1	2	2
705	7	955.19	1	2	2
705	7	864.88	1	2	2
705	7	991.85	1	2	2
705	7	730.9	1	2	2
705	7	829.41	1	2	2
705	7	905.38	1	2	2
705	7	1018.2	1	2	2
705	7	830.4	1	2	2
705	7	1365.7	1	2	2
705	7	851.96	1	2	2
705	7	899.73	1	2	2
705	7	586.67	1	2	2
705	7	697.94	1	2	2
705	7	657.13	1	2	2
705	7	816.36	1	2	2
705	7	797.29	1	2	2
705	7	1724.5	1	2	2
705	7	1261.1	1	2	2
705	7	945.13	1	2	2
705	7	958.91	1	2	2
705	7	757.31	1	2	2
705	7	1494.4	1	2	2
705	7	771.76	1	2	2
705	7	727.87	1	2	2
705	7	836.97	1	2	2
705	7	759.28	1	2	2
705	7	740.2	1	2	2
705	7	939.32	1	2	2
705	7	983.9	1	2	2
705	7	1285.1	1	2	2
705	7	874.36	1	2	2
705	7	1046.5	1	2	2
705	7	725.52	1	2	2
705	7	758.65	1	2	2
705	7	587.76	1	2	2
705	7	990.77	1	2	2
705	7	687.72	1	2	2
705	7	702.57	1	2	2
705	7	820.37	1	2	2
705	7	713.52	1	2	2
705	7	1839.4	1	2	2
705	7	1291.7	1	2	2
705	7	705.05	1	2	2
705	7	696.91	1	2	2
705	7	1988.2	1	2	2
705	7	651.83	1	2	2
705	7	732.62	1	2	2
705	7	672.07	1	2	2
705	7	1316.4	1	2	2
705	7	2750.5	1	2	2
705	7	1298.9	1	2	2
705	7	707.15	1	2	2
705	7	769.01	1	2	2
705	7	859.19	1	2	2
705	7	865.66	1	2	2
705	7	918.73	1	2	2
705	7	1286.4	1	2	2
705	7	2729.2	1	2	2
705	7	2002.2	1	2	2
705	7	978.04	1	2	2
705	7	614.8	1	2	2
705	7	911.44	1	2	2
705	7	762.03	1	2	2
705	7	1583	1	2	2
705	7	1070.2	1	2	2
705	7	936.56	1	2	2
705	7	912.01	1	2	2
705	7	1315.3	1	2	2
705	7	1342.8	1	2	2
705	7	805.84	1	2	2
705	7	1836.8	1	2	2
705	7	2150.5	1	2	2
705	7	719.01	1	2	2
705	7	1586.8	1	2	2
705	7	2293.1	1	2	2
705	7	774.31	1	2	2
705	7	2495.4	1	2	2
705	7	784.43	1	2	2
705	7	596.39	1	2	2
705	7	1962.9	1	2	2
705	7	2232.5	1	2	2
705	7	2449.3	1	2	2
705	7	1956.9	1	2	2
705	7	3424.4	1	2	2
705	7	1576.8	1	2	2
705	7	2212	1	2	2
705	7	1572	1	2	2
705	7	1584.9	1	2	2
705	7	1029	1	2	2
705	7	2011	1	2	2
705	7	903.44	1	2	2
705	7	1971.7	1	2	2
705	7	1634.1	1	2	2
705	7	1325.5	1	2	2
705	7	1844.2	1	2	2
705	7	908.59	1	2	2
705	7	1754.9	1	2	2
705	7	2308.4	1	2	2
705	7	1129.4	1	2	2
705	7	1174.6	1	2	2
705	7	779.53	1	2	2
705	7	948.27	1	2	2
705	7	1231.1	1	2	2
705	7	1253.3	1	2	2
705	7	1248	1	2	2
705	7	1841.9	1	2	2
705	7	801.37	1	2	2
705	7	771.07	1	2	2
705	7	2409.7	1	2	2
705	7	1122.4	1	2	2
705	7	868.59	1	2	2
705	7	2078.8	1	2	1
705	7	2353.6	1	2	1
705	7	2078.5	1	2	1
705	7	2342.1	1	2	1
705	7	3654.4	0	2	1
705	7	1866.3	0	2	1
705	7	2015.9	1	2	1
705	7	2130.1	1	2	1
705	7	2618.9	1	2	1
705	7	1566.9	0	2	1
705	7	2267	0	2	1
705	7	2190.2	1	2	1
705	7	2116.9	1	2	1
705	7	1496.6	1	2	1
705	7	1501.7	0	2	1
705	7	1371.7	1	2	1
705	7	1899.4	1	2	1
705	7	1571.3	0	2	1
705	7	1368.7	1	2	1
705	7	1642.9	1	2	1
705	7	955.01	0	2	1
705	7	1460.7	1	2	1
705	7	1612.3	1	2	1
705	7	1245	1	2	1
705	7	1753.7	1	2	1
705	7	1343	1	2	1
705	7	1024.2	1	2	1
705	7	815.94	0	2	1
705	7	2539.5	1	2	1
705	7	1104.4	1	2	1
705	7	1001.7	1	2	1
705	7	1232.8	1	2	1
705	7	1185.4	1	2	1
705	7	1227	1	2	1
705	7	862.35	1	2	1
705	7	1478.2	1	2	1
705	7	1435	1	2	1
705	7	1138.7	1	2	1
705	7	993.57	1	2	1
705	7	2007	1	2	1
705	7	692.8	0	2	1
705	7	1430.5	1	2	1
705	7	971.55	1	2	1
705	7	1320.9	1	2	1
705	7	853.19	1	2	1
705	7	927.95	1	2	1
705	7	1519.7	0	2	1
705	7	1118.8	0	2	1
705	7	1230.1	1	2	1
705	7	1138.9	1	2	1
705	7	984.35	1	2	1
705	7	925.94	1	2	1
705	7	1870.2	1	2	1
705	7	1742.8	1	2	1
705	7	1315.7	1	2	1
705	7	1800.9	1	2	1
705	7	1140.3	0	2	1
705	7	1582.8	1	2	1
705	7	1338.4	0	2	1
705	7	1068.2	1	2	1
705	7	1427	0	2	1
705	7	1319.1	1	2	1
705	7	976.81	0	2	1
705	7	1839.4	1	2	1
705	7	1006.4	1	2	1
705	7	1643.7	1	2	1
705	7	811.16	1	2	1
705	7	884.58	1	2	1
705	7	2186.8	1	2	1
705	7	1211.4	1	2	1
705	7	701.62	1	2	1
705	7	1210.3	1	2	1
705	7	1165.4	1	2	1
705	7	792.21	0	2	1
705	7	1404.2	1	2	1
705	7	1760.5	1	2	1
705	7	1326.6	1	2	1
705	7	1003	1	2	1
705	7	889	1	2	1
705	7	2476.3	1	2	1
705	7	1111.5	1	2	1
705	7	993.15	1	2	1
705	7	1146.2	1	2	1
705	7	2536.3	1	2	1
705	7	1735.2	1	2	1
705	7	1542.1	1	2	1
705	7	1092	1	2	1
705	7	974.38	1	2	1
705	7	834.78	1	2	1
705	7	868.86	1	2	1
705	7	888.59	1	2	1
705	7	960.28	1	2	1
705	7	1405.2	1	2	1
705	7	1419.9	1	2	1
705	7	946.9	1	2	1
705	7	1469.9	1	2	1
705	7	2175.3	1	2	1
705	7	1062.3	1	2	1
705	7	793	1	2	1
705	7	696.61	1	2	1
705	7	894.78	1	2	1
705	7	847.14	1	2	1
705	7	978.79	1	2	1
705	7	1262.6	1	2	1
705	7	1255.1	1	2	1
705	7	1216.7	1	2	1
705	7	1436.1	1	2	1
705	7	760.56	1	2	1
705	7	809.93	1	2	1
705	7	990.44	1	2	1
705	7	988.05	1	2	1
705	7	1248.5	1	2	1
705	7	1041.6	1	2	1
705	7	1305.7	1	2	1
705	7	915.26	1	2	1
705	7	1117.2	1	2	1
705	7	1528.4	1	2	1
705	7	867.25	1	2	1
705	7	1045.6	1	2	1
705	7	871.66	1	2	1
705	7	978.11	1	2	1
705	7	1071.2	1	2	1
705	7	775.59	1	2	1
705	7	996.48	1	2	1
705	7	910.91	1	2	1
705	7	1225.4	1	2	1
705	7	1191.4	1	2	1
705	7	1136.5	1	2	1
705	7	1346	1	2	1
705	7	1235.3	1	2	1
705	7	889.66	1	2	1
705	7	863.96	1	2	1
705	7	1044.7	1	2	1
705	7	567.91	1	2	1
705	7	1089.5	1	2	1
705	7	1275.3	1	2	1
705	7	975.34	1	2	1
705	7	1219.5	1	2	1
705	7	825.61	1	2	1
705	7	1344.5	1	2	1
705	7	1544.5	0	2	1
705	7	1184.5	1	2	1
705	7	866.05	1	2	1
705	7	1148.9	1	2	1
705	7	1196.5	1	2	1
705	7	1776.2	1	2	1
705	7	1081.1	0	2	1
705	7	1040.4	1	2	1
705	7	1543.4	1	2	1
705	7	790.03	1	2	1
705	7	1171.4	1	2	1
705	7	935.47	0	2	1
705	7	1036.9	1	2	1
705	7	1550.9	1	2	1
705	7	1120.5	1	2	1
705	7	815.79	1	2	1
705	7	814.2	1	2	1
705	7	799.88	1	2	1
705	7	1546	1	2	1
705	7	994.05	1	2	1
705	7	814.58	1	2	1
705	7	914.79	0	2	1
705	7	1030	1	2	1
705	7	812.7	1	2	1
705	7	2125.7	1	2	1
705	7	1341.5	1	2	1
705	7	1268.1	0	2	1
705	7	1800.3	1	2	1
705	7	1278.5	1	2	1
705	7	1406	1	2	1
705	7	707.69	1	2	1
705	7	483.51	0	2	1
705	7	968.93	1	2	1
705	7	926.19	1	2	1
705	7	2432.9	0	2	1
705	7	1233.2	1	2	1
705	7	788.32	1	2	1
705	7	1834.1	1	2	1
705	7	996.37	1	2	1
705	7	508.85	0	2	1
705	7	972.59	0	2	1
705	7	1106.3	1	2	1
705	7	566.87	0	2	1
705	7	1260.8	1	2	1
705	7	1077.3	1	2	1
705	7	1487.5	1	2	1
705	7	2387.6	1	2	1
705	7	918.06	1	2	1
705	7	1608.3	1	2	1
705	7	1412.8	1	2	1
705	7	2437.4	1	2	1
705	7	1143.5	1	2	1
705	7	819.26	1	2	1
705	7	1677.1	0	2	1
705	7	1241.9	1	2	1
705	7	941.98	1	2	1
705	7	976.08	1	2	1
705	7	1227.1	1	2	1
705	7	1193.9	1	2	1
705	7	810.45	1	2	1
705	7	1080.7	1	2	1
705	7	793.42	1	2	1
705	7	1156.9	1	2	1
705	7	848.87	1	2	1
705	7	1086.9	1	2	1
705	7	764.23	1	2	1
705	7	728.98	1	2	1
705	7	1328	1	2	1
705	7	849.21	1	2	1
705	7	1268.2	0	2	1
705	7	741.66	1	2	1
705	7	1590.8	1	2	1
705	7	817.77	1	2	1
705	7	956.54	1	2	1
705	7	2594.1	1	2	1
705	7	1371.5	1	2	1
705	7	764.43	1	2	1
705	7	699.03	1	2	1
705	7	969.77	1	2	1
705	7	1104.7	1	2	1
705	7	1087.3	1	2	1
705	7	815.13	1	2	1
705	7	780.29	1	2	1
705	7	857.17	1	2	1
705	7	1430.5	1	2	1
705	7	983.95	1	2	1
705	7	2587.5	1	2	1
705	7	2976.7	0	2	1
705	7	913.55	1	2	1
705	7	1204.4	1	2	1
705	7	1771.1	1	2	1
705	7	1276.8	0	2	1
705	7	1209.6	1	2	1
705	7	919.97	1	2	1
705	7	2377.5	1	2	1
705	7	870.63	1	2	1
705	7	882.61	1	2	1
705	7	880.14	1	2	1
705	7	696.47	1	2	1
705	7	915.08	1	2	1
705	7	794.83	1	2	1
705	7	930.35	1	2	1
705	7	923.87	1	2	1
705	7	694.27	1	2	1
705	7	1854.1	1	2	1
705	7	1495.7	1	2	1
705	7	696.17	1	2	1
705	7	778.13	0	2	1
705	7	1346.1	1	2	1
705	7	785.21	1	2	1
705	7	850.72	1	2	1
705	7	895.78	1	2	1
705	7	882.52	0	2	1
705	7	1427.1	1	2	1
705	7	1697.9	1	2	1
705	7	1453.2	1	2	1
705	7	1315.9	1	2	1
705	7	713.85	1	2	1
705	7	801.31	1	2	1
705	7	973.62	1	2	1
705	7	747.43	1	2	1
705	7	837.64	1	2	1
705	7	1285	1	2	1
705	7	2030.8	1	2	1
705	7	1067.6	1	2	1
705	7	1496.6	1	2	1
705	7	952.45	1	2	1
705	7	1428	1	2	1
705	7	766.32	1	2	1
705	7	751.69	1	2	1
705	7	933.07	1	2	1
705	7	1291.1	1	2	1
705	7	922.46	1	2	1
705	7	1658.5	1	2	1
705	7	877.47	1	2	1
705	7	699.48	1	2	1
705	7	1092.6	1	2	1
705	7	792.83	1	2	1
705	7	673.6	1	2	1
705	7	805.49	1	2	1
705	7	1189.6	0	2	1
705	7	832.19	1	2	1
705	7	1283.8	0	2	1
705	7	1726.7	0	2	1
705	7	813.54	1	2	1
705	7	1042.1	0	2	1
705	7	2420.7	1	2	1
705	7	1315.3	1	2	1
705	7	1894.3	1	2	1
705	7	869.45	1	2	1
705	7	804.48	1	2	1
705	7	868.13	1	2	1
705	7	768	0	2	1
705	7	3214	1	2	1
705	7	1707.8	1	2	1
705	7	1093.8	0	2	1
705	7	749.55	1	2	1
705	7	723.14	1	2	1
705	7	729	1	2	1
705	7	938.56	1	2	1
705	7	895.76	1	2	1
705	7	2047.7	1	2	1
705	7	2217.9	1	2	1
705	7	1640.6	1	2	1
705	7	2875.9	1	2	1
705	7	2404.6	0	2	1
705	7	2076.8	1	2	1
705	7	2899.9	1	2	1
705	7	978.86	1	2	1
705	7	2612.1	1	2	1
705	7	2069.5	1	2	1
705	7	1420.6	1	2	1
705	7	802.24	1	2	1
705	7	694.88	1	2	1
705	7	1659.4	1	2	1
705	7	1018	1	2	1
705	7	2839.6	0	2	1
705	7	2532.6	0	2	1
705	7	3028.2	1	2	1
705	7	2010	1	2	1
705	7	1987.3	1	2	1
705	7	2167.4	1	2	1
705	7	3949.7	1	2	1
705	7	2891.2	1	2	1
705	7	758.54	1	2	1
705	7	1066.5	1	2	1
705	7	1726.8	1	2	1
705	7	2696.4	1	2	1
705	7	1316.3	1	2	1
705	7	945.54	1	2	1
705	7	1584.8	1	2	1
705	7	1540.1	1	2	1
705	7	929.44	1	2	1
705	7	1455.3	1	2	1
705	7	1615.9	1	2	1
705	7	2123.8	1	2	1
705	7	1954	1	2	1
705	7	1620.8	1	2	1
705	7	2159.5	1	2	1
705	7	2731.6	1	2	1
705	7	2704.3	1	2	1
705	7	966	1	2	1
705	7	891.25	1	2	1
705	7	1293.2	1	2	1
705	7	1489.9	1	2	1
705	7	990.98	1	2	1
705	7	2583.2	1	2	1
705	7	2116.5	1	2	1
705	7	2244.1	0	1	2
705	7	2902.9	0	1	2
705	7	3446.9	0	1	2
705	7	2536.6	0	1	2
705	7	2433.5	1	1	2
705	7	1367	0	1	2
705	7	2659.2	0	1	2
705	7	2034.3	1	1	2
705	7	698.76	0	1	2
705	7	2211.3	1	1	2
705	7	2436.6	1	1	2
705	7	1547.5	1	1	2
705	7	1552.6	0	1	2
705	7	1286.8	1	1	2
705	7	1892.3	1	1	2
705	7	1130.5	1	1	2
705	7	1314.7	0	1	2
705	7	1599.7	1	1	2
705	7	1134.4	1	1	2
705	7	827.16	0	1	2
705	7	1560.7	1	1	2
705	7	972.39	1	1	2
705	7	1186.4	1	1	2
705	7	1094.9	1	1	2
705	7	1131.2	1	1	2
705	7	1151.1	1	1	2
705	7	1865.1	1	1	2
705	7	1088.5	1	1	2
705	7	2279.1	1	1	2
705	7	1797.1	1	1	2
705	7	1288.5	1	1	2
705	7	812.99	1	1	2
705	7	1534.7	1	1	2
705	7	790.63	1	1	2
705	7	920.07	1	1	2
705	7	965.03	1	1	2
705	7	898.74	1	1	2
705	7	998.94	1	1	2
705	7	858.31	0	1	2
705	7	2079.3	1	1	2
705	7	864.51	1	1	2
705	7	985.31	1	1	2
705	7	1925.9	1	1	2
705	7	1192.4	0	1	2
705	7	1164.8	1	1	2
705	7	788.02	1	1	2
705	7	826.36	1	1	2
705	7	1625.1	1	1	2
705	7	1430.6	1	1	2
705	7	1358.9	1	1	2
705	7	998.2	1	1	2
705	7	1196.1	1	1	2
705	7	1009.3	1	1	2
705	7	1118.3	1	1	2
705	7	1104.8	1	1	2
705	7	1360.5	1	1	2
705	7	1817.6	1	1	2
705	7	1135.7	1	1	2
705	7	1965.4	1	1	2
705	7	973.96	1	1	2
705	7	740.82	1	1	2
705	7	869.49	1	1	2
705	7	1136.4	1	1	2
705	7	1132.8	1	1	2
705	7	866.38	1	1	2
705	7	1959.1	1	1	2
705	7	906.25	1	1	2
705	7	1108.1	1	1	2
705	7	1429.7	1	1	2
705	7	1348.7	1	1	2
705	7	1058	1	1	2
705	7	1355.6	1	1	2
705	7	1120	1	1	2
705	7	1746.3	1	1	2
705	7	1090.6	1	1	2
705	7	2788.6	0	1	2
705	7	1006	1	1	2
705	7	992.68	1	1	2
705	7	983.88	1	1	2
705	7	1096.6	1	1	2
705	7	1115.1	1	1	2
705	7	1351.4	1	1	2
705	7	875.81	1	1	2
705	7	819.76	1	1	2
705	7	1060.3	1	1	2
705	7	929.3	1	1	2
705	7	1035.2	1	1	2
705	7	1558.7	1	1	2
705	7	1140.6	1	1	2
705	7	1041.3	1	1	2
705	7	920.1	1	1	2
705	7	1007.3	1	1	2
705	7	675.33	1	1	2
705	7	703.09	1	1	2
705	7	1037.6	1	1	2
705	7	1569	1	1	2
705	7	1075.7	1	1	2
705	7	1417.7	1	1	2
705	7	1545	1	1	2
705	7	1049.9	1	1	2
705	7	1532.7	1	1	2
705	7	1194.6	1	1	2
705	7	717.45	1	1	2
705	7	610.93	1	1	2
705	7	794.97	1	1	2
705	7	1030.6	1	1	2
705	7	1142.4	1	1	2
705	7	883.48	1	1	2
705	7	824.88	1	1	2
705	7	877.98	1	1	2
705	7	978.2	1	1	2
705	7	849.94	1	1	2
705	7	899.61	1	1	2
705	7	866.14	1	1	2
705	7	684.5	1	1	2
705	7	1782.7	1	1	2
705	7	1272.9	1	1	2
705	7	770.24	1	1	2
705	7	1874.1	1	1	2
705	7	713.52	1	1	2
705	7	966.37	1	1	2
705	7	837.41	1	1	2
705	7	1701.2	1	1	2
705	7	771.74	1	1	2
705	7	835.97	1	1	2
705	7	1937.2	1	1	2
705	7	805	1	1	2
705	7	740.91	1	1	2
705	7	1243	1	1	2
705	7	926.63	1	1	2
705	7	848.17	1	1	2
705	7	964.72	1	1	2
705	7	653.45	1	1	2
705	7	1622.9	1	1	2
705	7	686.56	1	1	2
705	7	865.72	1	1	2
705	7	701.57	1	1	2
705	7	1098	1	1	2
705	7	1333.2	1	1	2
705	7	730.86	1	1	2
705	7	739.99	1	1	2
705	7	898.66	1	1	2
705	7	1176.6	1	1	2
705	7	732.09	1	1	2
705	7	1046.6	1	1	2
705	7	733.47	1	1	2
705	7	939.97	1	1	2
705	7	799.08	1	1	2
705	7	1262	1	1	2
705	7	1072.6	1	1	2
705	7	1029	1	1	2
705	7	1191.8	1	1	2
705	7	660.32	1	1	2
705	7	981.9	1	1	2
705	7	789.36	1	1	2
705	7	1211.3	1	1	2
705	7	659.12	1	1	2
705	7	1968.5	1	1	2
705	7	1164.1	1	1	2
705	7	808.06	1	1	2
705	7	642.74	1	1	2
705	7	780.76	1	1	2
705	7	1423.4	1	1	2
705	7	745.85	1	1	2
705	7	1177.5	1	1	2
705	7	1105.9	1	1	2
705	7	1163.4	1	1	2
705	7	618.78	1	1	2
705	7	677.34	1	1	2
705	7	1037.1	1	1	2
705	7	1064.4	1	1	2
705	7	953.14	1	1	2
705	7	722.2	1	1	2
705	7	762.62	1	1	2
705	7	823.76	1	1	2
705	7	777.36	1	1	2
705	7	666.57	1	1	2
705	7	672.58	1	1	2
705	7	714.7	1	1	2
705	7	830.69	1	1	2
705	7	1123.7	1	1	2
705	7	702.01	1	1	2
705	7	1127.1	1	1	2
705	7	881.79	1	1	2
705	7	808.95	1	1	2
705	7	775.49	1	1	2
705	7	703.27	1	1	2
705	7	1064.9	1	1	2
705	7	1120.2	1	1	2
705	7	665.78	1	1	2
705	7	902.49	1	1	2
705	7	1005.3	1	1	2
705	7	881.44	1	1	2
705	7	1127.6	1	1	2
705	7	901.54	1	1	2
705	7	2540.6	1	1	2
705	7	814.2	1	1	2
705	7	741.01	1	1	2
705	7	831.76	1	1	2
705	7	1155.8	1	1	2
705	7	579	1	1	2
705	7	868.59	1	1	2
705	7	1087.5	1	1	2
705	7	1014.7	1	1	2
705	7	1146.8	1	1	2
705	7	809.2	1	1	2
705	7	1146	1	1	2
705	7	787.44	1	1	2
705	7	1152	1	1	2
705	7	617.55	1	1	2
705	7	767.51	1	1	2
705	7	1155.6	1	1	2
705	7	684.45	1	1	2
705	7	1915.5	1	1	2
705	7	855.89	1	1	2
705	7	718.34	1	1	2
705	7	1033.2	1	1	2
705	7	654.54	1	1	2
705	7	942.8	1	1	2
705	7	1734.9	1	1	2
705	7	703.16	1	1	2
705	7	1448.4	1	1	2
705	7	1125.7	1	1	2
705	7	1271.6	1	1	2
705	7	1400	1	1	2
705	7	1051.4	1	1	2
705	7	3198.8	1	1	2
705	7	879.93	1	1	2
705	7	1439.1	1	1	2
705	7	844.29	1	1	2
705	7	695.5	1	1	2
705	7	773.77	1	1	2
705	7	1672.8	1	1	2
705	7	1102.8	1	1	2
705	7	866.81	1	1	2
705	7	1730.8	1	1	2
705	7	868.38	1	1	2
705	7	672.9	1	1	2
705	7	978.72	1	1	2
705	7	750.85	1	1	2
705	7	1582.5	1	1	2
705	7	2076	1	1	2
705	7	1485.1	1	1	2
705	7	1109.3	1	1	2
705	7	973.88	1	1	2
705	7	1319.2	1	1	2
705	7	1537.4	1	1	2
705	7	657.98	1	1	2
705	7	695.07	1	1	2
705	7	1031.4	1	1	2
705	7	970.12	1	1	2
705	7	1306.7	1	1	2
705	7	826.89	1	1	2
705	7	1235.7	1	1	2
705	7	903.22	1	1	2
705	7	1276.7	1	1	2
705	7	1319.8	1	1	2
705	7	1274.5	1	1	2
705	7	901.5	1	1	2
705	7	765.82	1	1	2
705	7	750.4	1	1	2
705	7	860.33	1	1	2
705	7	720.82	1	1	2
705	7	744.25	1	1	2
705	7	891.25	1	1	2
705	7	1351	1	1	2
705	7	821.52	1	1	2
705	7	896.98	1	1	2
705	7	930.06	1	1	2
705	7	1117.4	1	1	2
705	7	844.47	1	1	2
705	7	1042.4	1	1	2
705	7	908.87	1	1	2
705	7	715.44	1	1	2
705	7	790.82	1	1	2
705	7	737.1	1	1	2
705	7	855.92	1	1	2
705	7	940.46	1	1	2
705	7	796.93	1	1	2
705	7	747.56	1	1	2
705	7	944.67	1	1	2
705	7	1555.9	1	1	2
705	7	1366.6	1	1	2
705	7	806.93	0	1	2
705	7	674	1	1	2
705	7	695.65	1	1	2
705	7	917.64	1	1	2
705	7	1740.7	1	1	2
705	7	1003.2	1	1	2
705	7	1002.6	1	1	2
705	7	871.71	1	1	2
705	7	1112.6	1	1	2
705	7	677.23	1	1	2
705	7	678.56	1	1	2
705	7	853.19	1	1	2
705	7	896.48	1	1	2
705	7	790.36	1	1	2
705	7	637.63	1	1	2
705	7	1398.1	1	1	2
705	7	710.17	1	1	2
705	7	1232.9	1	1	2
705	7	1218.5	1	1	2
705	7	1636.1	1	1	2
705	7	740.49	1	1	2
705	7	665.67	1	1	2
705	7	871.05	1	1	2
705	7	1334.2	1	1	2
705	7	1085.4	1	1	2
705	7	923.85	1	1	2
705	7	1295.8	1	1	2
705	7	2447.5	1	1	2
705	7	1885	1	1	2
705	7	1460	1	1	2
705	7	723.93	1	1	2
705	7	1155.7	1	1	2
705	7	860.91	1	1	2
705	7	921.49	1	1	2
705	7	1476.4	1	1	2
705	7	1021	1	1	2
705	7	2057.4	1	1	2
705	7	1595	1	1	2
705	7	1872.7	1	1	2
705	7	2037.6	1	1	2
705	7	1392.9	1	1	2
705	7	950.84	1	1	2
705	7	1798.9	1	1	2
705	7	1059.6	1	1	2
705	7	961.2	1	1	2
705	7	2047.7	1	1	2
705	7	2386.2	1	1	2
705	7	1924.5	1	1	2
705	7	1362.5	1	1	2
705	7	1270	1	1	2
705	7	883.55	1	1	2
705	7	1676.5	1	1	2
705	7	1672.8	1	1	2
705	7	2121.5	1	1	2
705	7	2446.8	1	1	2
705	7	1454.1	1	1	2
705	7	1992.3	1	1	2
705	7	1246.5	1	1	2
705	7	939.42	1	1	2
705	7	2469.2	1	1	2
705	7	1807.8	1	1	2
705	7	2366.7	1	1	2
705	7	1898.2	1	1	2
705	7	709.66	1	1	2
705	7	1228.9	1	1	2
705	7	2414.1	1	1	2
705	7	799.31	1	1	2
705	7	2652.7	0	1	1
705	7	3566.1	0	1	1
705	7	3084.8	1	1	1
705	7	1287.3	0	1	1
705	7	2618.9	1	1	1
705	7	1120.5	1	1	1
705	7	999.35	1	1	1
705	7	2269.9	0	1	1
705	7	1341.9	0	1	1
705	7	1628.8	1	1	1
705	7	2290.1	1	1	1
705	7	1794.4	1	1	1
705	7	2298.9	0	1	1
705	7	2031.8	1	1	1
705	7	1419.8	1	1	1
705	7	1324.4	0	1	1
705	7	2244.2	0	1	1
705	7	1205	1	1	1
705	7	994.49	1	1	1
705	7	2055.9	0	1	1
705	7	2004.9	0	1	1
705	7	2255.2	1	1	1
705	7	1540.5	1	1	1
705	7	1452.4	1	1	1
705	7	1354.8	1	1	1
705	7	1390	1	1	1
705	7	1349.4	1	1	1
705	7	1124	0	1	1
705	7	1052.7	1	1	1
705	7	2486.6	1	1	1
705	7	1481.3	1	1	1
705	7	1010.2	1	1	1
705	7	1801.9	1	1	1
705	7	1124	1	1	1
705	7	1607.3	1	1	1
705	7	2051.9	1	1	1
705	7	783.55	0	1	1
705	7	1796.5	1	1	1
705	7	1207.4	1	1	1
705	7	2064.3	1	1	1
705	7	620.65	0	1	1
705	7	966.89	1	1	1
705	7	951.85	1	1	1
705	7	889.94	1	1	1
705	7	2457.8	0	1	1
705	7	1518.1	1	1	1
705	7	1214.5	1	1	1
705	7	858.82	1	1	1
705	7	889.06	1	1	1
705	7	1038.3	1	1	1
705	7	1048.2	1	1	1
705	7	1430.4	1	1	1
705	7	2773.3	1	1	1
705	7	824.47	1	1	1
705	7	735.08	1	1	1
705	7	1087.6	1	1	1
705	7	1813.2	1	1	1
705	7	1257.8	0	1	1
705	7	1905.4	1	1	1
705	7	1446.5	1	1	1
705	7	1608.8	1	1	1
705	7	821.12	1	1	1
705	7	1364.1	1	1	1
705	7	819	0	1	1
705	7	2496.2	1	1	1
705	7	830.71	1	1	1
705	7	1513.8	1	1	1
705	7	1518.8	1	1	1
705	7	861.93	1	1	1
705	7	1634.8	1	1	1
705	7	1456.6	1	1	1
705	7	2809	1	1	1
705	7	950.19	1	1	1
705	7	1060.5	1	1	1
705	7	1039.9	0	1	1
705	7	1797.8	1	1	1
705	7	997.43	0	1	1
705	7	833.78	1	1	1
705	7	1385.7	1	1	1
705	7	1099.2	1	1	1
705	7	1792.9	1	1	1
705	7	1698	1	1	1
705	7	1607.2	1	1	1
705	7	1649.5	1	1	1
705	7	1396.4	1	1	1
705	7	1282.6	0	1	1
705	7	2889.5	1	1	1
705	7	1392.8	1	1	1
705	7	1160.4	1	1	1
705	7	826.96	1	1	1
705	7	1129.7	1	1	1
705	7	1984.3	1	1	1
705	7	940.58	1	1	1
705	7	1015.1	1	1	1
705	7	1484	1	1	1
705	7	1610.6	1	1	1
705	7	1195	1	1	1
705	7	1870.5	0	1	1
705	7	3209	1	1	1
705	7	1545.2	1	1	1
705	7	1249.4	1	1	1
705	7	768.15	1	1	1
705	7	667.65	1	1	1
705	7	1104.9	1	1	1
705	7	537.57	0	1	1
705	7	897.18	1	1	1
705	7	1172.3	1	1	1
705	7	1031.8	1	1	1
705	7	1585.3	0	1	1
705	7	1892.6	1	1	1
705	7	933.25	1	1	1
705	7	1043.3	1	1	1
705	7	1780.3	1	1	1
705	7	734.35	1	1	1
705	7	972.27	1	1	1
705	7	843.84	1	1	1
705	7	1138.5	1	1	1
705	7	2473.1	1	1	1
705	7	1655.1	1	1	1
705	7	1411.2	1	1	1
705	7	1072.9	1	1	1
705	7	1279	1	1	1
705	7	1580.8	1	1	1
705	7	1479.8	1	1	1
705	7	1791.9	1	1	1
705	7	1263.3	1	1	1
705	7	666.19	1	1	1
705	7	1164.3	1	1	1
705	7	1283.9	0	1	1
705	7	985.9	1	1	1
705	7	1266.9	1	1	1
705	7	891.26	1	1	1
705	7	1526.2	1	1	1
705	7	1663.9	1	1	1
705	7	950.56	1	1	1
705	7	1297.8	1	1	1
705	7	1711.7	1	1	1
705	7	1931.5	1	1	1
705	7	1153.4	1	1	1
705	7	1045	1	1	1
705	7	1044.6	1	1	1
705	7	910.89	1	1	1
705	7	1273.2	1	1	1
705	7	2049.6	1	1	1
705	7	1256.5	1	1	1
705	7	1182.8	1	1	1
705	7	2023.4	1	1	1
705	7	1525.4	1	1	1
705	7	960.86	1	1	1
705	7	914.99	1	1	1
705	7	1059.6	1	1	1
705	7	1607.4	1	1	1
705	7	2108.1	1	1	1
705	7	1310	1	1	1
705	7	1392.2	1	1	1
705	7	805.24	1	1	1
705	7	841.37	0	1	1
705	7	2043.6	1	1	1
705	7	791.28	1	1	1
705	7	1374.1	1	1	1
705	7	929.64	1	1	1
705	7	1684.4	1	1	1
705	7	1035.4	1	1	1
705	7	1092.3	1	1	1
705	7	1156.3	1	1	1
705	7	825.55	1	1	1
705	7	734.47	1	1	1
705	7	679.94	1	1	1
705	7	1294.3	1	1	1
705	7	1044.6	1	1	1
705	7	710.38	1	1	1
705	7	887.31	1	1	1
705	7	1586.3	1	1	1
705	7	788.59	1	1	1
705	7	753.89	1	1	1
705	7	1105.6	1	1	1
705	7	1018.1	1	1	1
705	7	1626.7	1	1	1
705	7	1020	1	1	1
705	7	899.59	1	1	1
705	7	1183.2	1	1	1
705	7	1259.4	1	1	1
705	7	1330	1	1	1
705	7	1713.7	1	1	1
705	7	550	0	1	1
705	7	773.35	1	1	1
705	7	1063.5	1	1	1
705	7	1999.7	1	1	1
705	7	1043.7	1	1	1
705	7	749.99	1	1	1
705	7	1247.7	1	1	1
705	7	1667.8	1	1	1
705	7	1802.2	1	1	1
705	7	1772.4	1	1	1
705	7	1295	1	1	1
705	7	1084.4	1	1	1
705	7	1353.7	1	1	1
705	7	1036.7	1	1	1
705	7	1146.9	1	1	1
705	7	1393.8	1	1	1
705	7	756.36	1	1	1
705	7	704.36	1	1	1
705	7	1063.6	1	1	1
705	7	735.37	1	1	1
705	7	1324.3	1	1	1
705	7	1040.2	1	1	1
705	7	936.14	1	1	1
705	7	888	1	1	1
705	7	1124.1	1	1	1
705	7	787.49	1	1	1
705	7	1993.2	1	1	1
705	7	1795.2	0	1	1
705	7	742.14	1	1	1
705	7	1550.1	1	1	1
705	7	676.75	1	1	1
705	7	1201.1	1	1	1
705	7	697	1	1	1
705	7	927.31	1	1	1
705	7	893.87	1	1	1
705	7	1441.6	1	1	1
705	7	1190	1	1	1
705	7	1192	1	1	1
705	7	706.45	1	1	1
705	7	824.07	1	1	1
705	7	1230.5	1	1	1
705	7	683.54	0	1	1
705	7	2356.4	1	1	1
705	7	858.91	1	1	1
705	7	1327.3	1	1	1
705	7	1156.7	0	1	1
705	7	920.75	1	1	1
705	7	2536.9	0	1	1
705	7	723.64	1	1	1
705	7	1320.3	1	1	1
705	7	1903.2	0	1	1
705	7	1255.7	1	1	1
705	7	940.42	0	1	1
705	7	1942.3	1	1	1
705	7	821.99	1	1	1
705	7	1135.7	1	1	1
705	7	1379.7	1	1	1
705	7	1065.8	1	1	1
705	7	1615.9	1	1	1
705	7	1237.8	1	1	1
705	7	691.45	1	1	1
705	7	920.51	1	1	1
705	7	1267	1	1	1
705	7	1005	1	1	1
705	7	2159.8	1	1	1
705	7	1209.9	1	1	1
705	7	1206.9	1	1	1
705	7	960.28	1	1	1
705	7	920.83	1	1	1
705	7	1234.7	1	1	1
705	7	1042.3	1	1	1
705	7	1627.8	1	1	1
705	7	1414.9	1	1	1
705	7	1218.5	1	1	1
705	7	1147.8	0	1	1
705	7	674.43	1	1	1
705	7	1253.3	1	1	1
705	7	1362.5	1	1	1
705	7	1219.1	1	1	1
705	7	1347.2	1	1	1
705	7	1422.9	1	1	1
705	7	948.75	1	1	1
705	7	983.45	1	1	1
705	7	2132.7	1	1	1
705	7	1559.6	1	1	1
705	7	762.75	1	1	1
705	7	940.96	1	1	1
705	7	1679.7	1	1	1
705	7	1407.2	1	1	1
705	7	877.09	1	1	1
705	7	839.82	1	1	1
705	7	1162.2	1	1	1
705	7	1255.9	1	1	1
705	7	1104.5	1	1	1
705	7	1360.3	1	1	1
705	7	1129.5	1	1	1
705	7	1528.8	1	1	1
705	7	991.56	1	1	1
705	7	1298.9	1	1	1
705	7	1172.5	1	1	1
705	7	1983.4	0	1	1
705	7	1902.4	1	1	1
705	7	1092.7	1	1	1
705	7	1615.3	1	1	1
705	7	2892.7	1	1	1
705	7	1258.5	1	1	1
705	7	1211.4	1	1	1
705	7	810.63	1	1	1
705	7	815.98	1	1	1
705	7	1040.2	1	1	1
705	7	1391.3	1	1	1
705	7	969.62	1	1	1
705	7	1130.4	0	1	1
705	7	2842.1	1	1	1
705	7	1268.9	0	1	1
705	7	1864.3	1	1	1
705	7	1664.3	1	1	1
705	7	1937	1	1	1
705	7	1710.3	1	1	1
705	7	968.58	1	1	1
705	7	1398.9	1	1	1
705	7	938.31	1	1	1
705	7	748.04	1	1	1
705	7	2132.8	1	1	1
705	7	1632.6	1	1	1
705	7	2934.5	1	1	1
705	7	1590.1	1	1	1
705	7	875.12	1	1	1
705	7	1100.4	1	1	1
705	7	1493.2	1	1	1
705	7	1653.2	1	1	1
705	7	1997.9	1	1	1
705	7	2186.1	1	1	1
705	7	2341.5	1	1	1
705	7	2330.9	1	1	1
705	7	2728.3	1	1	1
705	7	1706.1	1	1	1
705	7	1378.4	1	1	1
705	7	1729.1	1	1	1
705	7	1198.1	1	1	1
705	7	1990.9	1	1	1
705	7	893.44	1	1	1
705	7	2403.4	1	1	1
705	7	2185.8	0	1	1
705	7	796.14	1	1	1
705	7	1082.2	1	1	1
705	7	1290	1	1	1
705	7	1799.7	1	1	1
705	7	2428	1	1	1
705	7	1206.4	1	1	1
705	7	1619.9	1	1	1
705	7	1353.5	1	1	1
705	7	1138.6	1	1	1
705	7	1183.7	1	1	1
705	7	797.37	1	1	1
705	7	1974.8	1	1	1
705	7	1607.3	1	1	1
705	7	1553.1	1	1	1
705	7	2429.7	1	1	1
705	7	1852.9	1	1	1
705	7	2388.3	1	1	1
705	7	2773.1	1	1	1
705	7	1124.6	1	1	1
705	7	1655.5	1	1	1
705	7	2918.7	0	2	-1
705	7	1717.4	1	2	-1
705	7	3421.4	0	2	-1
705	7	3412.7	0	2	-1
705	7	1913.2	0	2	-1
705	7	1053	0	2	-1
705	7	1225.5	0	2	-1
705	7	1782.6	1	2	-1
705	7	2030.5	1	2	-1
705	7	2473.3	0	2	-1
705	7	2455	1	2	-1
705	7	3272	1	2	-1
705	7	1868.7	0	2	-1
705	7	1805.3	0	2	-1
705	7	1365.6	1	2	-1
705	7	1706.8	1	2	-1
705	7	1765.5	1	2	-1
705	7	1985.1	1	2	-1
705	7	1338.9	1	2	-1
705	7	1286.7	1	2	-1
705	7	1517.1	1	2	-1
705	7	2174.6	1	2	-1
705	7	1330	0	2	-1
705	7	1421.6	0	2	-1
705	7	1141.6	1	2	-1
705	7	1099.4	1	2	-1
705	7	1090.3	1	2	-1
705	7	1499.3	1	2	-1
705	7	1148	0	2	-1
705	7	1192.2	0	2	-1
705	7	995.62	1	2	-1
705	7	888.65	1	2	-1
705	7	1944.6	1	2	-1
705	7	1099.3	1	2	-1
705	7	1712.9	1	2	-1
705	7	1321.5	1	2	-1
705	7	2369.3	1	2	-1
705	7	731.09	1	2	-1
705	7	717.62	1	2	-1
705	7	796.37	0	2	-1
705	7	959.2	1	2	-1
705	7	998.6	1	2	-1
705	7	1218.3	0	2	-1
705	7	1299.2	1	2	-1
705	7	937.38	1	2	-1
705	7	1028.3	1	2	-1
705	7	940.86	1	2	-1
705	7	908.11	1	2	-1
705	7	1638.3	1	2	-1
705	7	976.72	1	2	-1
705	7	1051.1	1	2	-1
705	7	1375	1	2	-1
705	7	2172.1	1	2	-1
705	7	2548.3	0	2	-1
705	7	1150.8	1	2	-1
705	7	1008.8	0	2	-1
705	7	2111.5	1	2	-1
705	7	824.19	1	2	-1
705	7	963.26	1	2	-1
705	7	967.45	1	2	-1
705	7	919.35	1	2	-1
705	7	929.26	1	2	-1
705	7	906.61	1	2	-1
705	7	1471.2	1	2	-1
705	7	1632.2	1	2	-1
705	7	1150.3	1	2	-1
705	7	1971.6	1	2	-1
705	7	683.86	1	2	-1
705	7	912.05	1	2	-1
705	7	1047.6	1	2	-1
705	7	1009.3	1	2	-1
705	7	1371	1	2	-1
705	7	1997	0	2	-1
705	7	1127.2	1	2	-1
705	7	897.54	1	2	-1
705	7	1227.8	1	2	-1
705	7	778.37	1	2	-1
705	7	741.57	1	2	-1
705	7	1394.6	0	2	-1
705	7	2269.7	0	2	-1
705	7	1362.8	1	2	-1
705	7	1089.7	1	2	-1
705	7	1013.1	1	2	-1
705	7	1791.9	1	2	-1
705	7	826.66	1	2	-1
705	7	1391.1	1	2	-1
705	7	633.76	1	2	-1
705	7	1141.6	1	2	-1
705	7	1059.9	1	2	-1
705	7	1059.1	1	2	-1
705	7	799.2	1	2	-1
705	7	776.14	1	2	-1
705	7	997.91	1	2	-1
705	7	914.85	1	2	-1
705	7	1115.5	1	2	-1
705	7	1178	1	2	-1
705	7	1589.6	0	2	-1
705	7	937.84	1	2	-1
705	7	644.27	1	2	-1
705	7	726.87	1	2	-1
705	7	1543.7	1	2	-1
705	7	1026.1	1	2	-1
705	7	1273.8	1	2	-1
705	7	1416.5	1	2	-1
705	7	992.6	1	2	-1
705	7	1002.4	1	2	-1
705	7	1016	1	2	-1
705	7	915.75	1	2	-1
705	7	673.07	1	2	-1
705	7	744.48	1	2	-1
705	7	1033.2	1	2	-1
705	7	1067.9	1	2	-1
705	7	740.44	1	2	-1
705	7	1315.6	1	2	-1
705	7	904.18	1	2	-1
705	7	996.8	1	2	-1
705	7	1425.2	0	2	-1
705	7	1119.6	1	2	-1
705	7	1904.1	1	2	-1
705	7	711.48	1	2	-1
705	7	834.23	1	2	-1
705	7	858.69	1	2	-1
705	7	701.76	1	2	-1
705	7	830.64	1	2	-1
705	7	626.79	1	2	-1
705	7	1944.4	0	2	-1
705	7	723.93	1	2	-1
705	7	1098	1	2	-1
705	7	952.77	1	2	-1
705	7	769.93	1	2	-1
705	7	2199.3	1	2	-1
705	7	1246.9	1	2	-1
705	7	691.15	1	2	-1
705	7	826.28	1	2	-1
705	7	796.69	1	2	-1
705	7	1696.1	1	2	-1
705	7	1113.2	1	2	-1
705	7	1691.5	1	2	-1
705	7	1486.5	1	2	-1
705	7	1307.7	1	2	-1
705	7	867.68	1	2	-1
705	7	873.42	1	2	-1
705	7	700.39	1	2	-1
705	7	1124.7	1	2	-1
705	7	928.24	1	2	-1
705	7	1671.9	1	2	-1
705	7	897.28	1	2	-1
705	7	1517.9	1	2	-1
705	7	1151.1	1	2	-1
705	7	2025.7	0	2	-1
705	7	743.36	1	2	-1
705	7	1074.7	1	2	-1
705	7	1232.1	0	2	-1
705	7	1276.8	1	2	-1
705	7	888.47	1	2	-1
705	7	1887.4	1	2	-1
705	7	916.04	1	2	-1
705	7	906.13	1	2	-1
705	7	831.79	1	2	-1
705	7	622.48	1	2	-1
705	7	1842.3	0	2	-1
705	7	774.73	1	2	-1
705	7	1090	1	2	-1
705	7	960.47	1	2	-1
705	7	734.44	1	2	-1
705	7	952.56	1	2	-1
705	7	693.96	1	2	-1
705	7	769.13	1	2	-1
705	7	782.67	1	2	-1
705	7	601.41	1	2	-1
705	7	879.76	1	2	-1
705	7	790.94	1	2	-1
705	7	852.65	1	2	-1
705	7	564.84	1	2	-1
705	7	1202.2	1	2	-1
705	7	1064.2	1	2	-1
705	7	1328.6	1	2	-1
705	7	964.21	1	2	-1
705	7	701.67	1	2	-1
705	7	1186.9	1	2	-1
705	7	534.13	1	2	-1
705	7	688.46	1	2	-1
705	7	639.79	1	2	-1
705	7	705.36	1	2	-1
705	7	620.53	1	2	-1
705	7	1029.7	1	2	-1
705	7	853	1	2	-1
705	7	872.49	1	2	-1
705	7	1280.1	1	2	-1
705	7	2110.9	1	2	-1
705	7	1155.4	1	2	-1
705	7	638.71	1	2	-1
705	7	771.45	1	2	-1
705	7	733.74	1	2	-1
705	7	752.16	1	2	-1
705	7	933.75	1	2	-1
705	7	914.89	1	2	-1
705	7	871.13	1	2	-1
705	7	1186.5	1	2	-1
705	7	1071.6	1	2	-1
705	7	984.79	0	2	-1
705	7	1136.9	0	2	-1
705	7	820.93	0	2	-1
705	7	1039	1	2	-1
705	7	1084.1	0	2	-1
705	7	1034.8	1	2	-1
705	7	974.44	1	2	-1
705	7	1246.9	1	2	-1
705	7	588.42	1	2	-1
705	7	762.66	1	2	-1
705	7	640.17	1	2	-1
705	7	747.63	1	2	-1
705	7	1173.1	1	2	-1
705	7	774.2	1	2	-1
705	7	898.87	1	2	-1
705	7	619.62	1	2	-1
705	7	673.4	1	2	-1
705	7	769.68	1	2	-1
705	7	826.47	1	2	-1
705	7	589.97	0	2	-1
705	7	880.64	1	2	-1
705	7	1137.8	1	2	-1
705	7	853.19	1	2	-1
705	7	679.65	1	2	-1
705	7	804.79	1	2	-1
705	7	768.9	1	2	-1
705	7	596.5	1	2	-1
705	7	825.71	1	2	-1
705	7	842.84	1	2	-1
705	7	2223.5	0	2	-1
705	7	936.19	1	2	-1
705	7	1140.1	1	2	-1
705	7	1425.9	1	2	-1
705	7	825.63	1	2	-1
705	7	1233.3	1	2	-1
705	7	1000.3	1	2	-1
705	7	1485.7	1	2	-1
705	7	717.32	1	2	-1
705	7	1042.5	1	2	-1
705	7	703.07	1	2	-1
705	7	865.78	1	2	-1
705	7	1130.5	1	2	-1
705	7	1225.3	1	2	-1
705	7	769.07	1	2	-1
705	7	646.98	1	2	-1
705	7	1200.5	1	2	-1
705	7	801.39	1	2	-1
705	7	1029.2	1	2	-1
705	7	628.9	1	2	-1
705	7	783.89	1	2	-1
705	7	1271.6	1	2	-1
705	7	1618.7	0	2	-1
705	7	704.02	1	2	-1
705	7	2127.2	0	2	-1
705	7	1223.5	0	2	-1
705	7	1649.7	1	2	-1
705	7	1707.3	0	2	-1
705	7	2630.7	1	2	-1
705	7	697.32	1	2	-1
705	7	1185.3	1	2	-1
705	7	609.36	1	2	-1
705	7	672.24	1	2	-1
705	7	1022.8	1	2	-1
705	7	1247.9	1	2	-1
705	7	584.33	1	2	-1
705	7	1007	1	2	-1
705	7	974.72	1	2	-1
705	7	2200.1	1	2	-1
705	7	889.99	1	2	-1
705	7	998.94	0	2	-1
705	7	692.3	1	2	-1
705	7	886.09	1	2	-1
705	7	1372.4	1	2	-1
705	7	606.02	1	2	-1
705	7	1222.2	1	2	-1
705	7	725.52	1	2	-1
705	7	840.63	1	2	-1
705	7	702.85	1	2	-1
705	7	578.13	1	2	-1
705	7	784.58	1	2	-1
705	7	817.66	1	2	-1
705	7	1172.2	1	2	-1
705	7	1472.6	1	2	-1
705	7	800.94	1	2	-1
705	7	1777.2	1	2	-1
705	7	749.16	1	2	-1
705	7	1210.4	1	2	-1
705	7	856.11	1	2	-1
705	7	1580.1	1	2	-1
705	7	2163.4	1	2	-1
705	7	1004	1	2	-1
705	7	1206.4	1	2	-1
705	7	1150.3	1	2	-1
705	7	889.94	1	2	-1
705	7	897.35	1	2	-1
705	7	958.3	1	2	-1
705	7	660.29	1	2	-1
705	7	1283.9	1	2	-1
705	7	1859.1	1	2	-1
705	7	1070.3	1	2	-1
705	7	730.46	1	2	-1
705	7	1690.8	1	2	-1
705	7	1485.5	1	2	-1
705	7	1139.1	1	2	-1
705	7	828.38	1	2	-1
705	7	1138.3	1	2	-1
705	7	1293.5	1	2	-1
705	7	1354.8	1	2	-1
705	7	906.52	1	2	-1
705	7	1172.8	1	2	-1
705	7	724.6	1	2	-1
705	7	2264.8	1	2	-1
705	7	1615.1	1	2	-1
705	7	813.02	0	2	-1
705	7	1382.2	1	2	-1
705	7	1874.4	1	2	-1
705	7	822.2	1	2	-1
705	7	756.12	1	2	-1
705	7	1001.8	1	2	-1
705	7	2195.3	1	2	-1
705	7	1546.4	1	2	-1
705	7	634.11	1	2	-1
705	7	1113.4	1	2	-1
705	7	1619.1	1	2	-1
705	7	2096.6	1	2	-1
705	7	1406.4	1	2	-1
705	7	2779.8	1	2	-1
705	7	1787.9	1	2	-1
705	7	2263.6	1	2	-1
705	7	1028.4	1	2	-1
705	7	2608.2	1	2	-1
705	7	773.73	1	2	-1
705	7	1169.8	1	2	-1
705	7	1201.8	1	2	-1
705	7	1115.9	1	2	-1
705	7	928.41	1	2	-1
705	7	2334.9	1	2	-1
705	7	2122	1	2	-1
705	7	1187.9	1	2	-1
705	7	2998.6	0	2	-1
705	7	1929	1	2	-1
705	7	882.42	1	2	-1
705	7	619.66	1	2	-1
705	7	1182.6	1	2	-1
705	7	1921.5	1	2	-1
705	7	2081.3	1	2	-1
705	7	1431.3	1	2	-1
705	7	2264.5	1	2	-1
705	7	738.72	1	2	-1
705	7	1126.7	1	2	-1
705	7	3074.1	0	1	-1
705	7	2598.6	0	1	-1
705	7	2611.3	1	1	-1
705	7	2979.3	1	1	-1
705	7	2101.3	1	1	-1
705	7	2309.1	1	1	-1
705	7	918.34	0	1	-1
705	7	1771.7	1	1	-1
705	7	2572	1	1	-1
705	7	1329.7	1	1	-1
705	7	1500.3	0	1	-1
705	7	1839.8	1	1	-1
705	7	1776	0	1	-1
705	7	1764.8	0	1	-1
705	7	1689.3	1	1	-1
705	7	1365.9	1	1	-1
705	7	1415.1	1	1	-1
705	7	1918.6	1	1	-1
705	7	1154.6	1	1	-1
705	7	2219.3	0	1	-1
705	7	1731.7	1	1	-1
705	7	2285.4	1	1	-1
705	7	862.56	1	1	-1
705	7	1940.4	1	1	-1
705	7	918.59	1	1	-1
705	7	1586.9	1	1	-1
705	7	1187.8	1	1	-1
705	7	1182.6	1	1	-1
705	7	1296.6	0	1	-1
705	7	1137.2	1	1	-1
705	7	1113	1	1	-1
705	7	963.31	1	1	-1
705	7	988.01	0	1	-1
705	7	2336.2	1	1	-1
705	7	1207.3	1	1	-1
705	7	1461.5	1	1	-1
705	7	1302.5	1	1	-1
705	7	2854	0	1	-1
705	7	957.48	0	1	-1
705	7	842.45	1	1	-1
705	7	1004.3	1	1	-1
705	7	1094.2	1	1	-1
705	7	1598.8	1	1	-1
705	7	961.99	1	1	-1
705	7	1060	1	1	-1
705	7	1135.1	1	1	-1
705	7	942.18	0	1	-1
705	7	859.42	1	1	-1
705	7	1153.8	1	1	-1
705	7	717.01	1	1	-1
705	7	2288.1	1	1	-1
705	7	2333.1	1	1	-1
705	7	1207.8	1	1	-1
705	7	1619.7	1	1	-1
705	7	1660.4	0	1	-1
705	7	2320.2	1	1	-1
705	7	1792.1	1	1	-1
705	7	1339.6	1	1	-1
705	7	1089.2	1	1	-1
705	7	1219.5	1	1	-1
705	7	1177.7	1	1	-1
705	7	1417.5	1	1	-1
705	7	855.53	1	1	-1
705	7	847.31	1	1	-1
705	7	2155.1	1	1	-1
705	7	1161.5	1	1	-1
705	7	888.82	1	1	-1
705	7	1106.9	0	1	-1
705	7	1279.4	1	1	-1
705	7	1316.4	1	1	-1
705	7	819.39	1	1	-1
705	7	1395.7	1	1	-1
705	7	840.36	1	1	-1
705	7	826.16	1	1	-1
705	7	1062.4	1	1	-1
705	7	937.59	1	1	-1
705	7	786.1	1	1	-1
705	7	978.78	1	1	-1
705	7	1544.7	1	1	-1
705	7	796.8	1	1	-1
705	7	2775.6	0	1	-1
705	7	1521.2	1	1	-1
705	7	1234.4	1	1	-1
705	7	988.13	1	1	-1
705	7	1092.1	1	1	-1
705	7	875.65	1	1	-1
705	7	1986	1	1	-1
705	7	742.16	1	1	-1
705	7	816.78	1	1	-1
705	7	867.65	1	1	-1
705	7	1742.5	1	1	-1
705	7	906	1	1	-1
705	7	877.02	1	1	-1
705	7	1485	0	1	-1
705	7	907.72	1	1	-1
705	7	1229.4	1	1	-1
705	7	871.93	1	1	-1
705	7	807.96	1	1	-1
705	7	1910.4	1	1	-1
705	7	1080.8	1	1	-1
705	7	1488.5	0	1	-1
705	7	819.02	0	1	-1
705	7	935.03	1	1	-1
705	7	1494.7	1	1	-1
705	7	956.51	1	1	-1
705	7	998.39	1	1	-1
705	7	916.95	1	1	-1
705	7	737.57	1	1	-1
705	7	738.25	1	1	-1
705	7	1187	1	1	-1
705	7	963.55	1	1	-1
705	7	974.42	1	1	-1
705	7	1122	1	1	-1
705	7	1183.9	1	1	-1
705	7	1061.1	1	1	-1
705	7	1409.7	1	1	-1
705	7	1071.7	1	1	-1
705	7	1973.2	1	1	-1
705	7	1067.6	1	1	-1
705	7	960.36	1	1	-1
705	7	918.21	1	1	-1
705	7	789.65	1	1	-1
705	7	756.79	1	1	-1
705	7	904.82	1	1	-1
705	7	1968.2	1	1	-1
705	7	974.85	1	1	-1
705	7	1033.7	1	1	-1
705	7	1431.8	1	1	-1
705	7	1375.4	1	1	-1
705	7	1013.7	1	1	-1
705	7	1121.3	0	1	-1
705	7	803.95	1	1	-1
705	7	1054.8	1	1	-1
705	7	841.78	1	1	-1
705	7	1166.4	1	1	-1
705	7	1365	1	1	-1
705	7	1417.1	1	1	-1
705	7	770.92	1	1	-1
705	7	1941	1	1	-1
705	7	947.92	1	1	-1
705	7	982.73	1	1	-1
705	7	1591.9	0	1	-1
705	7	1422.5	0	1	-1
705	7	2313.4	1	1	-1
705	7	1020.3	1	1	-1
705	7	1144.8	1	1	-1
705	7	979.58	1	1	-1
705	7	1046.5	0	1	-1
705	7	1180.1	1	1	-1
705	7	794.15	1	1	-1
705	7	1349.9	0	1	-1
705	7	866.49	0	1	-1
705	7	643.5	1	1	-1
705	7	818.75	1	1	-1
705	7	1678.5	0	1	-1
705	7	1627.3	1	1	-1
705	7	1435.3	1	1	-1
705	7	874.51	1	1	-1
705	7	574.33	1	1	-1
705	7	702.23	1	1	-1
705	7	1523.4	1	1	-1
705	7	517.29	1	1	-1
705	7	825.09	1	1	-1
705	7	709.34	1	1	-1
705	7	839.9	1	1	-1
705	7	650.06	1	1	-1
705	7	677.33	1	1	-1
705	7	820	1	1	-1
705	7	568.27	1	1	-1
705	7	635.05	1	1	-1
705	7	799.82	1	1	-1
705	7	948.66	1	1	-1
705	7	585.41	1	1	-1
705	7	629.09	1	1	-1
705	7	793.22	1	1	-1
705	7	665.29	1	1	-1
705	7	599.65	1	1	-1
705	7	953.24	1	1	-1
705	7	676.88	1	1	-1
705	7	680.71	1	1	-1
705	7	840.68	1	1	-1
705	7	758.41	1	1	-1
705	7	1057.9	1	1	-1
705	7	767.96	1	1	-1
705	7	1006.2	1	1	-1
705	7	1022.9	1	1	-1
705	7	1092.4	1	1	-1
705	7	1363.9	0	1	-1
705	7	1705.8	0	1	-1
705	7	1038.1	1	1	-1
705	7	1351.1	1	1	-1
705	7	2864.5	1	1	-1
705	7	711.62	1	1	-1
705	7	877.82	1	1	-1
705	7	809.55	1	1	-1
705	7	1448.4	1	1	-1
705	7	606.02	1	1	-1
705	7	1818	1	1	-1
705	7	914.41	1	1	-1
705	7	713.05	1	1	-1
705	7	622.14	1	1	-1
705	7	949.88	1	1	-1
705	7	969.49	1	1	-1
705	7	1317.9	1	1	-1
705	7	1563.8	1	1	-1
705	7	770.63	1	1	-1
705	7	906.64	1	1	-1
705	7	1153.3	1	1	-1
705	7	963.84	1	1	-1
705	7	720.2	1	1	-1
705	7	1330.5	1	1	-1
705	7	1419.3	1	1	-1
705	7	1690	1	1	-1
705	7	795.53	1	1	-1
705	7	663.01	1	1	-1
705	7	994.58	1	1	-1
705	7	705.22	1	1	-1
705	7	1300.4	1	1	-1
705	7	781.56	1	1	-1
705	7	945.38	1	1	-1
705	7	1345.4	1	1	-1
705	7	810.28	1	1	-1
705	7	888.01	1	1	-1
705	7	2483.8	1	1	-1
705	7	2979	1	1	-1
705	7	1143.5	1	1	-1
705	7	822.52	1	1	-1
705	7	699.18	1	1	-1
705	7	2016.5	1	1	-1
705	7	635.37	1	1	-1
705	7	1239.8	1	1	-1
705	7	903.18	1	1	-1
705	7	687.13	1	1	-1
705	7	1266.6	0	1	-1
705	7	1020	1	1	-1
705	7	963.07	1	1	-1
705	7	1034.7	1	1	-1
705	7	861.25	1	1	-1
705	7	967.24	1	1	-1
705	7	1137.6	1	1	-1
705	7	2338.6	1	1	-1
705	7	1650.9	0	1	-1
705	7	1131.7	1	1	-1
705	7	718.65	1	1	-1
705	7	2063.6	1	1	-1
705	7	897.36	1	1	-1
705	7	799.97	1	1	-1
705	7	837.1	1	1	-1
705	7	609.16	1	1	-1
705	7	758.22	1	1	-1
705	7	1093.3	0	1	-1
705	7	788.11	1	1	-1
705	7	1509.4	0	1	-1
705	7	1872.8	1	1	-1
705	7	2671.8	1	1	-1
705	7	2136.9	0	1	-1
705	7	2626	1	1	-1
705	7	3681.1	0	1	-1
705	7	1001.3	1	1	-1
705	7	2410	1	1	-1
705	7	688.11	1	1	-1
705	7	889.34	1	1	-1
705	7	794.35	1	1	-1
705	7	1101.5	1	1	-1
705	7	751.11	1	1	-1
705	7	814	1	1	-1
705	7	1240.3	1	1	-1
705	7	692.68	1	1	-1
705	7	1015.5	1	1	-1
705	7	953.62	1	1	-1
705	7	948.52	1	1	-1
705	7	692.17	1	1	-1
705	7	651.64	1	1	-1
705	7	617.61	1	1	-1
705	7	1214.2	1	1	-1
705	7	810.76	1	1	-1
705	7	1027.1	1	1	-1
705	7	693.63	1	1	-1
705	7	1291.2	1	1	-1
705	7	628.45	1	1	-1
705	7	634.5	1	1	-1
705	7	724.35	1	1	-1
705	7	483.23	1	1	-1
705	7	840.45	1	1	-1
705	7	1255.5	1	1	-1
705	7	1688.9	1	1	-1
705	7	981.38	1	1	-1
705	7	1003	1	1	-1
705	7	1000.1	1	1	-1
705	7	650.21	1	1	-1
705	7	1817.6	0	1	-1
705	7	1893.3	1	1	-1
705	7	798.86	1	1	-1
705	7	788.35	1	1	-1
705	7	1203.7	1	1	-1
705	7	991.19	1	1	-1
705	7	884.31	1	1	-1
705	7	675.66	1	1	-1
705	7	688.45	1	1	-1
705	7	1455.3	1	1	-1
705	7	1776.1	1	1	-1
705	7	1878.4	1	1	-1
705	7	1952.1	1	1	-1
705	7	1636.9	1	1	-1
705	7	1287.4	1	1	-1
705	7	1205.1	1	1	-1
705	7	1603.4	1	1	-1
705	7	1365.1	1	1	-1
705	7	817.67	1	1	-1
705	7	1977.5	1	1	-1
705	7	2028.5	1	1	-1
705	7	1435.4	1	1	-1
705	7	806.42	1	1	-1
705	7	1374.2	1	1	-1
705	7	1300.1	0	1	-1
705	7	2079.3	1	1	-1
705	7	1061.3	1	1	-1
705	7	1562.4	1	1	-1
705	7	2028	1	1	-1
705	7	1847.9	1	1	-1
705	7	1577.8	1	1	-1
705	7	1929.4	1	1	-1
705	7	2137.8	1	1	-1
705	7	1283	1	1	-1
705	7	2807.2	1	1	-1
705	7	926.27	1	1	-1
705	7	2430.8	1	1	-1
705	7	1375.8	1	1	-1
705	7	2742.6	1	1	-1
705	7	2397.3	1	1	-1
705	7	700.65	1	1	-1
705	7	2464.7	1	1	-1
705	7	1562.5	1	1	-1
705	7	2189.2	0	1	-1
705	7	1439.9	1	1	-1
705	7	2210.7	1	1	-1
705	7	1999.1	1	1	-1
705	7	2999.8	0	1	-1
705	7	2094.4	1	1	-1
705	7	1037.5	1	1	-1
705	7	1189	1	1	-1
705	7	1311.5	1	1	-1
705	7	1197.7	1	1	-1
705	7	1597.3	1	1	-1
705	7	2842.6	1	1	-1
705	7	980.77	1	1	-1
705	7	1247.7	1	1	-1
705	7	901.19	1	1	-1
705	7	746.47	1	1	-1
705	7	1432.5	1	1	-1
705	7	1717.9	1	-1	2
705	7	1770.9	1	-1	2
705	7	2807.7	1	-1	2
705	7	2395.8	1	-1	2
705	7	1582.6	1	-1	2
705	7	957.83	1	-1	2
705	7	1648.9	1	-1	2
705	7	1241.7	1	-1	2
705	7	1719.5	1	-1	2
705	7	1947.6	1	-1	2
705	7	1601.7	1	-1	2
705	7	2335	1	-1	2
705	7	2176.5	1	-1	2
705	7	911.26	1	-1	2
705	7	1180.9	1	-1	2
705	7	628.58	1	-1	2
705	7	489.79	1	-1	2
705	7	453.85	1	-1	2
705	7	697.71	1	-1	2
705	7	587.36	1	-1	2
705	7	749.17	1	-1	2
705	7	910.35	1	-1	2
705	7	842.88	1	-1	2
705	7	796.49	1	-1	2
705	7	565.08	1	-1	2
705	7	907.55	1	-1	2
705	7	1085.7	1	-1	2
705	7	681.3	1	-1	2
705	7	825.9	1	-1	2
705	7	624.01	1	-1	2
705	7	948.63	1	-1	2
705	7	844.41	1	-1	2
705	7	911.14	0	-1	2
705	7	1708	1	-1	2
705	7	947.96	1	-1	2
705	7	720.96	1	-1	2
705	7	1186.7	1	-1	2
705	7	997.32	1	-1	2
705	7	797.11	1	-1	2
705	7	642.99	1	-1	2
705	7	788.22	1	-1	2
705	7	579.97	1	-1	2
705	7	586.84	1	-1	2
705	7	556.29	1	-1	2
705	7	764.85	1	-1	2
705	7	802.48	1	-1	2
705	7	521.82	1	-1	2
705	7	686.92	1	-1	2
705	7	758.35	1	-1	2
705	7	1172.5	0	-1	2
705	7	867.48	1	-1	2
705	7	594.73	1	-1	2
705	7	708.42	1	-1	2
705	7	661.4	1	-1	2
705	7	613.67	1	-1	2
705	7	682.52	1	-1	2
705	7	595.77	1	-1	2
705	7	459.2	1	-1	2
705	7	601.19	1	-1	2
705	7	768.45	1	-1	2
705	7	609.62	1	-1	2
705	7	598.09	1	-1	2
705	7	711.34	1	-1	2
705	7	814.38	1	-1	2
705	7	1569.9	1	-1	2
705	7	788.16	1	-1	2
705	7	830.39	1	-1	2
705	7	563.19	1	-1	2
705	7	886.27	1	-1	2
705	7	790.29	1	-1	2
705	7	812.63	1	-1	2
705	7	984.45	1	-1	2
705	7	897.48	1	-1	2
705	7	769.12	1	-1	2
705	7	813.06	1	-1	2
705	7	605.58	1	-1	2
705	7	849.43	1	-1	2
705	7	941.48	1	-1	2
705	7	751.43	1	-1	2
705	7	677.2	1	-1	2
705	7	775.6	1	-1	2
705	7	839.88	1	-1	2
705	7	2564.9	0	-1	2
705	7	617.01	1	-1	2
705	7	705.99	1	-1	2
705	7	771.05	1	-1	2
705	7	884.13	1	-1	2
705	7	945.22	1	-1	2
705	7	721.09	1	-1	2
705	7	937.16	1	-1	2
705	7	845.2	1	-1	2
705	7	849.07	1	-1	2
705	7	710.88	1	-1	2
705	7	895.29	1	-1	2
705	7	907.62	1	-1	2
705	7	640.4	1	-1	2
705	7	1020.2	1	-1	2
705	7	759.62	1	-1	2
705	7	936.28	1	-1	2
705	7	619.39	1	-1	2
705	7	579.28	1	-1	2
705	7	700.83	1	-1	2
705	7	800.16	1	-1	2
705	7	917.29	1	-1	2
705	7	874.91	1	-1	2
705	7	772.96	1	-1	2
705	7	707.43	1	-1	2
705	7	628.97	1	-1	2
705	7	569.22	1	-1	2
705	7	817.48	1	-1	2
705	7	596.11	1	-1	2
705	7	640.9	1	-1	2
705	7	657.76	1	-1	2
705	7	691.53	1	-1	2
705	7	618.6	1	-1	2
705	7	1199.3	1	-1	2
705	7	684.82	1	-1	2
705	7	836.96	1	-1	2
705	7	926.76	1	-1	2
705	7	911.83	1	-1	2
705	7	910.42	1	-1	2
705	7	949.2	1	-1	2
705	7	666.55	1	-1	2
705	7	680.23	1	-1	2
705	7	698.18	1	-1	2
705	7	1896.7	1	-1	2
705	7	960.94	1	-1	2
705	7	706.95	1	-1	2
705	7	808.54	1	-1	2
705	7	957.5	1	-1	2
705	7	642.5	1	-1	2
705	7	741.29	1	-1	2
705	7	623.6	1	-1	2
705	7	812.75	1	-1	2
705	7	600.23	1	-1	2
705	7	741.67	1	-1	2
705	7	668.77	1	-1	2
705	7	735.56	1	-1	2
705	7	804.31	1	-1	2
705	7	746.26	1	-1	2
705	7	718.25	1	-1	2
705	7	635.14	1	-1	2
705	7	661.77	1	-1	2
705	7	876.28	1	-1	2
705	7	678.16	1	-1	2
705	7	640.3	1	-1	2
705	7	1096.7	1	-1	2
705	7	660.07	1	-1	2
705	7	840.59	1	-1	2
705	7	1635.4	1	-1	2
705	7	592.47	1	-1	2
705	7	646.5	1	-1	2
705	7	639.41	1	-1	2
705	7	1022.1	1	-1	2
705	7	807.3	1	-1	2
705	7	781.9	1	-1	2
705	7	661.32	1	-1	2
705	7	781.2	1	-1	2
705	7	1015.8	1	-1	2
705	7	866.71	1	-1	2
705	7	629.58	1	-1	2
705	7	566.69	1	-1	2
705	7	769.09	1	-1	2
705	7	949.91	1	-1	2
705	7	1038.9	1	-1	2
705	7	538.66	1	-1	2
705	7	800.82	1	-1	2
705	7	824.07	1	-1	2
705	7	601.71	1	-1	2
705	7	530.7	1	-1	2
705	7	894.66	1	-1	2
705	7	759.7	1	-1	2
705	7	550.82	1	-1	2
705	7	898.62	1	-1	2
705	7	651.08	1	-1	2
705	7	563.56	0	-1	2
705	7	554.37	1	-1	2
705	7	553.01	1	-1	2
705	7	575.18	1	-1	2
705	7	827.8	1	-1	2
705	7	730.05	1	-1	2
705	7	862.43	1	-1	2
705	7	701.82	1	-1	2
705	7	652.69	1	-1	2
705	7	612.52	1	-1	2
705	7	885.82	1	-1	2
705	7	570.89	1	-1	2
705	7	665.66	1	-1	2
705	7	1428	1	-1	2
705	7	850.43	1	-1	2
705	7	1649.8	1	-1	2
705	7	730.92	1	-1	2
705	7	880.98	1	-1	2
705	7	659.18	1	-1	2
705	7	1003.3	1	-1	2
705	7	740	1	-1	2
705	7	1024.1	1	-1	2
705	7	1015.4	1	-1	2
705	7	657.12	1	-1	2
705	7	646.05	1	-1	2
705	7	667.13	1	-1	2
705	7	595.09	1	-1	2
705	7	501.48	1	-1	2
705	7	739.55	1	-1	2
705	7	545.5	1	-1	2
705	7	1667.1	1	-1	2
705	7	675.32	1	-1	2
705	7	632.22	1	-1	2
705	7	577.57	1	-1	2
705	7	518.46	1	-1	2
705	7	742.19	1	-1	2
705	7	532.1	1	-1	2
705	7	634.83	1	-1	2
705	7	995.94	1	-1	2
705	7	904.9	1	-1	2
705	7	1164.4	1	-1	2
705	7	618.31	1	-1	2
705	7	957.71	1	-1	2
705	7	664.75	1	-1	2
705	7	1026.4	1	-1	2
705	7	1256.9	1	-1	2
705	7	796.21	1	-1	2
705	7	714.37	1	-1	2
705	7	2438	1	-1	2
705	7	602.61	1	-1	2
705	7	995.06	1	-1	2
705	7	568.47	1	-1	2
705	7	746.12	1	-1	2
705	7	948.63	1	-1	2
705	7	1188.8	1	-1	2
705	7	654.58	1	-1	2
705	7	1194.3	1	-1	2
705	7	611.83	1	-1	2
705	7	750.06	1	-1	2
705	7	527.22	1	-1	2
705	7	871.97	1	-1	2
705	7	1170.7	1	-1	2
705	7	658.74	1	-1	2
705	7	1020.9	1	-1	2
705	7	773.72	1	-1	2
705	7	1367.3	1	-1	2
705	7	611.9	1	-1	2
705	7	1112.8	1	-1	2
705	7	723.29	1	-1	2
705	7	1048.2	1	-1	2
705	7	659.54	1	-1	2
705	7	909.84	1	-1	2
705	7	881.5	1	-1	2
705	7	576.05	1	-1	2
705	7	658.61	1	-1	2
705	7	836.41	1	-1	2
705	7	601.88	1	-1	2
705	7	1161.9	1	-1	2
705	7	763.24	1	-1	2
705	7	1241	1	-1	2
705	7	1071.5	1	-1	2
705	7	1108	1	-1	2
705	7	1349.5	1	-1	2
705	7	868.82	1	-1	2
705	7	938.99	1	-1	2
705	7	669.13	1	-1	2
705	7	572.6	1	-1	2
705	7	852.41	1	-1	2
705	7	956.07	1	-1	2
705	7	591.58	1	-1	2
705	7	661.06	1	-1	2
705	7	806.69	1	-1	2
705	7	796.92	1	-1	2
705	7	683.18	1	-1	2
705	7	3053.8	1	-1	2
705	7	611.5	1	-1	2
705	7	828.12	1	-1	2
705	7	943.88	1	-1	2
705	7	899.64	1	-1	2
705	7	608.27	1	-1	2
705	7	557.35	1	-1	2
705	7	660.78	1	-1	2
705	7	1164.3	1	-1	2
705	7	520.91	1	-1	2
705	7	541.44	1	-1	2
705	7	1030.1	1	-1	2
705	7	1215.4	1	-1	2
705	7	648.72	1	-1	2
705	7	714.36	1	-1	2
705	7	875.05	1	-1	2
705	7	1821.3	1	-1	2
705	7	585.43	1	-1	2
705	7	971.9	1	-1	2
705	7	791.43	1	-1	2
705	7	816.9	1	-1	2
705	7	1777.3	1	-1	2
705	7	659.43	1	-1	2
705	7	1011.4	1	-1	2
705	7	645.18	1	-1	2
705	7	1180.9	1	-1	2
705	7	1732.1	1	-1	2
705	7	1342.8	1	-1	2
705	7	1247.7	1	-1	2
705	7	1274.3	1	-1	2
705	7	873.31	1	-1	2
705	7	645.37	1	-1	2
705	7	1313.4	1	-1	2
705	7	2045.7	1	-1	2
705	7	1081.6	1	-1	2
705	7	1975.3	1	-1	2
705	7	1213.6	1	-1	2
705	7	902.29	1	-1	2
705	7	2558.3	1	-1	2
705	7	971.43	1	-1	2
705	7	2279.6	1	-1	2
705	7	1708.1	1	-1	2
705	7	1025.6	1	-1	2
705	7	1401	1	-1	2
705	7	2069	1	-1	2
705	7	949.7	1	-1	2
705	7	1053.5	1	-1	2
705	7	1857.3	1	-1	2
705	7	2224.4	1	-1	2
705	7	2743.2	1	-1	2
705	7	2246.8	1	-1	2
705	7	747.51	1	-1	2
705	7	1983.5	0	-1	2
705	7	1446.4	1	-1	2
705	7	1300.5	1	-1	2
705	7	1592.3	1	-1	2
705	7	1306.2	1	-1	2
705	7	3753.8	1	-1	2
705	7	2241.9	1	-1	2
705	7	1181.7	1	-1	2
705	7	869.66	1	-1	2
705	7	1885	1	-1	2
705	7	2718.7	1	-1	2
705	7	1940.4	1	-1	2
705	7	1651	1	-1	2
705	7	1623.2	1	-1	2
705	7	2517.1	1	-1	2
705	7	3004.6	1	-1	2
705	7	2297.1	1	-1	2
705	7	1436.5	1	-1	2
705	7	765.44	1	-1	2
705	7	2486.7	1	-1	2
705	7	1238	1	-1	2
705	7	2313	1	-1	2
705	7	1956.1	1	-1	2
705	7	1875.7	1	-1	2
705	7	714.78	0	-1	2
705	7	2358.7	1	-1	2
705	7	1816.2	0	-1	2
705	7	641.56	1	-1	2
705	7	1005.7	1	-1	2
705	7	2001.1	1	-1	1
705	7	1499.3	1	-1	1
705	7	1178.3	1	-1	1
705	7	2076.9	1	-1	1
705	7	2492.9	1	-1	1
705	7	1678.1	1	-1	1
705	7	1299.4	1	-1	1
705	7	742.3	1	-1	1
705	7	980.61	1	-1	1
705	7	991.58	1	-1	1
705	7	1227.7	1	-1	1
705	7	1487	1	-1	1
705	7	912.2	1	-1	1
705	7	1650.6	1	-1	1
705	7	1053.9	1	-1	1
705	7	718.7	1	-1	1
705	7	875.77	1	-1	1
705	7	1281.4	1	-1	1
705	7	1118.3	1	-1	1
705	7	1363.5	1	-1	1
705	7	520.49	1	-1	1
705	7	1072.5	1	-1	1
705	7	950.34	1	-1	1
705	7	1032.9	1	-1	1
705	7	1095.8	1	-1	1
705	7	818.32	1	-1	1
705	7	756.35	1	-1	1
705	7	649.33	1	-1	1
705	7	748.48	1	-1	1
705	7	1043.9	1	-1	1
705	7	1496.2	1	-1	1
705	7	753.46	1	-1	1
705	7	713.1	1	-1	1
705	7	614.78	1	-1	1
705	7	738.95	1	-1	1
705	7	997.02	1	-1	1
705	7	648.94	1	-1	1
705	7	1419	1	-1	1
705	7	1472.7	1	-1	1
705	7	767.58	1	-1	1
705	7	536.95	1	-1	1
705	7	884.77	1	-1	1
705	7	804.92	1	-1	1
705	7	1815.5	0	-1	1
705	7	629.16	1	-1	1
705	7	626.12	1	-1	1
705	7	710.19	1	-1	1
705	7	712.51	1	-1	1
705	7	766.02	1	-1	1
705	7	729.16	1	-1	1
705	7	616.08	1	-1	1
705	7	834.27	1	-1	1
705	7	714.28	1	-1	1
705	7	767.26	1	-1	1
705	7	625.94	1	-1	1
705	7	1103.6	1	-1	1
705	7	569.98	1	-1	1
705	7	592.52	1	-1	1
705	7	637.32	1	-1	1
705	7	1141.1	1	-1	1
705	7	903.62	1	-1	1
705	7	790.64	1	-1	1
705	7	720.23	1	-1	1
705	7	1020.4	1	-1	1
705	7	668.23	1	-1	1
705	7	598.53	1	-1	1
705	7	1122.3	1	-1	1
705	7	1124.2	1	-1	1
705	7	667.01	1	-1	1
705	7	1074.3	1	-1	1
705	7	877.17	1	-1	1
705	7	609.17	1	-1	1
705	7	765.83	1	-1	1
705	7	820	1	-1	1
705	7	790.37	0	-1	1
705	7	964.56	1	-1	1
705	7	568.83	1	-1	1
705	7	890.19	1	-1	1
705	7	698.2	1	-1	1
705	7	888.29	1	-1	1
705	7	809.98	1	-1	1
705	7	728.6	1	-1	1
705	7	671.31	1	-1	1
705	7	640.58	1	-1	1
705	7	1279.6	1	-1	1
705	7	898	1	-1	1
705	7	968.92	1	-1	1
705	7	1223.4	1	-1	1
705	7	744.25	1	-1	1
705	7	1179.8	1	-1	1
705	7	592.03	1	-1	1
705	7	731.55	1	-1	1
705	7	1074.4	1	-1	1
705	7	848.96	1	-1	1
705	7	703.62	1	-1	1
705	7	691.56	1	-1	1
705	7	1600.7	1	-1	1
705	7	682.13	1	-1	1
705	7	1138	1	-1	1
705	7	1105.7	1	-1	1
705	7	668.73	1	-1	1
705	7	775.61	1	-1	1
705	7	521.99	1	-1	1
705	7	957.33	1	-1	1
705	7	741.35	1	-1	1
705	7	733.12	1	-1	1
705	7	778.28	1	-1	1
705	7	761.21	1	-1	1
705	7	649.79	1	-1	1
705	7	714.84	1	-1	1
705	7	577.27	1	-1	1
705	7	673.38	1	-1	1
705	7	1247.8	1	-1	1
705	7	620.56	1	-1	1
705	7	670.74	1	-1	1
705	7	726.78	1	-1	1
705	7	944.52	1	-1	1
705	7	717.62	1	-1	1
705	7	818.69	1	-1	1
705	7	1041	1	-1	1
705	7	657.31	1	-1	1
705	7	662.77	1	-1	1
705	7	638.36	1	-1	1
705	7	731.46	1	-1	1
705	7	1118.1	1	-1	1
705	7	1009.1	1	-1	1
705	7	1358.7	1	-1	1
705	7	819.67	1	-1	1
705	7	578.37	1	-1	1
705	7	1333.7	1	-1	1
705	7	724.82	1	-1	1
705	7	872.32	1	-1	1
705	7	712.47	1	-1	1
705	7	781.36	1	-1	1
705	7	607.01	1	-1	1
705	7	801.92	1	-1	1
705	7	681.91	1	-1	1
705	7	985.88	1	-1	1
705	7	655.76	1	-1	1
705	7	3880.6	1	-1	1
705	7	623.01	1	-1	1
705	7	635.43	1	-1	1
705	7	662.22	1	-1	1
705	7	999.93	1	-1	1
705	7	874.62	1	-1	1
705	7	811.03	1	-1	1
705	7	984.6	1	-1	1
705	7	911.68	1	-1	1
705	7	919.73	1	-1	1
705	7	1070.5	1	-1	1
705	7	551.14	1	-1	1
705	7	642.6	1	-1	1
705	7	611.29	1	-1	1
705	7	985.45	1	-1	1
705	7	602.33	1	-1	1
705	7	684	1	-1	1
705	7	1255.4	1	-1	1
705	7	697.57	1	-1	1
705	7	714.45	1	-1	1
705	7	661.81	1	-1	1
705	7	524.95	1	-1	1
705	7	677.25	1	-1	1
705	7	535.2	1	-1	1
705	7	649.71	1	-1	1
705	7	464	1	-1	1
705	7	764.45	1	-1	1
705	7	818.44	1	-1	1
705	7	613.66	1	-1	1
705	7	565.26	1	-1	1
705	7	570.41	1	-1	1
705	7	514.63	1	-1	1
705	7	770.12	1	-1	1
705	7	526.45	1	-1	1
705	7	622.15	1	-1	1
705	7	608.79	1	-1	1
705	7	579.73	1	-1	1
705	7	629.34	1	-1	1
705	7	799.39	1	-1	1
705	7	908.54	1	-1	1
705	7	634.95	1	-1	1
705	7	717.86	1	-1	1
705	7	536.41	1	-1	1
705	7	805.19	1	-1	1
705	7	674.58	1	-1	1
705	7	666.29	1	-1	1
705	7	959.73	1	-1	1
705	7	943.86	1	-1	1
705	7	838.49	1	-1	1
705	7	712.64	1	-1	1
705	7	633.02	1	-1	1
705	7	1013.3	1	-1	1
705	7	1316	1	-1	1
705	7	737.79	1	-1	1
705	7	2691.7	1	-1	1
705	7	730.06	1	-1	1
705	7	615.1	1	-1	1
705	7	825.86	1	-1	1
705	7	739.57	1	-1	1
705	7	760.59	1	-1	1
705	7	626.04	1	-1	1
705	7	561.26	1	-1	1
705	7	603.46	1	-1	1
705	7	839.81	1	-1	1
705	7	733.69	1	-1	1
705	7	718.57	1	-1	1
705	7	707.69	1	-1	1
705	7	700.09	1	-1	1
705	7	652.1	1	-1	1
705	7	691.1	1	-1	1
705	7	645.36	1	-1	1
705	7	814.83	1	-1	1
705	7	606.74	1	-1	1
705	7	817.63	1	-1	1
705	7	638.56	1	-1	1
705	7	614.53	1	-1	1
705	7	781.85	1	-1	1
705	7	710.93	1	-1	1
705	7	865.88	1	-1	1
705	7	777.62	1	-1	1
705	7	728.65	1	-1	1
705	7	990.98	1	-1	1
705	7	578.07	1	-1	1
705	7	1056.1	1	-1	1
705	7	1110.5	1	-1	1
705	7	670.17	1	-1	1
705	7	570.69	1	-1	1
705	7	1385.7	1	-1	1
705	7	670.01	1	-1	1
705	7	543.23	1	-1	1
705	7	822.94	1	-1	1
705	7	845.32	1	-1	1
705	7	738.94	1	-1	1
705	7	650.46	1	-1	1
705	7	571.32	1	-1	1
705	7	570.79	1	-1	1
705	7	1020.8	1	-1	1
705	7	749.62	1	-1	1
705	7	783.9	1	-1	1
705	7	982.04	1	-1	1
705	7	711.69	1	-1	1
705	7	1719.4	1	-1	1
705	7	776.13	1	-1	1
705	7	660.6	1	-1	1
705	7	755.53	1	-1	1
705	7	800.73	1	-1	1
705	7	677.08	1	-1	1
705	7	1203.9	1	-1	1
705	7	639.32	1	-1	1
705	7	704.89	1	-1	1
705	7	565.38	1	-1	1
705	7	884.93	1	-1	1
705	7	617.98	1	-1	1
705	7	1250.1	1	-1	1
705	7	974.16	1	-1	1
705	7	818.35	1	-1	1
705	7	926.76	1	-1	1
705	7	1200.8	1	-1	1
705	7	734.43	1	-1	1
705	7	1469.1	1	-1	1
705	7	946.65	1	-1	1
705	7	695.41	1	-1	1
705	7	1133.6	1	-1	1
705	7	1082.2	1	-1	1
705	7	903.49	1	-1	1
705	7	602.08	1	-1	1
705	7	729.32	1	-1	1
705	7	644.63	1	-1	1
705	7	761.91	1	-1	1
705	7	765.79	1	-1	1
705	7	821.93	1	-1	1
705	7	1162.9	1	-1	1
705	7	779.67	1	-1	1
705	7	703.43	1	-1	1
705	7	596.76	1	-1	1
705	7	818.8	1	-1	1
705	7	740.15	1	-1	1
705	7	610.91	1	-1	1
705	7	814.97	1	-1	1
705	7	885.22	1	-1	1
705	7	720.01	1	-1	1
705	7	979.3	1	-1	1
705	7	744.43	1	-1	1
705	7	762.13	1	-1	1
705	7	742.06	1	-1	1
705	7	1838.6	1	-1	1
705	7	655.07	1	-1	1
705	7	1389	1	-1	1
705	7	1237.5	1	-1	1
705	7	2760.8	1	-1	1
705	7	1307.7	1	-1	1
705	7	821.8	1	-1	1
705	7	1128.4	1	-1	1
705	7	809.69	1	-1	1
705	7	559.57	1	-1	1
705	7	1195.2	1	-1	1
705	7	1032.7	1	-1	1
705	7	938.92	1	-1	1
705	7	1356.3	1	-1	1
705	7	1058.4	1	-1	1
705	7	975.28	1	-1	1
705	7	801.4	1	-1	1
705	7	2626.5	1	-1	1
705	7	1294.6	1	-1	1
705	7	1247.1	1	-1	1
705	7	704.96	1	-1	1
705	7	1058.5	1	-1	1
705	7	1830.8	1	-1	1
705	7	1409.1	1	-1	1
705	7	1356.5	1	-1	1
705	7	1351.7	1	-1	1
705	7	623.07	1	-1	1
705	7	689.76	1	-1	1
705	7	1749.9	1	-1	1
705	7	1299.7	1	-1	1
705	7	2792.7	1	-1	1
705	7	904.52	1	-1	1
705	7	1517	1	-1	1
705	7	628.03	1	-1	1
705	7	1643.5	1	-1	1
705	7	2837.3	1	-1	1
705	7	1826.9	1	-1	1
705	7	1728.1	1	-1	1
705	7	1805.8	1	-1	1
705	7	1773	1	-1	1
705	7	1538.7	1	-1	1
705	7	1857.6	0	-1	1
705	7	1626.8	1	-1	1
705	7	2504.1	1	-1	1
705	7	1056	1	-1	1
705	7	1484.9	1	-1	1
705	7	1303.3	1	-1	1
705	7	1903.6	1	-1	1
705	7	2870.3	1	-1	1
705	7	803.27	1	-1	1
705	7	1726.4	1	-1	1
705	7	2874.4	1	-1	1
705	7	1195	1	-1	1
705	7	983.7	1	-1	1
705	7	964.6	1	-1	1
705	7	2128.9	0	-1	1
705	7	2333	1	-1	1
705	7	1780.7	1	-1	1
705	7	1642.2	1	-1	1
705	7	1593.6	1	-1	1
705	7	3301.1	1	-1	1
705	7	1827.9	1	-1	1
705	7	1112.3	1	-1	1
705	7	2692.3	1	-1	1
705	7	2242.7	1	-1	1
705	7	854.68	1	-1	1
705	7	1925.7	1	-1	-1
705	7	2334.6	1	-1	-1
705	7	1585.3	1	-1	-1
705	7	2247.5	1	-1	-1
705	7	2508.4	1	-1	-1
705	7	2242.3	1	-1	-1
705	7	926.95	1	-1	-1
705	7	1161.2	1	-1	-1
705	7	963.92	1	-1	-1
705	7	1106	1	-1	-1
705	7	953.38	1	-1	-1
705	7	2107.9	1	-1	-1
705	7	798.13	1	-1	-1
705	7	695.2	1	-1	-1
705	7	819.82	1	-1	-1
705	7	1290.4	1	-1	-1
705	7	786.95	1	-1	-1
705	7	1479.6	1	-1	-1
705	7	1310.1	1	-1	-1
705	7	682.29	1	-1	-1
705	7	1788.9	1	-1	-1
705	7	2492.6	1	-1	-1
705	7	514.75	1	-1	-1
705	7	658.55	1	-1	-1
705	7	1144.4	1	-1	-1
705	7	526.38	1	-1	-1
705	7	747	1	-1	-1
705	7	998.78	1	-1	-1
705	7	670.47	1	-1	-1
705	7	763.76	1	-1	-1
705	7	1166.8	1	-1	-1
705	7	521.65	1	-1	-1
705	7	653.14	1	-1	-1
705	7	927.04	1	-1	-1
705	7	1028.1	1	-1	-1
705	7	730.43	1	-1	-1
705	7	587.04	1	-1	-1
705	7	587.11	1	-1	-1
705	7	596.03	1	-1	-1
705	7	585.67	1	-1	-1
705	7	763.5	1	-1	-1
705	7	725.09	1	-1	-1
705	7	823.43	1	-1	-1
705	7	777.09	1	-1	-1
705	7	1002.4	1	-1	-1
705	7	807.77	1	-1	-1
705	7	785.35	1	-1	-1
705	7	698.92	1	-1	-1
705	7	675.4	1	-1	-1
705	7	773.7	1	-1	-1
705	7	1073.6	1	-1	-1
705	7	667.36	1	-1	-1
705	7	1626	1	-1	-1
705	7	906.65	1	-1	-1
705	7	672.57	1	-1	-1
705	7	607.37	1	-1	-1
705	7	628.57	1	-1	-1
705	7	792.11	1	-1	-1
705	7	642.3	1	-1	-1
705	7	676.06	1	-1	-1
705	7	540.81	1	-1	-1
705	7	713.74	1	-1	-1
705	7	595.3	1	-1	-1
705	7	507.98	1	-1	-1
705	7	716.01	1	-1	-1
705	7	595.6	1	-1	-1
705	7	1354.7	1	-1	-1
705	7	1008.3	1	-1	-1
705	7	584.99	1	-1	-1
705	7	789.31	1	-1	-1
705	7	1271.6	1	-1	-1
705	7	863.98	1	-1	-1
705	7	722.4	1	-1	-1
705	7	561.72	1	-1	-1
705	7	685.8	1	-1	-1
705	7	710.5	1	-1	-1
705	7	703.14	1	-1	-1
705	7	776.11	1	-1	-1
705	7	888.07	1	-1	-1
705	7	830.43	1	-1	-1
705	7	985.77	1	-1	-1
705	7	861.01	1	-1	-1
705	7	780.11	1	-1	-1
705	7	868.03	1	-1	-1
705	7	727.97	1	-1	-1
705	7	599.13	1	-1	-1
705	7	871.68	1	-1	-1
705	7	885.1	1	-1	-1
705	7	628.14	1	-1	-1
705	7	761.21	1	-1	-1
705	7	1228.3	1	-1	-1
705	7	713.86	1	-1	-1
705	7	948.96	1	-1	-1
705	7	893.54	1	-1	-1
705	7	585.82	1	-1	-1
705	7	844.64	1	-1	-1
705	7	871.03	1	-1	-1
705	7	636.05	1	-1	-1
705	7	620.22	1	-1	-1
705	7	861.08	1	-1	-1
705	7	733	1	-1	-1
705	7	670.97	1	-1	-1
705	7	1628.5	1	-1	-1
705	7	627.39	1	-1	-1
705	7	725.29	1	-1	-1
705	7	1073.5	1	-1	-1
705	7	678.63	1	-1	-1
705	7	617.66	1	-1	-1
705	7	583.4	1	-1	-1
705	7	1112.7	1	-1	-1
705	7	877.41	1	-1	-1
705	7	820.29	1	-1	-1
705	7	559.69	1	-1	-1
705	7	622.01	1	-1	-1
705	7	757.9	1	-1	-1
705	7	1020.4	1	-1	-1
705	7	1021.6	1	-1	-1
705	7	601.2	1	-1	-1
705	7	818.26	1	-1	-1
705	7	721.35	1	-1	-1
705	7	1172	1	-1	-1
705	7	624.27	1	-1	-1
705	7	698.11	1	-1	-1
705	7	560.27	1	-1	-1
705	7	921.14	1	-1	-1
705	7	794.33	1	-1	-1
705	7	649.15	1	-1	-1
705	7	642.55	1	-1	-1
705	7	1416.9	1	-1	-1
705	7	699.81	1	-1	-1
705	7	1230.1	1	-1	-1
705	7	806.7	1	-1	-1
705	7	619.84	1	-1	-1
705	7	856.88	1	-1	-1
705	7	698.05	1	-1	-1
705	7	700.91	1	-1	-1
705	7	1419.4	1	-1	-1
705	7	798.92	1	-1	-1
705	7	657.16	1	-1	-1
705	7	784.47	1	-1	-1
705	7	761.74	1	-1	-1
705	7	686.59	1	-1	-1
705	7	1598.5	1	-1	-1
705	7	935.31	1	-1	-1
705	7	700.94	1	-1	-1
705	7	825.61	1	-1	-1
705	7	683.84	1	-1	-1
705	7	843.16	1	-1	-1
705	7	1399.7	1	-1	-1
705	7	865.89	1	-1	-1
705	7	889.13	1	-1	-1
705	7	827.78	1	-1	-1
705	7	603.04	1	-1	-1
705	7	687.69	1	-1	-1
705	7	835.22	1	-1	-1
705	7	970.87	1	-1	-1
705	7	535.06	1	-1	-1
705	7	624.27	1	-1	-1
705	7	722.57	1	-1	-1
705	7	1130.1	1	-1	-1
705	7	565.88	1	-1	-1
705	7	539.28	1	-1	-1
705	7	737.68	1	-1	-1
705	7	759.51	1	-1	-1
705	7	1130.2	1	-1	-1
705	7	625	1	-1	-1
705	7	496.66	1	-1	-1
705	7	631.09	1	-1	-1
705	7	505.31	1	-1	-1
705	7	753	1	-1	-1
705	7	571.59	1	-1	-1
705	7	625.67	1	-1	-1
705	7	533.93	1	-1	-1
705	7	592.57	1	-1	-1
705	7	717.79	1	-1	-1
705	7	570.97	1	-1	-1
705	7	578.24	1	-1	-1
705	7	619.85	1	-1	-1
705	7	472.99	1	-1	-1
705	7	928.41	1	-1	-1
705	7	558.05	1	-1	-1
705	7	506.54	1	-1	-1
705	7	501.95	1	-1	-1
705	7	597.68	1	-1	-1
705	7	588.79	1	-1	-1
705	7	818.49	1	-1	-1
705	7	701.73	1	-1	-1
705	7	788.74	1	-1	-1
705	7	590.16	1	-1	-1
705	7	931.44	1	-1	-1
705	7	1036.7	1	-1	-1
705	7	692.56	1	-1	-1
705	7	652.51	1	-1	-1
705	7	1053.3	1	-1	-1
705	7	778.74	1	-1	-1
705	7	808.06	1	-1	-1
705	7	1495.9	1	-1	-1
705	7	697.54	1	-1	-1
705	7	1081.5	1	-1	-1
705	7	591.66	1	-1	-1
705	7	815.86	1	-1	-1
705	7	648.14	1	-1	-1
705	7	670.15	1	-1	-1
705	7	717.37	1	-1	-1
705	7	848.24	1	-1	-1
705	7	589.9	1	-1	-1
705	7	635.6	1	-1	-1
705	7	619.6	1	-1	-1
705	7	743.61	1	-1	-1
705	7	759.31	1	-1	-1
705	7	551.16	1	-1	-1
705	7	668.54	1	-1	-1
705	7	632.15	1	-1	-1
705	7	667.75	1	-1	-1
705	7	634.29	1	-1	-1
705	7	632.9	1	-1	-1
705	7	595.06	1	-1	-1
705	7	552.31	1	-1	-1
705	7	586.92	1	-1	-1
705	7	746.27	1	-1	-1
705	7	630.75	1	-1	-1
705	7	703.34	1	-1	-1
705	7	848.15	1	-1	-1
705	7	1110.2	1	-1	-1
705	7	994.91	1	-1	-1
705	7	637.58	1	-1	-1
705	7	743.01	1	-1	-1
705	7	987.12	1	-1	-1
705	7	1052.1	1	-1	-1
705	7	768.65	1	-1	-1
705	7	729.02	1	-1	-1
705	7	1158.6	1	-1	-1
705	7	1834.9	1	-1	-1
705	7	924.44	1	-1	-1
705	7	806.41	1	-1	-1
705	7	1682.2	1	-1	-1
705	7	707.82	1	-1	-1
705	7	720.17	1	-1	-1
705	7	1037	1	-1	-1
705	7	616.22	1	-1	-1
705	7	1330.7	1	-1	-1
705	7	1901	1	-1	-1
705	7	756.68	1	-1	-1
705	7	590.72	1	-1	-1
705	7	1201.1	1	-1	-1
705	7	840.91	1	-1	-1
705	7	724.93	1	-1	-1
705	7	710.2	1	-1	-1
705	7	685.73	1	-1	-1
705	7	682.43	1	-1	-1
705	7	1142.3	1	-1	-1
705	7	1796.6	1	-1	-1
705	7	1562.4	1	-1	-1
705	7	1812.2	1	-1	-1
705	7	797.91	1	-1	-1
705	7	2075.6	1	-1	-1
705	7	1554	1	-1	-1
705	7	792.89	1	-1	-1
705	7	854.9	1	-1	-1
705	7	1052.8	1	-1	-1
705	7	692.09	1	-1	-1
705	7	1694.8	1	-1	-1
705	7	686.29	1	-1	-1
705	7	580.7	1	-1	-1
705	7	1026	1	-1	-1
705	7	879.58	1	-1	-1
705	7	635.06	1	-1	-1
705	7	690.99	1	-1	-1
705	7	735.83	1	-1	-1
705	7	693.96	1	-1	-1
705	7	1082.9	1	-1	-1
705	7	698.28	1	-1	-1
705	7	668.47	1	-1	-1
705	7	1115.3	1	-1	-1
705	7	779.22	1	-1	-1
705	7	612.27	1	-1	-1
705	7	778.13	1	-1	-1
705	7	864.49	1	-1	-1
705	7	671.43	1	-1	-1
705	7	1084.3	1	-1	-1
705	7	1047	1	-1	-1
705	7	621.36	1	-1	-1
705	7	1450.5	1	-1	-1
705	7	632.25	1	-1	-1
705	7	582.18	1	-1	-1
705	7	1283.1	1	-1	-1
705	7	750.9	1	-1	-1
705	7	2219.3	1	-1	-1
705	7	865.69	1	-1	-1
705	7	712.12	1	-1	-1
705	7	1795.8	1	-1	-1
705	7	1054.4	1	-1	-1
705	7	633.43	1	-1	-1
705	7	979.2	1	-1	-1
705	7	1084.3	1	-1	-1
705	7	966.56	1	-1	-1
705	7	1583.7	1	-1	-1
705	7	1918.5	1	-1	-1
705	7	1386.9	1	-1	-1
705	7	1897.7	1	-1	-1
705	7	850.26	1	-1	-1
705	7	879.63	1	-1	-1
705	7	2132.5	1	-1	-1
705	7	830.91	1	-1	-1
705	7	2288.5	1	-1	-1
705	7	1526.6	1	-1	-1
705	7	1747.2	1	-1	-1
705	7	1759.8	1	-1	-1
705	7	2290	1	-1	-1
705	7	2072.6	1	-1	-1
705	7	2419.1	1	-1	-1
705	7	2486.2	1	-1	-1
705	7	787.28	1	-1	-1
705	7	668.25	1	-1	-1
705	7	964.81	1	-1	-1
705	7	2253	1	-1	-1
705	7	2091.1	1	-1	-1
705	7	1802	1	-1	-1
705	7	2047.2	1	-1	-1
705	7	2173	1	-1	-1
705	7	1369.5	1	-1	-1
705	7	1563	1	-1	-1
705	7	1124.8	1	-1	-1
705	7	2255.2	1	-1	-1
705	7	1664.1	1	-1	-1
705	7	1069.1	1	-1	-1
705	7	789.76	1	-1	-1
705	7	2223.5	1	-1	-1
705	7	1862.4	1	-1	-1
705	7	1900.5	1	-1	-1
705	7	708.29	1	-1	-1
705	7	879.83	1	-1	-1
705	7	1003.9	1	-1	-1
705	7	1745.4	1	-1	-1
705	7	2061.3	1	-1	-1
705	7	1775.3	1	-1	-1
705	7	1659.2	1	-1	-1
705	7	1621.9	1	-1	-1
705	7	1962.1	1	-1	-1
705	7	2609.8	1	-1	-1
705	7	2169.4	1	-1	-1
705	7	1318.9	1	-1	-1
705	7	2543.1	1	-1	-1
705	7	2255.4	1	-1	-1
705	7	2322.1	1	-1	-1
705	7	716.03	1	-1	-1
705	7	2014.4	1	-1	-1
705	7	650.26	1	-1	-1
705	7	1467.8	1	-1	-1
