806	8	1897	1	2	2
806	8	1512.5	1	2	2
806	8	1386.7	1	2	2
806	8	1595.4	1	2	2
806	8	1318.7	1	2	2
806	8	2866.6	1	2	2
806	8	1623.2	1	2	2
806	8	1071	1	2	2
806	8	3823.6	1	2	2
806	8	1411	1	2	2
806	8	1167.9	1	2	2
806	8	2626.7	1	2	2
806	8	1440.4	1	2	2
806	8	2121.4	1	2	2
806	8	1856.4	1	2	2
806	8	1120.5	1	2	2
806	8	2610.8	1	2	2
806	8	2020.4	1	2	2
806	8	1164.9	1	2	2
806	8	1154.7	1	2	2
806	8	2030.4	1	2	2
806	8	1112	1	2	2
806	8	1103.3	1	2	2
806	8	1029.7	1	2	2
806	8	1131.5	1	2	2
806	8	1785.3	1	2	2
806	8	1423.6	1	2	2
806	8	1209.8	1	2	2
806	8	920.19	1	2	2
806	8	1663.5	1	2	2
806	8	822.34	1	2	2
806	8	1063.1	1	2	2
806	8	826.8	1	2	2
806	8	1368.8	1	2	2
806	8	2805.4	1	2	2
806	8	1417.3	1	2	2
806	8	1144.1	1	2	2
806	8	1205.2	1	2	2
806	8	2052.2	1	2	2
806	8	1491.5	1	2	2
806	8	1093.9	1	2	2
806	8	2094.2	1	2	2
806	8	800.53	1	2	2
806	8	1069.6	1	2	2
806	8	1169.5	1	2	2
806	8	932.61	1	2	2
806	8	805.59	1	2	2
806	8	765.13	1	2	2
806	8	783.05	1	2	2
806	8	1388	1	2	2
806	8	1117.3	1	2	2
806	8	956.55	1	2	2
806	8	1260.9	1	2	2
806	8	822.64	1	2	2
806	8	1141.4	1	2	2
806	8	1345.6	1	2	2
806	8	908.17	1	2	2
806	8	1255.6	1	2	2
806	8	1377.2	1	2	2
806	8	931.73	1	2	2
806	8	1886	1	2	2
806	8	974.78	1	2	2
806	8	991.67	1	2	2
806	8	1127.2	1	2	2
806	8	1208	1	2	2
806	8	1009.8	1	2	2
806	8	2051.5	1	2	2
806	8	3122.8	1	2	2
806	8	2059.3	1	2	2
806	8	850.18	1	2	2
806	8	932.28	1	2	2
806	8	632.88	1	2	2
806	8	1422.6	1	2	2
806	8	1515	1	2	2
806	8	1009.2	1	2	2
806	8	835.06	1	2	2
806	8	947.37	1	2	2
806	8	1106.5	1	2	2
806	8	1093.2	1	2	2
806	8	1245.2	1	2	2
806	8	841.68	1	2	2
806	8	596.65	1	2	2
806	8	854.42	1	2	2
806	8	1033.8	1	2	2
806	8	876.55	1	2	2
806	8	757.37	1	2	2
806	8	820.75	1	2	2
806	8	554.98	1	2	2
806	8	835.44	1	2	2
806	8	888.76	1	2	2
806	8	1504.1	1	2	2
806	8	865.64	1	2	2
806	8	1407.1	1	2	2
806	8	864.82	1	2	2
806	8	835.17	1	2	2
806	8	611.13	0	2	2
806	8	989.15	1	2	2
806	8	1191.8	1	2	2
806	8	610.83	1	2	2
806	8	798.85	1	2	2
806	8	1422.2	1	2	2
806	8	1228.8	1	2	2
806	8	857.75	1	2	2
806	8	1089.5	1	2	2
806	8	1177.3	1	2	2
806	8	1709.7	1	2	2
806	8	988.53	1	2	2
806	8	926.19	1	2	2
806	8	1097.7	1	2	2
806	8	1180.5	1	2	2
806	8	906.29	1	2	2
806	8	1119.7	1	2	2
806	8	850.26	1	2	2
806	8	1004.9	1	2	2
806	8	1227.6	1	2	2
806	8	1072.1	0	2	2
806	8	1538.5	1	2	2
806	8	988.83	1	2	2
806	8	2571.5	1	2	2
806	8	1149.6	1	2	2
806	8	1209.2	1	2	2
806	8	740.14	1	2	2
806	8	905.15	1	2	2
806	8	1109.4	1	2	2
806	8	905.15	1	2	2
806	8	867.6	1	2	2
806	8	915.2	1	2	2
806	8	1068.4	1	2	2
806	8	929.89	1	2	2
806	8	1201	1	2	2
806	8	653.11	1	2	2
806	8	630.68	1	2	2
806	8	739.06	1	2	2
806	8	690.83	1	2	2
806	8	831.59	1	2	2
806	8	1073.1	1	2	2
806	8	774.8	1	2	2
806	8	701.93	1	2	2
806	8	796.34	1	2	2
806	8	778.02	1	2	2
806	8	1029.2	1	2	2
806	8	872.17	1	2	2
806	8	645.4	1	2	2
806	8	724.38	1	2	2
806	8	827.79	1	2	2
806	8	945.11	1	2	2
806	8	706.74	0	2	2
806	8	921.46	1	2	2
806	8	849.41	1	2	2
806	8	944.05	1	2	2
806	8	1420.1	1	2	2
806	8	944.03	1	2	2
806	8	1771.4	1	2	2
806	8	863.41	1	2	2
806	8	937.08	1	2	2
806	8	1777.4	1	2	2
806	8	1450.1	1	2	2
806	8	777.45	1	2	2
806	8	805.5	1	2	2
806	8	928.81	1	2	2
806	8	765.12	1	2	2
806	8	800.73	1	2	2
806	8	2165	1	2	2
806	8	780.36	1	2	2
806	8	900.83	1	2	2
806	8	771.01	1	2	2
806	8	969.9	1	2	2
806	8	993.77	1	2	2
806	8	1396.3	1	2	2
806	8	796.59	1	2	2
806	8	987.72	1	2	2
806	8	793.83	1	2	2
806	8	1047.1	1	2	2
806	8	893.24	1	2	2
806	8	960.37	1	2	2
806	8	1018.6	1	2	2
806	8	1019.9	1	2	2
806	8	975.58	1	2	2
806	8	739.27	1	2	2
806	8	913.12	1	2	2
806	8	864.31	1	2	2
806	8	1681.4	1	2	2
806	8	1187.6	1	2	2
806	8	1296.3	1	2	2
806	8	1429	1	2	2
806	8	1307.2	1	2	2
806	8	2299	1	2	2
806	8	1217.9	1	2	2
806	8	974.59	1	2	2
806	8	1094.4	1	2	2
806	8	1238.6	1	2	2
806	8	1204.9	1	2	2
806	8	1165.1	1	2	2
806	8	788.26	1	2	2
806	8	3055.6	1	2	2
806	8	2459.5	1	2	2
806	8	1056.3	1	2	2
806	8	2571.9	1	2	2
806	8	793.59	1	2	2
806	8	1103.8	1	2	2
806	8	1578.3	1	2	2
806	8	689.38	1	2	2
806	8	728.64	1	2	2
806	8	1586.8	1	2	2
806	8	886.04	1	2	2
806	8	1203.5	1	2	2
806	8	854.95	1	2	2
806	8	1099.1	1	2	2
806	8	879.46	1	2	2
806	8	912.42	1	2	2
806	8	2093	1	2	2
806	8	993.89	1	2	2
806	8	3371.4	1	2	2
806	8	1326	1	2	2
806	8	1316.6	1	2	2
806	8	1496.8	1	2	2
806	8	864.06	1	2	2
806	8	1535.2	1	2	2
806	8	1014.3	1	2	2
806	8	928.37	1	2	2
806	8	1013.2	1	2	2
806	8	688.27	1	2	2
806	8	1567.9	1	2	2
806	8	2520	1	2	2
806	8	1181	1	2	2
806	8	822.79	1	2	2
806	8	2302	1	2	2
806	8	2615.2	1	2	2
806	8	2399.9	1	2	2
806	8	3167.2	1	2	2
806	8	902.07	1	2	2
806	8	790.35	1	2	2
806	8	1505.1	1	2	2
806	8	1356.4	1	2	2
806	8	3516.2	1	2	2
806	8	2961	1	2	2
806	8	1306.2	1	2	2
806	8	1674.6	1	2	2
806	8	1890.6	1	2	2
806	8	1240.5	1	2	2
806	8	935.85	1	2	2
806	8	859	1	2	2
806	8	948.99	1	2	2
806	8	1626	1	2	2
806	8	1672.3	1	2	2
806	8	1568.9	1	2	2
806	8	2504.2	1	2	2
806	8	1597.1	1	2	2
806	8	1916.4	1	2	2
806	8	1069.1	1	2	2
806	8	1752.6	1	2	2
806	8	3011	1	2	2
806	8	855.89	1	2	2
806	8	1189.2	1	2	2
806	8	2730.5	1	2	2
806	8	1634.1	1	2	2
806	8	833.48	1	2	2
806	8	1121.2	1	2	2
806	8	2349.1	1	2	2
806	8	830.47	1	2	2
806	8	1741.1	1	2	2
806	8	825.09	1	2	2
806	8	1265.7	1	2	2
806	8	854.1	1	2	2
806	8	928.5	1	2	2
806	8	903.79	1	2	2
806	8	1072.9	1	2	2
806	8	854.81	1	2	2
806	8	1349.2	1	2	2
806	8	1769.3	1	2	2
806	8	1066.3	1	2	2
806	8	1449.4	1	2	2
806	8	1030.9	1	2	2
806	8	1341.2	1	2	2
806	8	1828.2	1	2	2
806	8	770.83	1	2	2
806	8	1392.4	1	2	2
806	8	1143.3	1	2	2
806	8	795.75	1	2	2
806	8	1734	1	2	2
806	8	1880.2	1	2	2
806	8	1376.2	1	2	2
806	8	1260.9	1	2	2
806	8	1264.8	1	2	2
806	8	1001.2	1	2	2
806	8	1443.9	1	2	2
806	8	944.18	1	2	2
806	8	1190.7	1	2	2
806	8	1433.7	1	2	2
806	8	1216.8	1	2	2
806	8	4260.7	1	2	2
806	8	3146.2	1	2	2
806	8	2628.1	1	2	2
806	8	1446.2	1	2	2
806	8	2761.9	1	2	2
806	8	1334.3	1	2	2
806	8	2110	1	2	2
806	8	2250.5	1	2	2
806	8	759.19	1	2	2
806	8	872.53	1	2	2
806	8	917.88	1	2	2
806	8	3032.8	1	2	2
806	8	3373	1	2	2
806	8	1244.8	1	2	2
806	8	1778.2	1	2	2
806	8	3870.5	1	2	2
806	8	815.79	1	2	2
806	8	4201.3	1	2	2
806	8	1346.6	1	2	2
806	8	785.28	1	2	2
806	8	2550.4	1	2	2
806	8	976.46	1	2	2
806	8	2748.5	1	2	2
806	8	919.02	1	2	2
806	8	803.66	1	2	2
806	8	965.43	1	2	2
806	8	849.66	1	2	2
806	8	708.41	1	2	2
806	8	1012.2	1	2	2
806	8	2342.2	1	2	2
806	8	1182.7	1	2	2
806	8	769.38	1	2	2
806	8	1016.9	1	2	2
806	8	1035	1	2	2
806	8	959.8	1	2	2
806	8	665.73	1	2	2
806	8	934.52	1	2	2
806	8	1141.3	1	2	2
806	8	878.29	1	2	2
806	8	660.22	1	2	2
806	8	637.45	1	2	2
806	8	815.58	1	2	2
806	8	808.89	1	2	2
806	8	1210.1	1	2	2
806	8	891.78	1	2	2
806	8	1240.7	1	2	2
806	8	943.04	1	2	2
806	8	1355.6	1	2	2
806	8	868.32	1	2	2
806	8	721.81	1	2	2
806	8	870.83	1	2	2
806	8	799.73	1	2	2
806	8	1051.6	1	2	2
806	8	894.96	1	2	2
806	8	942.15	1	2	2
806	8	763.04	1	2	2
806	8	2398.5	1	2	2
806	8	1228.4	1	2	2
806	8	2329.9	1	2	1
806	8	1686.1	1	2	1
806	8	985.27	0	2	1
806	8	3160.7	1	2	1
806	8	904.3	1	2	1
806	8	1398.6	1	2	1
806	8	2067.9	1	2	1
806	8	1973.8	1	2	1
806	8	1322.4	1	2	1
806	8	831.85	1	2	1
806	8	1112	1	2	1
806	8	1458.3	1	2	1
806	8	1873.4	1	2	1
806	8	1552.1	1	2	1
806	8	2450.5	1	2	1
806	8	1686.6	1	2	1
806	8	966.41	1	2	1
806	8	1435.3	1	2	1
806	8	1668.9	1	2	1
806	8	686.01	1	2	1
806	8	1107.9	1	2	1
806	8	1314.3	1	2	1
806	8	1739.8	1	2	1
806	8	1378.5	1	2	1
806	8	1614.2	1	2	1
806	8	1738.2	1	2	1
806	8	3322.8	1	2	1
806	8	1276.9	1	2	1
806	8	1514.8	1	2	1
806	8	1328.3	1	2	1
806	8	1378.2	1	2	1
806	8	1598.6	1	2	1
806	8	979.23	1	2	1
806	8	1044.1	1	2	1
806	8	1219	1	2	1
806	8	1273.6	1	2	1
806	8	1069.8	1	2	1
806	8	1172.9	1	2	1
806	8	1132.8	1	2	1
806	8	1312.5	1	2	1
806	8	1444	1	2	1
806	8	1178.6	1	2	1
806	8	1454.2	1	2	1
806	8	1436.9	1	2	1
806	8	831.89	1	2	1
806	8	1775	1	2	1
806	8	1329.5	1	2	1
806	8	907.57	1	2	1
806	8	1156.1	1	2	1
806	8	1986.3	1	2	1
806	8	1395.9	1	2	1
806	8	1535.9	1	2	1
806	8	2861.5	1	2	1
806	8	1220.5	1	2	1
806	8	2435.8	1	2	1
806	8	1386.8	1	2	1
806	8	904.38	1	2	1
806	8	1706.5	1	2	1
806	8	1947	1	2	1
806	8	1228.2	1	2	1
806	8	846.94	1	2	1
806	8	1018.7	1	2	1
806	8	3457	0	2	1
806	8	2155.2	1	2	1
806	8	1571.3	1	2	1
806	8	1172.1	1	2	1
806	8	1152.7	1	2	1
806	8	1074.3	1	2	1
806	8	1615.7	1	2	1
806	8	1798.4	1	2	1
806	8	1172	1	2	1
806	8	1989	1	2	1
806	8	917.79	1	2	1
806	8	1785	1	2	1
806	8	1428.3	1	2	1
806	8	1052.1	1	2	1
806	8	1664.3	1	2	1
806	8	1046.9	1	2	1
806	8	1258.5	1	2	1
806	8	1706.1	1	2	1
806	8	997.41	1	2	1
806	8	1114	1	2	1
806	8	962.71	1	2	1
806	8	1233.4	1	2	1
806	8	1089.9	1	2	1
806	8	921.35	1	2	1
806	8	848.43	1	2	1
806	8	866.59	1	2	1
806	8	1118.9	1	2	1
806	8	1432.4	1	2	1
806	8	1251.6	1	2	1
806	8	1396.9	1	2	1
806	8	1098.2	1	2	1
806	8	1711.2	1	2	1
806	8	1033.4	1	2	1
806	8	1882.9	1	2	1
806	8	1343.2	1	2	1
806	8	1217.3	1	2	1
806	8	1338.9	1	2	1
806	8	1339.3	1	2	1
806	8	1425.3	1	2	1
806	8	1007.9	1	2	1
806	8	1006.1	1	2	1
806	8	1211.6	1	2	1
806	8	1292.2	1	2	1
806	8	963.47	1	2	1
806	8	809.62	1	2	1
806	8	879.46	1	2	1
806	8	884.23	1	2	1
806	8	1155.9	1	2	1
806	8	1191.1	1	2	1
806	8	1330.2	1	2	1
806	8	1711.9	1	2	1
806	8	1056.5	1	2	1
806	8	1963.1	1	2	1
806	8	1120	1	2	1
806	8	1061	1	2	1
806	8	1066.4	1	2	1
806	8	975.92	1	2	1
806	8	1514.5	1	2	1
806	8	1032.3	1	2	1
806	8	1546.9	1	2	1
806	8	857.64	1	2	1
806	8	1786.3	1	2	1
806	8	735.9	0	2	1
806	8	1468.1	1	2	1
806	8	1488.9	1	2	1
806	8	1256.2	1	2	1
806	8	1675.3	1	2	1
806	8	822.69	1	2	1
806	8	1300.3	1	2	1
806	8	1046.3	1	2	1
806	8	1161.9	1	2	1
806	8	2465	1	2	1
806	8	1202.1	1	2	1
806	8	1152.1	1	2	1
806	8	1204.1	1	2	1
806	8	1225.4	1	2	1
806	8	841.22	1	2	1
806	8	1093.7	1	2	1
806	8	949.18	1	2	1
806	8	941.56	1	2	1
806	8	1401.8	1	2	1
806	8	554.73	1	2	1
806	8	836.31	1	2	1
806	8	1249.5	1	2	1
806	8	1941.1	1	2	1
806	8	2478.2	0	2	1
806	8	798.54	1	2	1
806	8	1061.5	1	2	1
806	8	1747.1	1	2	1
806	8	2577.8	1	2	1
806	8	931.57	1	2	1
806	8	1878.2	1	2	1
806	8	3732	1	2	1
806	8	1984.6	1	2	1
806	8	1358	1	2	1
806	8	1576.2	1	2	1
806	8	1130.3	1	2	1
806	8	1064.2	1	2	1
806	8	662.57	1	2	1
806	8	734.04	1	2	1
806	8	1020.3	1	2	1
806	8	1437.5	1	2	1
806	8	1318.8	0	2	1
806	8	1239.6	1	2	1
806	8	1365.5	1	2	1
806	8	1243	1	2	1
806	8	1131.8	1	2	1
806	8	1148.3	1	2	1
806	8	3886.9	1	2	1
806	8	1238.3	1	2	1
806	8	850.65	1	2	1
806	8	821.83	1	2	1
806	8	1518.6	1	2	1
806	8	928.81	1	2	1
806	8	849.59	1	2	1
806	8	1089.4	1	2	1
806	8	696.78	1	2	1
806	8	1051.6	1	2	1
806	8	1291.3	1	2	1
806	8	965.4	1	2	1
806	8	1131.7	1	2	1
806	8	1213.9	1	2	1
806	8	1180.1	1	2	1
806	8	1235.5	1	2	1
806	8	845.35	1	2	1
806	8	1048.3	1	2	1
806	8	1148.7	1	2	1
806	8	988.5	1	2	1
806	8	2947.3	1	2	1
806	8	1204.2	1	2	1
806	8	2697.9	1	2	1
806	8	923.98	1	2	1
806	8	1369.1	1	2	1
806	8	2305.1	1	2	1
806	8	1010.6	1	2	1
806	8	1317.6	1	2	1
806	8	938.57	1	2	1
806	8	959.1	1	2	1
806	8	1406.8	1	2	1
806	8	1230.1	1	2	1
806	8	1237	1	2	1
806	8	1201.7	1	2	1
806	8	940.83	1	2	1
806	8	1740.5	1	2	1
806	8	906.85	1	2	1
806	8	2345.9	1	2	1
806	8	1470.6	1	2	1
806	8	1881.8	1	2	1
806	8	1750.7	1	2	1
806	8	1066.3	1	2	1
806	8	1166.8	1	2	1
806	8	1999.8	1	2	1
806	8	3002.2	1	2	1
806	8	955.77	1	2	1
806	8	1318.7	1	2	1
806	8	1361.6	1	2	1
806	8	1090.6	1	2	1
806	8	904.81	1	2	1
806	8	821.36	1	2	1
806	8	2368.3	1	2	1
806	8	1488.5	1	2	1
806	8	1010.5	1	2	1
806	8	1667.8	1	2	1
806	8	1570.8	1	2	1
806	8	928.46	1	2	1
806	8	1395.5	1	2	1
806	8	1087	1	2	1
806	8	2583	1	2	1
806	8	2067.2	1	2	1
806	8	1018.4	1	2	1
806	8	910.08	1	2	1
806	8	2802.6	1	2	1
806	8	1798.4	1	2	1
806	8	1275.6	1	2	1
806	8	2412.1	1	2	1
806	8	3354.6	1	2	1
806	8	1544.8	1	2	1
806	8	1082.7	1	2	1
806	8	2487.9	0	2	1
806	8	1954	1	2	1
806	8	1015.2	1	2	1
806	8	1527.3	1	2	1
806	8	1353.4	1	2	1
806	8	2928.3	1	2	1
806	8	1872.9	1	2	1
806	8	2566.8	1	2	1
806	8	930.19	1	2	1
806	8	1075.5	1	2	1
806	8	1915.1	1	2	1
806	8	1983.6	1	2	1
806	8	2591.2	1	2	1
806	8	1113	1	2	1
806	8	884.39	1	2	1
806	8	3612.4	1	2	1
806	8	1186.2	0	2	1
806	8	2298	1	2	1
806	8	1091.2	1	2	1
806	8	1233.7	1	2	1
806	8	1336.9	1	2	1
806	8	3678	1	2	1
806	8	1310.4	1	2	1
806	8	1488.8	1	2	1
806	8	1207.6	1	2	1
806	8	1817.8	1	2	1
806	8	948.83	1	2	1
806	8	1297.3	1	2	1
806	8	1105.7	1	2	1
806	8	721.44	1	2	1
806	8	2516.8	1	2	1
806	8	1248.4	1	2	1
806	8	2225.3	1	2	1
806	8	837.05	1	2	1
806	8	998.32	1	2	1
806	8	1776.7	1	2	1
806	8	1319.9	1	2	1
806	8	1888.2	1	2	1
806	8	1065.8	1	2	1
806	8	991.38	1	2	1
806	8	1451.4	1	2	1
806	8	1575.5	1	2	1
806	8	1429.5	1	2	1
806	8	1367.9	1	2	1
806	8	1374	1	2	1
806	8	1753.1	1	2	1
806	8	2059.9	1	2	1
806	8	1752.6	1	2	1
806	8	1066.9	1	2	1
806	8	1670.6	1	2	1
806	8	2584.1	1	2	1
806	8	1623	1	2	1
806	8	1300.9	1	2	1
806	8	1445.5	1	2	1
806	8	1044.3	1	2	1
806	8	1332.1	1	2	1
806	8	1786.3	1	2	1
806	8	862.87	1	2	1
806	8	1429.4	1	2	1
806	8	2839.7	1	2	1
806	8	2528.2	1	2	1
806	8	2608.9	1	2	1
806	8	1184.7	1	2	1
806	8	3500.3	1	2	1
806	8	1196.8	1	2	1
806	8	1181.8	1	2	1
806	8	899.85	1	2	1
806	8	971.92	1	2	1
806	8	1351.4	1	2	1
806	8	847.74	1	2	1
806	8	929.09	1	2	1
806	8	1098.4	1	2	1
806	8	1123.5	1	2	1
806	8	836.98	1	2	1
806	8	1108.1	1	2	1
806	8	884.35	1	2	1
806	8	1428.3	1	2	1
806	8	1451	1	2	1
806	8	846.83	1	2	1
806	8	790.77	1	2	1
806	8	753.58	1	2	1
806	8	953.47	1	2	1
806	8	1159.3	1	2	1
806	8	1354.4	1	2	1
806	8	1300.9	1	2	1
806	8	935.82	0	2	1
806	8	1293.1	1	2	1
806	8	1399	1	2	1
806	8	1456	1	2	1
806	8	4178.3	1	2	1
806	8	1073	1	2	1
806	8	1910.5	1	2	1
806	8	2865.9	1	2	1
806	8	1306.5	1	2	1
806	8	945.26	1	2	1
806	8	926.45	1	2	1
806	8	1015.6	1	2	1
806	8	1334.3	1	2	1
806	8	1503.3	1	2	1
806	8	867.82	1	2	1
806	8	898.61	1	2	1
806	8	837.44	1	2	1
806	8	1339.3	1	2	1
806	8	1928.6	1	2	1
806	8	987.77	1	2	1
806	8	993.54	1	2	1
806	8	3307.8	1	2	1
806	8	1127.7	1	2	1
806	8	1115.5	1	2	1
806	8	847.23	1	2	1
806	8	2514.3	0	1	2
806	8	1160.3	1	1	2
806	8	2950.1	0	1	2
806	8	1196.8	1	1	2
806	8	1646.2	1	1	2
806	8	2563.8	1	1	2
806	8	2581.4	0	1	2
806	8	1278.3	1	1	2
806	8	1815.8	0	1	2
806	8	1304.6	1	1	2
806	8	1030.9	1	1	2
806	8	1320.3	1	1	2
806	8	2177	0	1	2
806	8	1383.5	1	1	2
806	8	1010.7	1	1	2
806	8	974.39	1	1	2
806	8	1093.9	1	1	2
806	8	1405.8	1	1	2
806	8	772.87	1	1	2
806	8	980.93	1	1	2
806	8	964.03	1	1	2
806	8	1791.3	1	1	2
806	8	1557.5	1	1	2
806	8	1387.8	1	1	2
806	8	1460.6	1	1	2
806	8	834.69	1	1	2
806	8	2195.1	1	1	2
806	8	1995	1	1	2
806	8	2832.5	1	1	2
806	8	1660.7	1	1	2
806	8	1388.1	1	1	2
806	8	2088.6	1	1	2
806	8	1314.5	1	1	2
806	8	1973.8	0	1	2
806	8	1845.6	1	1	2
806	8	2673.3	1	1	2
806	8	1831.6	1	1	2
806	8	1936.8	1	1	2
806	8	932.95	1	1	2
806	8	956.93	1	1	2
806	8	1325.9	1	1	2
806	8	1253.1	1	1	2
806	8	1475.5	1	1	2
806	8	1324.6	1	1	2
806	8	1499.8	1	1	2
806	8	881.31	1	1	2
806	8	1322.9	1	1	2
806	8	1062.7	1	1	2
806	8	2347.1	0	1	2
806	8	780.56	1	1	2
806	8	875.08	1	1	2
806	8	2434	1	1	2
806	8	997.93	1	1	2
806	8	729.59	1	1	2
806	8	1080.6	1	1	2
806	8	1228.9	1	1	2
806	8	1305.7	1	1	2
806	8	1143.3	1	1	2
806	8	1401.8	1	1	2
806	8	1112.4	1	1	2
806	8	1579.2	1	1	2
806	8	1198	1	1	2
806	8	1229.1	1	1	2
806	8	1220.8	1	1	2
806	8	1313.4	1	1	2
806	8	837.14	1	1	2
806	8	1079.8	1	1	2
806	8	1143.6	1	1	2
806	8	2531.9	1	1	2
806	8	1304.2	1	1	2
806	8	913.65	1	1	2
806	8	1156.1	1	1	2
806	8	912.46	1	1	2
806	8	975.5	1	1	2
806	8	1606.9	1	1	2
806	8	1073.5	1	1	2
806	8	1302.1	1	1	2
806	8	616.16	1	1	2
806	8	1839.6	1	1	2
806	8	902.79	1	1	2
806	8	804.04	1	1	2
806	8	1155.4	1	1	2
806	8	1093.4	1	1	2
806	8	838.87	1	1	2
806	8	1004	1	1	2
806	8	961.68	1	1	2
806	8	957.74	1	1	2
806	8	959.9	1	1	2
806	8	981.37	1	1	2
806	8	1160	1	1	2
806	8	733.79	1	1	2
806	8	1018.8	1	1	2
806	8	1460.9	1	1	2
806	8	1039.4	1	1	2
806	8	1237.2	1	1	2
806	8	1375.5	1	1	2
806	8	804.72	1	1	2
806	8	880.89	1	1	2
806	8	851.02	1	1	2
806	8	1201	1	1	2
806	8	1151.4	0	1	2
806	8	1124.4	1	1	2
806	8	1372.3	1	1	2
806	8	1676.2	1	1	2
806	8	840.6	1	1	2
806	8	1361.2	1	1	2
806	8	860.73	1	1	2
806	8	833.44	1	1	2
806	8	1001.1	1	1	2
806	8	1513.8	1	1	2
806	8	1495.4	1	1	2
806	8	866.13	1	1	2
806	8	1022.3	1	1	2
806	8	1067.5	1	1	2
806	8	1389.7	1	1	2
806	8	1267.2	1	1	2
806	8	950.25	1	1	2
806	8	1087.4	1	1	2
806	8	1601.6	1	1	2
806	8	1765	1	1	2
806	8	1292.3	1	1	2
806	8	1173.8	1	1	2
806	8	1104.6	1	1	2
806	8	1260.3	1	1	2
806	8	724.23	1	1	2
806	8	993.25	1	1	2
806	8	937.08	1	1	2
806	8	1451.1	1	1	2
806	8	1099.6	1	1	2
806	8	911.93	1	1	2
806	8	1038.8	1	1	2
806	8	680.11	1	1	2
806	8	807.55	1	1	2
806	8	1116.6	1	1	2
806	8	894.66	1	1	2
806	8	847.14	1	1	2
806	8	1274.3	1	1	2
806	8	861.63	1	1	2
806	8	940.59	1	1	2
806	8	989.93	1	1	2
806	8	1015.1	1	1	2
806	8	1031.1	1	1	2
806	8	982.61	1	1	2
806	8	764.61	1	1	2
806	8	1549.9	1	1	2
806	8	787.17	1	1	2
806	8	783.29	1	1	2
806	8	2281.4	1	1	2
806	8	1018.1	1	1	2
806	8	829.07	1	1	2
806	8	794.78	1	1	2
806	8	1815.4	1	1	2
806	8	835.72	1	1	2
806	8	755.5	1	1	2
806	8	2562.9	1	1	2
806	8	963.29	1	1	2
806	8	1015.9	1	1	2
806	8	1099.8	1	1	2
806	8	1045.1	1	1	2
806	8	1034.4	1	1	2
806	8	761.14	1	1	2
806	8	1246.3	1	1	2
806	8	2128.7	1	1	2
806	8	1187.7	1	1	2
806	8	1079.8	1	1	2
806	8	1272.4	1	1	2
806	8	934.26	1	1	2
806	8	930.97	1	1	2
806	8	1120	1	1	2
806	8	906.48	1	1	2
806	8	1602.9	1	1	2
806	8	1035.6	1	1	2
806	8	1326.1	1	1	2
806	8	1942.5	1	1	2
806	8	905.94	1	1	2
806	8	833.24	1	1	2
806	8	919.82	1	1	2
806	8	1218.8	1	1	2
806	8	767.71	1	1	2
806	8	1034.2	1	1	2
806	8	730.65	1	1	2
806	8	982.15	1	1	2
806	8	837.04	1	1	2
806	8	926.29	1	1	2
806	8	1283.7	1	1	2
806	8	2755.6	1	1	2
806	8	897.59	1	1	2
806	8	1596	1	1	2
806	8	1584	1	1	2
806	8	1318.8	1	1	2
806	8	2185.3	1	1	2
806	8	2677.7	1	1	2
806	8	2535.5	1	1	2
806	8	1014.9	1	1	2
806	8	1687.8	1	1	2
806	8	1803.9	1	1	2
806	8	2157.4	0	1	2
806	8	853.03	1	1	2
806	8	2729.4	1	1	2
806	8	966.86	1	1	2
806	8	1219.7	1	1	2
806	8	2489.4	1	1	2
806	8	1475	1	1	2
806	8	1167	1	1	2
806	8	2777.5	1	1	2
806	8	2169.8	1	1	2
806	8	1821.5	1	1	2
806	8	1209.7	1	1	2
806	8	2983.1	1	1	2
806	8	3373.6	1	1	2
806	8	2744.9	1	1	2
806	8	1466.7	1	1	2
806	8	769.59	1	1	2
806	8	1387.6	1	1	2
806	8	986.29	1	1	2
806	8	553.71	1	1	2
806	8	1178.4	1	1	2
806	8	1258.4	1	1	2
806	8	1604.2	1	1	2
806	8	1108.1	1	1	2
806	8	822.32	1	1	2
806	8	1084	1	1	2
806	8	1746.2	1	1	2
806	8	896.99	1	1	2
806	8	2261.4	1	1	2
806	8	845.52	1	1	2
806	8	728.8	1	1	2
806	8	1603.3	1	1	2
806	8	909.79	1	1	2
806	8	2277.9	1	1	2
806	8	928.05	1	1	2
806	8	3717.9	1	1	2
806	8	1484.1	1	1	2
806	8	2017.1	1	1	2
806	8	957.31	1	1	2
806	8	1841.9	1	1	2
806	8	1835.4	1	1	2
806	8	935.16	1	1	2
806	8	3331.5	1	1	2
806	8	2763.1	1	1	2
806	8	2490.3	0	1	2
806	8	1118.8	1	1	2
806	8	808.01	1	1	2
806	8	1160.5	1	1	2
806	8	1632.6	1	1	2
806	8	2022.9	1	1	2
806	8	2065.9	1	1	2
806	8	1029.4	1	1	2
806	8	1771.9	1	1	2
806	8	1129.8	1	1	2
806	8	1465.3	1	1	2
806	8	918.11	1	1	2
806	8	2214.4	1	1	2
806	8	2326.2	1	1	2
806	8	3027.7	1	1	2
806	8	1626.9	1	1	2
806	8	1059.6	1	1	2
806	8	1182.5	1	1	2
806	8	1196.8	1	1	2
806	8	2121.5	1	1	2
806	8	996.81	1	1	2
806	8	1255.4	1	1	2
806	8	1476.1	1	1	2
806	8	980.08	1	1	2
806	8	2235.9	1	1	2
806	8	969.31	1	1	2
806	8	2151.7	1	1	2
806	8	1288.8	1	1	2
806	8	780.32	1	1	2
806	8	855.36	1	1	2
806	8	1258.6	1	1	2
806	8	763.44	1	1	2
806	8	788.28	1	1	2
806	8	1453.7	1	1	2
806	8	1861.1	1	1	2
806	8	1348.5	1	1	2
806	8	1160.9	1	1	2
806	8	1790.7	1	1	2
806	8	938.56	1	1	2
806	8	1102.1	1	1	2
806	8	1461	1	1	2
806	8	1725.2	1	1	2
806	8	1028.3	1	1	2
806	8	915.97	1	1	2
806	8	982.46	1	1	2
806	8	944.58	1	1	2
806	8	1286.8	1	1	2
806	8	1233.2	1	1	2
806	8	1043.5	1	1	2
806	8	975.48	1	1	2
806	8	1838.1	1	1	2
806	8	1738.9	1	1	2
806	8	1100	1	1	2
806	8	2825.8	1	1	2
806	8	2087.3	1	1	2
806	8	1085.8	1	1	2
806	8	937.26	1	1	2
806	8	1144.5	1	1	2
806	8	1229.1	1	1	2
806	8	952.51	1	1	2
806	8	879.56	1	1	2
806	8	1313.2	1	1	2
806	8	2060.4	1	1	2
806	8	2167.9	1	1	2
806	8	3254.4	1	1	2
806	8	1780	0	1	2
806	8	738.04	1	1	2
806	8	1160.9	1	1	2
806	8	797.57	1	1	2
806	8	1305.5	1	1	2
806	8	1826.1	1	1	2
806	8	1664.2	1	1	2
806	8	919.92	1	1	2
806	8	1081	1	1	2
806	8	1097.9	1	1	2
806	8	976.07	1	1	2
806	8	1189.1	1	1	2
806	8	980.32	1	1	2
806	8	1465.9	1	1	2
806	8	1023.5	1	1	2
806	8	827.23	1	1	2
806	8	875.88	1	1	2
806	8	1158.9	1	1	2
806	8	2178.9	1	1	2
806	8	975.95	1	1	2
806	8	951.11	1	1	2
806	8	1102.6	1	1	2
806	8	890.17	1	1	2
806	8	1346.8	1	1	2
806	8	1172.1	1	1	2
806	8	1343.5	1	1	2
806	8	733.4	1	1	2
806	8	1617.3	1	1	2
806	8	972.7	1	1	2
806	8	893.68	1	1	2
806	8	865.53	1	1	2
806	8	934.68	1	1	2
806	8	1068.6	1	1	2
806	8	963.17	1	1	2
806	8	1150.8	1	1	2
806	8	837.5	1	1	2
806	8	1022.9	1	1	2
806	8	1071.9	1	1	2
806	8	1613.5	1	1	2
806	8	2560.6	1	1	2
806	8	3644.1	1	1	2
806	8	2642.9	1	1	2
806	8	1799.9	1	1	2
806	8	1099.1	1	1	2
806	8	977.92	1	1	2
806	8	2742	1	1	1
806	8	2181.3	1	1	1
806	8	1298.7	0	1	1
806	8	1917.4	1	1	1
806	8	1118.3	1	1	1
806	8	1236.6	1	1	1
806	8	2695.1	0	1	1
806	8	1533.1	1	1	1
806	8	1589.9	1	1	1
806	8	1226.9	1	1	1
806	8	2373.5	1	1	1
806	8	1810.7	1	1	1
806	8	2053.3	1	1	1
806	8	2089.6	1	1	1
806	8	1468.2	1	1	1
806	8	1489.3	1	1	1
806	8	3712.7	0	1	1
806	8	1374.7	1	1	1
806	8	2504.6	0	1	1
806	8	1305.5	1	1	1
806	8	1351	1	1	1
806	8	1545.5	1	1	1
806	8	1656.8	1	1	1
806	8	2670.8	1	1	1
806	8	1459	1	1	1
806	8	1207.3	1	1	1
806	8	2227.1	1	1	1
806	8	1265.1	1	1	1
806	8	1564	1	1	1
806	8	3291.2	1	1	1
806	8	2240.5	1	1	1
806	8	1628.5	1	1	1
806	8	1224.9	1	1	1
806	8	1858.3	0	1	1
806	8	1775.5	1	1	1
806	8	1069.8	1	1	1
806	8	1233.7	1	1	1
806	8	3029.8	1	1	1
806	8	2727	1	1	1
806	8	1966.6	1	1	1
806	8	1425.8	1	1	1
806	8	1759.6	1	1	1
806	8	1224.5	1	1	1
806	8	1126.9	1	1	1
806	8	1051.8	1	1	1
806	8	1614.1	1	1	1
806	8	974.11	1	1	1
806	8	1165.2	1	1	1
806	8	1690.1	1	1	1
806	8	1285.6	1	1	1
806	8	2104.4	1	1	1
806	8	2516.8	1	1	1
806	8	2434.7	1	1	1
806	8	1650.7	1	1	1
806	8	1259.2	1	1	1
806	8	1929.1	1	1	1
806	8	1210.2	1	1	1
806	8	1737.4	1	1	1
806	8	1787.4	1	1	1
806	8	1467.1	1	1	1
806	8	1690.1	1	1	1
806	8	2725.5	1	1	1
806	8	1245.1	1	1	1
806	8	996.89	1	1	1
806	8	1231.6	1	1	1
806	8	1915.5	1	1	1
806	8	1581.1	1	1	1
806	8	1462.1	1	1	1
806	8	1436.4	1	1	1
806	8	1271.8	1	1	1
806	8	1479.7	1	1	1
806	8	1565.5	1	1	1
806	8	1454.7	1	1	1
806	8	1420.4	1	1	1
806	8	1456.2	1	1	1
806	8	1330.5	1	1	1
806	8	1337.7	1	1	1
806	8	1652.9	1	1	1
806	8	1636.4	1	1	1
806	8	1123.5	1	1	1
806	8	1329.9	1	1	1
806	8	1278.4	1	1	1
806	8	987.6	1	1	1
806	8	2457.7	1	1	1
806	8	1150.4	1	1	1
806	8	1630.2	1	1	1
806	8	1301.8	1	1	1
806	8	1067.2	1	1	1
806	8	1692.6	1	1	1
806	8	1135.4	1	1	1
806	8	1358.4	1	1	1
806	8	1175.4	1	1	1
806	8	824.01	1	1	1
806	8	1755.5	1	1	1
806	8	1840.4	1	1	1
806	8	1052.1	0	1	1
806	8	1231.3	1	1	1
806	8	1384.6	1	1	1
806	8	1718.9	1	1	1
806	8	1245.2	1	1	1
806	8	1402.3	1	1	1
806	8	1370.5	1	1	1
806	8	1544.2	1	1	1
806	8	1778.5	1	1	1
806	8	1401.3	1	1	1
806	8	1183.6	1	1	1
806	8	1186.9	1	1	1
806	8	1168.5	1	1	1
806	8	1048	1	1	1
806	8	1911.3	1	1	1
806	8	1157.8	1	1	1
806	8	1089.9	1	1	1
806	8	2688.2	1	1	1
806	8	1160.9	1	1	1
806	8	1266	1	1	1
806	8	2166.3	1	1	1
806	8	1236.9	1	1	1
806	8	1389	1	1	1
806	8	1220.5	1	1	1
806	8	929.54	1	1	1
806	8	1366.4	1	1	1
806	8	1068.3	1	1	1
806	8	1019.5	1	1	1
806	8	1219.2	1	1	1
806	8	1051	1	1	1
806	8	1627.7	1	1	1
806	8	784.95	0	1	1
806	8	948	1	1	1
806	8	1243.4	1	1	1
806	8	1482.3	1	1	1
806	8	937.58	1	1	1
806	8	864.77	1	1	1
806	8	1435.8	1	1	1
806	8	1359	1	1	1
806	8	1758.2	1	1	1
806	8	2080	0	1	1
806	8	806.15	1	1	1
806	8	904.29	1	1	1
806	8	860.89	1	1	1
806	8	1731.7	1	1	1
806	8	1283.2	1	1	1
806	8	1057.1	1	1	1
806	8	886.34	1	1	1
806	8	967.27	0	1	1
806	8	2221.9	1	1	1
806	8	1348.4	1	1	1
806	8	2027.9	1	1	1
806	8	2405.2	1	1	1
806	8	2014.4	1	1	1
806	8	1352.7	1	1	1
806	8	1686.6	1	1	1
806	8	949.17	1	1	1
806	8	1101.1	1	1	1
806	8	1534.1	1	1	1
806	8	3168.4	1	1	1
806	8	1467.7	0	1	1
806	8	1653.2	1	1	1
806	8	1278.6	1	1	1
806	8	733.78	1	1	1
806	8	1280	1	1	1
806	8	834.31	1	1	1
806	8	1405.5	1	1	1
806	8	876.06	1	1	1
806	8	2077.2	1	1	1
806	8	1378.4	1	1	1
806	8	1318.7	1	1	1
806	8	1202.1	1	1	1
806	8	1277.9	1	1	1
806	8	1305.9	1	1	1
806	8	1233.9	1	1	1
806	8	907.18	1	1	1
806	8	3680.8	1	1	1
806	8	1174	1	1	1
806	8	2098.4	1	1	1
806	8	1521.9	1	1	1
806	8	1715.5	1	1	1
806	8	959.2	1	1	1
806	8	1591.6	1	1	1
806	8	984.66	1	1	1
806	8	1397.1	1	1	1
806	8	1515.7	1	1	1
806	8	764.21	1	1	1
806	8	773.29	1	1	1
806	8	1206.3	1	1	1
806	8	1846.1	1	1	1
806	8	868.13	1	1	1
806	8	1137	1	1	1
806	8	1531	1	1	1
806	8	1958.7	1	1	1
806	8	1189.1	1	1	1
806	8	1639.9	1	1	1
806	8	1761.5	1	1	1
806	8	926.6	1	1	1
806	8	2458.3	1	1	1
806	8	1246.8	1	1	1
806	8	2390.3	1	1	1
806	8	2520.6	1	1	1
806	8	2570.9	1	1	1
806	8	1096.6	0	1	1
806	8	1080.5	1	1	1
806	8	1777.5	1	1	1
806	8	1752.4	1	1	1
806	8	1361	1	1	1
806	8	1059	1	1	1
806	8	1121.2	1	1	1
806	8	1316.9	1	1	1
806	8	2518.1	1	1	1
806	8	2659.6	1	1	1
806	8	1254.5	1	1	1
806	8	1236.9	1	1	1
806	8	1169.2	1	1	1
806	8	2570.5	1	1	1
806	8	2424.9	1	1	1
806	8	2913.8	1	1	1
806	8	1055.4	1	1	1
806	8	1261.3	1	1	1
806	8	1596.4	1	1	1
806	8	1206.2	1	1	1
806	8	1270.6	1	1	1
806	8	1604.8	1	1	1
806	8	1391	1	1	1
806	8	1987.4	1	1	1
806	8	1409.5	1	1	1
806	8	629.17	1	1	1
806	8	2432.3	1	1	1
806	8	3717.6	1	1	1
806	8	2046.2	1	1	1
806	8	3265	1	1	1
806	8	3508.9	1	1	1
806	8	2961.8	1	1	1
806	8	2561.5	1	1	1
806	8	974.66	1	1	1
806	8	2403.1	1	1	1
806	8	2517.6	1	1	1
806	8	3149.5	1	1	1
806	8	2604.7	1	1	1
806	8	3811.8	1	1	1
806	8	2949	1	1	1
806	8	2438.2	1	1	1
806	8	1406.7	1	1	1
806	8	1189	1	1	1
806	8	1990.3	1	1	1
806	8	1914.4	1	1	1
806	8	1782.3	1	1	1
806	8	1603.1	1	1	1
806	8	907.28	1	1	1
806	8	3292.2	1	1	1
806	8	3501.4	1	1	1
806	8	2782.3	1	1	1
806	8	1961.2	1	1	1
806	8	1944.8	0	1	1
806	8	1352.6	1	1	1
806	8	3938.9	0	1	1
806	8	1177.3	1	1	1
806	8	2580	1	1	1
806	8	1353.8	1	1	1
806	8	1737	1	1	1
806	8	1089.7	1	1	1
806	8	2236.5	1	1	1
806	8	1379.6	1	1	1
806	8	3095	1	1	1
806	8	1352.2	1	1	1
806	8	1444.6	1	1	1
806	8	963.69	1	1	1
806	8	1383.8	1	1	1
806	8	1367.4	1	1	1
806	8	2555.3	1	1	1
806	8	2353	1	1	1
806	8	917.18	1	1	1
806	8	1771	1	1	1
806	8	4463.5	1	1	1
806	8	1647.9	1	1	1
806	8	1076.8	0	1	1
806	8	1885.9	1	1	1
806	8	1664	1	1	1
806	8	1336.5	1	1	1
806	8	1157.5	1	1	1
806	8	1358.3	1	1	1
806	8	1068.1	1	1	1
806	8	1804.3	0	1	1
806	8	2661.9	1	1	1
806	8	1153.6	1	1	1
806	8	1684.6	1	1	1
806	8	2452.4	1	1	1
806	8	1918.4	1	1	1
806	8	953.04	1	1	1
806	8	1491.1	1	1	1
806	8	1672	1	1	1
806	8	1525.5	1	1	1
806	8	1275.7	1	1	1
806	8	1868	1	1	1
806	8	2355.2	1	1	1
806	8	1517.3	1	1	1
806	8	2484.1	1	1	1
806	8	3411.6	1	1	1
806	8	1967.8	1	1	1
806	8	2663.5	1	1	1
806	8	1286.5	1	1	1
806	8	1140.1	1	1	1
806	8	992.15	1	1	1
806	8	3288.3	1	1	1
806	8	2345	1	1	1
806	8	1834.3	1	1	1
806	8	2335.4	1	1	1
806	8	1308.5	1	1	1
806	8	1615.6	1	1	1
806	8	920.51	1	1	1
806	8	1641.2	1	1	1
806	8	2800.5	0	1	1
806	8	1730.1	1	1	1
806	8	815.75	1	1	1
806	8	1690.5	0	1	1
806	8	1485.4	1	1	1
806	8	1449.8	1	1	1
806	8	1779.1	1	1	1
806	8	1050.3	1	1	1
806	8	1416.5	1	1	1
806	8	825.31	1	1	1
806	8	1461	1	1	1
806	8	1225.5	1	1	1
806	8	1537.6	1	1	1
806	8	1602	1	1	1
806	8	1082.6	1	1	1
806	8	922.9	1	1	1
806	8	1254.7	1	1	1
806	8	1627.6	1	1	1
806	8	2196.1	1	1	1
806	8	1936	1	1	1
806	8	1019.2	1	1	1
806	8	1368	1	1	1
806	8	892.1	1	1	1
806	8	707.59	1	1	1
806	8	1176.4	1	1	1
806	8	3333.1	0	1	1
806	8	1511.4	1	1	1
806	8	1325.4	1	1	1
806	8	1418	1	1	1
806	8	1210	1	1	1
806	8	2009.5	1	1	1
806	8	1022.2	1	1	1
806	8	1748.2	1	1	1
806	8	1032.4	1	1	1
806	8	828.17	1	1	1
806	8	1399.1	1	1	1
806	8	3392.4	1	1	1
806	8	1401.1	1	1	1
806	8	987.68	1	1	1
806	8	2283.9	1	1	1
806	8	2591.4	1	1	1
806	8	966.24	1	2	-1
806	8	811.14	1	2	-1
806	8	753.52	1	2	-1
806	8	1074.9	1	2	-1
806	8	671.31	1	2	-1
806	8	660.2	1	2	-1
806	8	516.59	1	2	-1
806	8	709.61	1	2	-1
806	8	1363.1	1	2	-1
806	8	707.25	1	2	-1
806	8	692.21	1	2	-1
806	8	691.34	1	2	-1
806	8	1316.1	1	2	-1
806	8	644.82	1	2	-1
806	8	679.46	1	2	-1
806	8	640.49	1	2	-1
806	8	1937.7	1	2	-1
806	8	612.68	1	2	-1
806	8	783.66	1	2	-1
806	8	839.11	0	2	-1
806	8	1142.1	1	2	-1
806	8	923.14	1	2	-1
806	8	1032.5	1	2	-1
806	8	1201.8	1	2	-1
806	8	1111.6	1	2	-1
806	8	921.3	1	2	-1
806	8	1163.3	1	2	-1
806	8	1007.9	1	2	-1
806	8	1217.3	1	2	-1
806	8	1744.4	1	2	-1
806	8	915.51	1	2	-1
806	8	1090.9	1	2	-1
806	8	803.92	1	2	-1
806	8	881.21	1	2	-1
806	8	1179.3	1	2	-1
806	8	1612.7	1	2	-1
806	8	1277.2	1	2	-1
806	8	766.3	1	2	-1
806	8	1322.4	1	2	-1
806	8	1273.9	1	2	-1
806	8	774.5	1	2	-1
806	8	1047.5	1	2	-1
806	8	952.7	1	2	-1
806	8	1819.8	1	2	-1
806	8	678.37	1	2	-1
806	8	1640.5	1	2	-1
806	8	751.15	1	2	-1
806	8	658.98	1	2	-1
806	8	755.65	1	2	-1
806	8	1345.7	1	2	-1
806	8	1223.4	1	2	-1
806	8	1681.5	1	2	-1
806	8	771.2	1	2	-1
806	8	1085.7	1	2	-1
806	8	1244.6	1	2	-1
806	8	809.96	1	2	-1
806	8	889.22	1	2	-1
806	8	870.73	1	2	-1
806	8	1506.8	1	2	-1
806	8	1623.1	1	2	-1
806	8	1659	1	2	-1
806	8	1304.7	1	2	-1
806	8	769.89	1	2	-1
806	8	1390	1	2	-1
806	8	1144.4	1	2	-1
806	8	2503.8	1	2	-1
806	8	799.56	1	2	-1
806	8	1960.5	1	2	-1
806	8	1043.6	1	2	-1
806	8	1978.4	1	2	-1
806	8	1138.5	1	2	-1
806	8	956.53	1	2	-1
806	8	1211.6	1	2	-1
806	8	891.66	1	2	-1
806	8	2126.2	1	2	-1
806	8	1034.1	1	2	-1
806	8	1635.6	1	2	-1
806	8	842	1	2	-1
806	8	965.53	1	2	-1
806	8	1143.8	1	2	-1
806	8	2364.8	1	2	-1
806	8	1876	1	2	-1
806	8	1205.6	1	2	-1
806	8	821.34	1	2	-1
806	8	1534.7	1	2	-1
806	8	1431.4	1	2	-1
806	8	618.5	0	2	-1
806	8	689.35	1	2	-1
806	8	1063.4	1	2	-1
806	8	1247.8	1	2	-1
806	8	1026.9	1	2	-1
806	8	1229.1	1	2	-1
806	8	922.14	1	2	-1
806	8	1080.6	1	2	-1
806	8	1713.9	1	2	-1
806	8	1837.6	1	2	-1
806	8	1062.5	1	2	-1
806	8	3091.1	1	2	-1
806	8	1052.1	1	2	-1
806	8	694.7	1	2	-1
806	8	623.32	1	2	-1
806	8	781.61	1	2	-1
806	8	1126.7	1	2	-1
806	8	830.48	1	2	-1
806	8	768.66	1	2	-1
806	8	676.06	1	2	-1
806	8	1645.8	1	2	-1
806	8	1424.3	1	2	-1
806	8	1049.9	1	2	-1
806	8	1372.1	1	2	-1
806	8	1314.5	1	2	-1
806	8	865.07	1	2	-1
806	8	765.75	1	2	-1
806	8	1882.7	1	2	-1
806	8	1447.4	1	2	-1
806	8	2036.3	1	2	-1
806	8	816.23	1	2	-1
806	8	1940	1	2	-1
806	8	1603.6	1	2	-1
806	8	1464.5	1	2	-1
806	8	1276.4	1	2	-1
806	8	1970.1	1	2	-1
806	8	665.86	1	2	-1
806	8	892.91	1	2	-1
806	8	865.97	1	2	-1
806	8	2443.2	1	2	-1
806	8	1984.1	1	2	-1
806	8	775.87	1	2	-1
806	8	1304.3	1	2	-1
806	8	1539.8	1	2	-1
806	8	1052	1	2	-1
806	8	1269.4	1	2	-1
806	8	1037.1	1	2	-1
806	8	548.79	0	2	-1
806	8	1095.5	1	2	-1
806	8	1511.8	1	2	-1
806	8	1130	1	2	-1
806	8	865.59	1	2	-1
806	8	1063.7	1	2	-1
806	8	1407.1	1	2	-1
806	8	849.35	1	2	-1
806	8	768.43	1	2	-1
806	8	856.69	1	2	-1
806	8	860.24	0	2	-1
806	8	1619.8	1	2	-1
806	8	917.79	1	2	-1
806	8	932.43	1	2	-1
806	8	701.73	1	2	-1
806	8	624.31	1	2	-1
806	8	572.34	1	2	-1
806	8	2066	1	2	-1
806	8	1757.3	1	2	-1
806	8	892.37	1	2	-1
806	8	961.23	1	2	-1
806	8	1424.6	1	2	-1
806	8	758.74	1	2	-1
806	8	870.89	1	2	-1
806	8	789.91	1	2	-1
806	8	626.4	1	2	-1
806	8	1789.7	1	2	-1
806	8	896.35	1	2	-1
806	8	648.03	1	2	-1
806	8	1185.3	1	2	-1
806	8	1984.5	1	2	-1
806	8	1441	1	2	-1
806	8	1350.1	1	2	-1
806	8	1005.7	1	2	-1
806	8	1274.4	1	2	-1
806	8	908.59	1	2	-1
806	8	758.84	1	2	-1
806	8	1310.8	1	2	-1
806	8	1583.1	1	2	-1
806	8	2465.4	1	2	-1
806	8	1056.4	1	2	-1
806	8	1380.6	1	2	-1
806	8	1819.9	1	2	-1
806	8	1340.8	1	2	-1
806	8	1281.9	1	2	-1
806	8	836.46	1	2	-1
806	8	1113.8	1	2	-1
806	8	1176.2	1	2	-1
806	8	892.54	1	2	-1
806	8	1951.7	1	2	-1
806	8	989.81	1	2	-1
806	8	1150.7	0	2	-1
806	8	2009.7	1	2	-1
806	8	994.34	1	2	-1
806	8	1388.4	1	2	-1
806	8	2012.8	1	2	-1
806	8	1219.3	1	2	-1
806	8	3462.3	1	2	-1
806	8	2006.2	1	2	-1
806	8	1651.4	1	2	-1
806	8	2149.6	1	2	-1
806	8	1205.6	1	2	-1
806	8	2187.8	1	2	-1
806	8	1279.2	1	2	-1
806	8	1099	1	2	-1
806	8	827.49	1	2	-1
806	8	1529.9	1	2	-1
806	8	2307.6	1	2	-1
806	8	820.59	1	2	-1
806	8	1300	1	2	-1
806	8	2673.3	1	2	-1
806	8	741.84	1	2	-1
806	8	1375.6	1	2	-1
806	8	2833.8	1	2	-1
806	8	662.05	1	2	-1
806	8	2716	1	2	-1
806	8	2551.5	1	2	-1
806	8	1287.3	1	2	-1
806	8	967.36	1	2	-1
806	8	1147	1	2	-1
806	8	812.9	1	2	-1
806	8	1007.8	1	2	-1
806	8	1541	1	2	-1
806	8	1548.4	1	2	-1
806	8	1220.7	1	2	-1
806	8	1290.5	1	2	-1
806	8	539.03	1	2	-1
806	8	944.46	1	2	-1
806	8	2125.9	1	2	-1
806	8	1803.1	1	2	-1
806	8	2977.5	1	2	-1
806	8	1184.4	1	2	-1
806	8	1002.2	1	2	-1
806	8	1490.2	1	2	-1
806	8	1321.1	1	2	-1
806	8	4451.5	1	2	-1
806	8	3414.7	1	2	-1
806	8	983.73	1	2	-1
806	8	1131.7	1	2	-1
806	8	834.54	1	2	-1
806	8	792.64	1	2	-1
806	8	1158.8	1	2	-1
806	8	2381.3	1	2	-1
806	8	2346.3	1	2	-1
806	8	2065.9	1	2	-1
806	8	829.62	1	2	-1
806	8	1656.4	1	2	-1
806	8	2621.2	1	2	-1
806	8	1314.6	1	2	-1
806	8	1482.4	1	2	-1
806	8	2187.8	1	2	-1
806	8	1764.8	1	2	-1
806	8	1323.3	1	2	-1
806	8	1289.8	1	2	-1
806	8	2013.3	1	2	-1
806	8	906.76	1	2	-1
806	8	1555.2	1	2	-1
806	8	1631.4	1	2	-1
806	8	1087.5	1	2	-1
806	8	2275.6	1	2	-1
806	8	2181.8	1	2	-1
806	8	1053.7	1	2	-1
806	8	2172.4	1	2	-1
806	8	2289.6	1	2	-1
806	8	3000.3	1	2	-1
806	8	1142.3	1	2	-1
806	8	1634.5	1	2	-1
806	8	1188.2	1	2	-1
806	8	2926	1	2	-1
806	8	1674.6	1	2	-1
806	8	1382.4	1	2	-1
806	8	1592	1	2	-1
806	8	2124.4	1	2	-1
806	8	2301.8	1	2	-1
806	8	948.85	1	2	-1
806	8	809.56	1	2	-1
806	8	1977.4	1	2	-1
806	8	1140.8	1	2	-1
806	8	897	1	2	-1
806	8	2610.4	1	2	-1
806	8	1315.6	1	2	-1
806	8	1283.9	1	2	-1
806	8	1275.6	1	2	-1
806	8	718.8	1	2	-1
806	8	1695.7	1	2	-1
806	8	1664	1	2	-1
806	8	942.05	1	2	-1
806	8	1700.6	1	2	-1
806	8	1574.1	1	2	-1
806	8	1267.4	1	2	-1
806	8	2266.5	1	2	-1
806	8	4075	1	2	-1
806	8	1527	1	2	-1
806	8	900.31	1	2	-1
806	8	1859.2	1	2	-1
806	8	1423	1	2	-1
806	8	2243.8	1	2	-1
806	8	1003	1	2	-1
806	8	1578.6	1	2	-1
806	8	2143.2	1	2	-1
806	8	3193.8	1	2	-1
806	8	1404.9	1	2	-1
806	8	3310.7	1	2	-1
806	8	2411.1	1	2	-1
806	8	931.24	1	2	-1
806	8	2101.7	1	2	-1
806	8	1802.8	1	2	-1
806	8	3650.5	1	2	-1
806	8	2020.7	1	2	-1
806	8	3345	1	2	-1
806	8	1887.8	1	2	-1
806	8	1334.9	1	2	-1
806	8	1698.9	1	2	-1
806	8	1114.2	1	2	-1
806	8	1357.9	1	2	-1
806	8	2007.6	1	2	-1
806	8	1186.7	1	2	-1
806	8	838.46	1	2	-1
806	8	900.18	1	2	-1
806	8	2096	1	2	-1
806	8	1265.8	1	2	-1
806	8	1138.2	1	2	-1
806	8	1215	1	2	-1
806	8	1170.4	1	2	-1
806	8	1889.7	1	2	-1
806	8	953.36	1	2	-1
806	8	822.75	1	2	-1
806	8	799.42	1	2	-1
806	8	829.5	1	2	-1
806	8	1081.3	1	2	-1
806	8	667.02	1	2	-1
806	8	1292.7	1	2	-1
806	8	944.14	1	2	-1
806	8	1284.3	1	2	-1
806	8	1600.1	1	2	-1
806	8	1401.1	1	2	-1
806	8	699.53	1	2	-1
806	8	1100.6	1	2	-1
806	8	1509.9	1	2	-1
806	8	1627.3	0	2	-1
806	8	949.98	1	2	-1
806	8	662.27	1	2	-1
806	8	1309.1	1	2	-1
806	8	1277.8	1	2	-1
806	8	736.29	1	2	-1
806	8	1442	1	2	-1
806	8	1755.7	1	2	-1
806	8	1182.7	1	2	-1
806	8	1312.1	1	2	-1
806	8	845.37	1	2	-1
806	8	744.36	1	2	-1
806	8	2222.7	0	2	-1
806	8	1382.9	1	2	-1
806	8	4300.2	1	2	-1
806	8	3307.6	1	2	-1
806	8	1027.2	1	2	-1
806	8	998.01	1	1	-1
806	8	1076	1	1	-1
806	8	772.81	1	1	-1
806	8	694.01	1	1	-1
806	8	685.99	1	1	-1
806	8	704.19	1	1	-1
806	8	667.59	1	1	-1
806	8	675.5	1	1	-1
806	8	1066.5	1	1	-1
806	8	527.96	1	1	-1
806	8	1601.2	1	1	-1
806	8	1253.4	1	1	-1
806	8	1322.3	1	1	-1
806	8	1764.9	1	1	-1
806	8	597.3	1	1	-1
806	8	2399.7	1	1	-1
806	8	782.8	1	1	-1
806	8	1388.1	1	1	-1
806	8	2540.3	1	1	-1
806	8	1435.1	1	1	-1
806	8	1621.7	1	1	-1
806	8	874.79	1	1	-1
806	8	1327.9	1	1	-1
806	8	971.55	1	1	-1
806	8	1215.7	1	1	-1
806	8	1296.7	1	1	-1
806	8	1846.5	1	1	-1
806	8	1228.3	1	1	-1
806	8	1654	1	1	-1
806	8	1626.7	1	1	-1
806	8	1593	1	1	-1
806	8	768.59	1	1	-1
806	8	737.79	1	1	-1
806	8	631.78	1	1	-1
806	8	1073.7	1	1	-1
806	8	1809.7	1	1	-1
806	8	801.58	1	1	-1
806	8	809.79	1	1	-1
806	8	1087.2	1	1	-1
806	8	722.01	1	1	-1
806	8	605.45	1	1	-1
806	8	846.49	1	1	-1
806	8	1021	1	1	-1
806	8	981.56	1	1	-1
806	8	688.95	1	1	-1
806	8	1798.8	1	1	-1
806	8	1824.3	1	1	-1
806	8	1382.9	1	1	-1
806	8	540.56	1	1	-1
806	8	676.87	1	1	-1
806	8	1183.4	1	1	-1
806	8	675.92	1	1	-1
806	8	2947.2	1	1	-1
806	8	750.96	1	1	-1
806	8	1040.7	1	1	-1
806	8	1030.6	1	1	-1
806	8	1303.2	1	1	-1
806	8	1054.5	1	1	-1
806	8	1006.9	1	1	-1
806	8	714.33	1	1	-1
806	8	1171.5	1	1	-1
806	8	763.32	1	1	-1
806	8	1234.7	1	1	-1
806	8	1507.9	1	1	-1
806	8	1301	1	1	-1
806	8	1778.4	1	1	-1
806	8	1553.8	1	1	-1
806	8	2071.4	1	1	-1
806	8	1080.3	1	1	-1
806	8	1191.8	1	1	-1
806	8	1030.1	1	1	-1
806	8	1296.2	1	1	-1
806	8	985.68	1	1	-1
806	8	1867.6	1	1	-1
806	8	1947.1	1	1	-1
806	8	800.98	1	1	-1
806	8	1270.4	1	1	-1
806	8	984.99	1	1	-1
806	8	756.99	1	1	-1
806	8	1165.3	1	1	-1
806	8	1071.1	1	1	-1
806	8	922.68	1	1	-1
806	8	674.69	1	1	-1
806	8	1175.2	1	1	-1
806	8	1461	1	1	-1
806	8	661.7	1	1	-1
806	8	597.83	1	1	-1
806	8	525.63	1	1	-1
806	8	2554.7	1	1	-1
806	8	1141.3	1	1	-1
806	8	867	1	1	-1
806	8	920.45	1	1	-1
806	8	886.35	1	1	-1
806	8	767.17	1	1	-1
806	8	1305.2	1	1	-1
806	8	901.44	1	1	-1
806	8	811.67	1	1	-1
806	8	812.61	1	1	-1
806	8	1375.8	1	1	-1
806	8	2948.4	1	1	-1
806	8	698.04	1	1	-1
806	8	760.53	1	1	-1
806	8	1002.5	1	1	-1
806	8	844.92	1	1	-1
806	8	651.56	1	1	-1
806	8	1263.6	1	1	-1
806	8	1477.3	1	1	-1
806	8	1582.5	1	1	-1
806	8	1493.6	1	1	-1
806	8	1570.7	1	1	-1
806	8	1294.4	1	1	-1
806	8	1523.3	0	1	-1
806	8	793.3	1	1	-1
806	8	751.14	1	1	-1
806	8	784.03	1	1	-1
806	8	1342.9	0	1	-1
806	8	1657.6	1	1	-1
806	8	1122.8	1	1	-1
806	8	1744.9	1	1	-1
806	8	1896.2	1	1	-1
806	8	1589.2	1	1	-1
806	8	944.36	1	1	-1
806	8	882.16	1	1	-1
806	8	832.4	1	1	-1
806	8	1539.5	1	1	-1
806	8	625.6	1	1	-1
806	8	972.66	1	1	-1
806	8	1542.8	1	1	-1
806	8	2352.1	1	1	-1
806	8	1001.3	1	1	-1
806	8	1185.2	1	1	-1
806	8	995.72	1	1	-1
806	8	733.95	1	1	-1
806	8	1584.5	1	1	-1
806	8	1097.5	1	1	-1
806	8	1669	1	1	-1
806	8	2046.2	1	1	-1
806	8	710.38	1	1	-1
806	8	663.44	1	1	-1
806	8	844.08	1	1	-1
806	8	2074.7	1	1	-1
806	8	1536	1	1	-1
806	8	2228.1	1	1	-1
806	8	727.73	1	1	-1
806	8	1313.8	1	1	-1
806	8	685.17	1	1	-1
806	8	1164.1	1	1	-1
806	8	1831.4	1	1	-1
806	8	704.08	1	1	-1
806	8	629.71	1	1	-1
806	8	2139.8	1	1	-1
806	8	2122.7	1	1	-1
806	8	811.69	1	1	-1
806	8	1029.4	1	1	-1
806	8	1054.5	1	1	-1
806	8	2791.2	1	1	-1
806	8	1924.1	1	1	-1
806	8	2260.3	1	1	-1
806	8	1520.7	1	1	-1
806	8	1043.3	1	1	-1
806	8	1242.4	1	1	-1
806	8	1189.1	1	1	-1
806	8	1002.5	1	1	-1
806	8	1951.6	1	1	-1
806	8	1216.5	0	1	-1
806	8	2565.6	1	1	-1
806	8	1395.2	1	1	-1
806	8	1473.5	1	1	-1
806	8	1396	1	1	-1
806	8	1586.4	1	1	-1
806	8	1147.5	1	1	-1
806	8	1823.6	1	1	-1
806	8	2140.6	1	1	-1
806	8	2350	1	1	-1
806	8	995.89	1	1	-1
806	8	1642.3	1	1	-1
806	8	1120.1	1	1	-1
806	8	1478.6	1	1	-1
806	8	1620.9	1	1	-1
806	8	2393.6	1	1	-1
806	8	854.09	1	1	-1
806	8	910.35	1	1	-1
806	8	678.52	1	1	-1
806	8	1205.3	1	1	-1
806	8	1856.4	1	1	-1
806	8	1588.2	1	1	-1
806	8	625.77	1	1	-1
806	8	1843.4	1	1	-1
806	8	1993	1	1	-1
806	8	1248.3	1	1	-1
806	8	2746.7	1	1	-1
806	8	1137.3	1	1	-1
806	8	783.21	1	1	-1
806	8	2009.8	1	1	-1
806	8	2690.2	1	1	-1
806	8	1621.7	1	1	-1
806	8	1912.4	1	1	-1
806	8	2446	1	1	-1
806	8	3474.4	1	1	-1
806	8	2488.8	1	1	-1
806	8	2625.8	1	1	-1
806	8	1265.8	1	1	-1
806	8	1456.9	1	1	-1
806	8	1402	1	1	-1
806	8	1115.9	1	1	-1
806	8	934.47	1	1	-1
806	8	643.77	1	1	-1
806	8	2121.8	1	1	-1
806	8	2573.4	1	1	-1
806	8	2479.3	1	1	-1
806	8	2066.4	1	1	-1
806	8	2214.5	1	1	-1
806	8	3524.1	1	1	-1
806	8	4368.3	1	1	-1
806	8	914.53	1	1	-1
806	8	858.71	1	1	-1
806	8	1354.2	1	1	-1
806	8	986.29	1	1	-1
806	8	1790.7	1	1	-1
806	8	1478.2	1	1	-1
806	8	887.69	1	1	-1
806	8	1332.5	1	1	-1
806	8	2808.8	1	1	-1
806	8	2154.1	1	1	-1
806	8	687.33	1	1	-1
806	8	1099.2	1	1	-1
806	8	643.83	1	1	-1
806	8	1925	1	1	-1
806	8	2686.5	1	1	-1
806	8	1459.7	1	1	-1
806	8	1415.7	1	1	-1
806	8	1754.8	1	1	-1
806	8	871.58	1	1	-1
806	8	2843.6	1	1	-1
806	8	3284.7	1	1	-1
806	8	1948.2	1	1	-1
806	8	1879.4	1	1	-1
806	8	1189.2	1	1	-1
806	8	812.35	1	1	-1
806	8	815.13	0	1	-1
806	8	1092.5	1	1	-1
806	8	1086.6	1	1	-1
806	8	1379.7	1	1	-1
806	8	1602	1	1	-1
806	8	1516.5	1	1	-1
806	8	3093.9	1	1	-1
806	8	1357.6	1	1	-1
806	8	1021.8	1	1	-1
806	8	1598.6	1	1	-1
806	8	1698	1	1	-1
806	8	1223.2	1	1	-1
806	8	1231.1	1	1	-1
806	8	2577.5	1	1	-1
806	8	1403.8	1	1	-1
806	8	1973.1	0	1	-1
806	8	1530.3	1	1	-1
806	8	3135.4	1	1	-1
806	8	2177.4	1	1	-1
806	8	1064.8	1	1	-1
806	8	2708.1	1	1	-1
806	8	2946.3	1	1	-1
806	8	1499.6	1	1	-1
806	8	1116.5	1	1	-1
806	8	1320.8	1	1	-1
806	8	1129.2	1	1	-1
806	8	2130.2	1	1	-1
806	8	2237.5	1	1	-1
806	8	1346.6	1	1	-1
806	8	1387.4	1	1	-1
806	8	2654.9	1	1	-1
806	8	1775.2	1	1	-1
806	8	1087	1	1	-1
806	8	1266.2	1	1	-1
806	8	1135.1	1	1	-1
806	8	638.84	1	1	-1
806	8	774.62	1	1	-1
806	8	730.06	1	1	-1
806	8	2581.3	1	1	-1
806	8	1408.4	1	1	-1
806	8	1705.5	1	1	-1
806	8	1226.1	1	1	-1
806	8	1199	1	1	-1
806	8	1542.3	1	1	-1
806	8	1736	1	1	-1
806	8	1805.3	1	1	-1
806	8	1504.3	1	1	-1
806	8	1006.2	1	1	-1
806	8	2060.9	1	1	-1
806	8	1446.9	1	1	-1
806	8	1305.5	1	1	-1
806	8	1210.9	1	1	-1
806	8	672.69	1	1	-1
806	8	798.54	1	1	-1
806	8	3074.2	1	1	-1
806	8	4604.7	1	1	-1
806	8	1626.4	1	1	-1
806	8	2493.4	1	1	-1
806	8	3339.7	1	1	-1
806	8	1626.4	1	1	-1
806	8	1948.3	1	1	-1
806	8	2745.4	1	1	-1
806	8	847.92	1	1	-1
806	8	3319.9	1	1	-1
806	8	1759	1	1	-1
806	8	2039.5	1	1	-1
806	8	1440.3	1	1	-1
806	8	1264.6	1	1	-1
806	8	2168.6	1	1	-1
806	8	2101.7	1	1	-1
806	8	991.31	0	1	-1
806	8	4224	1	1	-1
806	8	849.12	1	1	-1
806	8	760.53	1	1	-1
806	8	877.28	1	1	-1
806	8	1468.7	1	1	-1
806	8	1607.9	1	1	-1
806	8	990.41	1	1	-1
806	8	884.41	1	1	-1
806	8	3585.7	1	1	-1
806	8	981.91	1	1	-1
806	8	1471.7	1	1	-1
806	8	983.14	1	1	-1
806	8	3533.2	0	1	-1
806	8	796.36	1	1	-1
806	8	557.61	1	1	-1
806	8	962.4	1	1	-1
806	8	1291.4	1	1	-1
806	8	667.74	1	1	-1
806	8	2062.1	1	1	-1
806	8	1761.6	1	1	-1
806	8	3303.2	1	1	-1
806	8	1003.4	1	1	-1
806	8	898.97	1	1	-1
806	8	1573	1	1	-1
806	8	3744.1	1	1	-1
806	8	788.15	1	1	-1
806	8	691.92	1	1	-1
806	8	1080.3	1	1	-1
806	8	945.56	1	1	-1
806	8	956.79	1	1	-1
806	8	535.99	1	1	-1
806	8	761.95	1	1	-1
806	8	941.76	1	1	-1
806	8	609.86	1	1	-1
806	8	649.32	1	1	-1
806	8	1645.2	1	1	-1
806	8	2667.6	1	1	-1
806	8	1554.3	1	1	-1
806	8	1464	1	1	-1
806	8	793.16	1	1	-1
806	8	1128.2	0	-1	2
806	8	3341.1	1	-1	2
806	8	2341.3	0	-1	2
806	8	1631	0	-1	2
806	8	2556.1	0	-1	2
806	8	2462.8	1	-1	2
806	8	1267.2	0	-1	2
806	8	2378.6	1	-1	2
806	8	2151.8	0	-1	2
806	8	2432.3	0	-1	2
806	8	1383	0	-1	2
806	8	1138.5	1	-1	2
806	8	1436.4	0	-1	2
806	8	1442.7	1	-1	2
806	8	1700.6	0	-1	2
806	8	2081.3	1	-1	2
806	8	2165.5	1	-1	2
806	8	1821.7	1	-1	2
806	8	1073.9	1	-1	2
806	8	1251.9	1	-1	2
806	8	1542.5	1	-1	2
806	8	1148.2	1	-1	2
806	8	1552.2	1	-1	2
806	8	1352.2	1	-1	2
806	8	1656.5	0	-1	2
806	8	1298.4	1	-1	2
806	8	1942.4	1	-1	2
806	8	2030.1	1	-1	2
806	8	990.61	1	-1	2
806	8	1219.9	1	-1	2
806	8	1994.2	1	-1	2
806	8	1112	1	-1	2
806	8	1276.2	1	-1	2
806	8	1186	1	-1	2
806	8	1482.8	1	-1	2
806	8	1072.5	1	-1	2
806	8	1227.7	1	-1	2
806	8	1208.7	1	-1	2
806	8	3503.2	1	-1	2
806	8	1942.8	1	-1	2
806	8	970.1	1	-1	2
806	8	1235	1	-1	2
806	8	1273.1	1	-1	2
806	8	1079.9	1	-1	2
806	8	1125.9	1	-1	2
806	8	1023.5	1	-1	2
806	8	1195.9	1	-1	2
806	8	942.36	1	-1	2
806	8	1161.7	1	-1	2
806	8	1224.3	1	-1	2
806	8	952.87	1	-1	2
806	8	1940.7	0	-1	2
806	8	1079.8	1	-1	2
806	8	2270.5	1	-1	2
806	8	2402.1	1	-1	2
806	8	960.97	1	-1	2
806	8	961.55	1	-1	2
806	8	1038.5	1	-1	2
806	8	2078.7	1	-1	2
806	8	2229.5	1	-1	2
806	8	1547.7	1	-1	2
806	8	1124.1	1	-1	2
806	8	1012.8	1	-1	2
806	8	2331.1	0	-1	2
806	8	1069.7	1	-1	2
806	8	1016.5	1	-1	2
806	8	1013.3	1	-1	2
806	8	1514.4	1	-1	2
806	8	1351.3	1	-1	2
806	8	1271.2	1	-1	2
806	8	763.54	1	-1	2
806	8	1980.4	1	-1	2
806	8	1110.1	1	-1	2
806	8	1384.8	1	-1	2
806	8	967.06	1	-1	2
806	8	1014.3	1	-1	2
806	8	1754	1	-1	2
806	8	1308.7	1	-1	2
806	8	918.25	1	-1	2
806	8	1025.8	1	-1	2
806	8	1154.6	1	-1	2
806	8	1250.2	1	-1	2
806	8	1510.4	1	-1	2
806	8	1366.3	1	-1	2
806	8	1737.1	1	-1	2
806	8	1074.5	1	-1	2
806	8	1068.7	1	-1	2
806	8	956.61	1	-1	2
806	8	1443.5	1	-1	2
806	8	977.68	1	-1	2
806	8	2096.3	1	-1	2
806	8	758.38	1	-1	2
806	8	1104.9	1	-1	2
806	8	1095.9	1	-1	2
806	8	1725.7	0	-1	2
806	8	1019.6	1	-1	2
806	8	959.62	1	-1	2
806	8	3130.5	1	-1	2
806	8	954.09	1	-1	2
806	8	1148.4	1	-1	2
806	8	957.86	1	-1	2
806	8	1012.6	1	-1	2
806	8	1448	1	-1	2
806	8	1129.6	1	-1	2
806	8	1149	1	-1	2
806	8	1015	1	-1	2
806	8	1492.7	1	-1	2
806	8	1915.9	1	-1	2
806	8	1455.8	1	-1	2
806	8	1112.1	1	-1	2
806	8	1238.7	1	-1	2
806	8	1102.7	1	-1	2
806	8	1194.7	1	-1	2
806	8	1015.3	1	-1	2
806	8	1329.9	1	-1	2
806	8	2082.5	1	-1	2
806	8	1367.6	1	-1	2
806	8	934.24	1	-1	2
806	8	896.01	1	-1	2
806	8	1097.8	1	-1	2
806	8	1776.1	1	-1	2
806	8	1291.9	1	-1	2
806	8	1454.3	1	-1	2
806	8	2061.4	1	-1	2
806	8	942.39	1	-1	2
806	8	1378.7	1	-1	2
806	8	993.92	1	-1	2
806	8	1024.3	1	-1	2
806	8	1691.9	1	-1	2
806	8	1041.1	1	-1	2
806	8	1358.2	1	-1	2
806	8	1676	1	-1	2
806	8	1573.6	1	-1	2
806	8	1059.2	1	-1	2
806	8	1298.6	1	-1	2
806	8	1269.5	1	-1	2
806	8	915.59	1	-1	2
806	8	877.56	1	-1	2
806	8	1519.6	1	-1	2
806	8	985.78	1	-1	2
806	8	1086.9	1	-1	2
806	8	1053.8	1	-1	2
806	8	1862.1	1	-1	2
806	8	872.62	1	-1	2
806	8	1193.9	1	-1	2
806	8	796.55	1	-1	2
806	8	1206.4	1	-1	2
806	8	952.84	1	-1	2
806	8	913.45	1	-1	2
806	8	1355.4	1	-1	2
806	8	878.22	1	-1	2
806	8	1590.3	1	-1	2
806	8	3227.5	1	-1	2
806	8	1643.4	1	-1	2
806	8	1570.9	1	-1	2
806	8	2909	1	-1	2
806	8	3403.8	1	-1	2
806	8	1257.8	1	-1	2
806	8	1163.8	1	-1	2
806	8	1404.5	1	-1	2
806	8	945.95	1	-1	2
806	8	843.02	1	-1	2
806	8	880.51	1	-1	2
806	8	1116.9	1	-1	2
806	8	1024.5	1	-1	2
806	8	1240.8	1	-1	2
806	8	3715	1	-1	2
806	8	1096	1	-1	2
806	8	1004.2	1	-1	2
806	8	1331.9	1	-1	2
806	8	1126.4	1	-1	2
806	8	1070.3	1	-1	2
806	8	1175.7	1	-1	2
806	8	1309	1	-1	2
806	8	2047.8	1	-1	2
806	8	1739.8	1	-1	2
806	8	1203.3	1	-1	2
806	8	1075.8	1	-1	2
806	8	2383.4	1	-1	2
806	8	2571.7	1	-1	2
806	8	1037.8	1	-1	2
806	8	1026.9	1	-1	2
806	8	1158.7	1	-1	2
806	8	1049.3	1	-1	2
806	8	1393.3	1	-1	2
806	8	891.48	1	-1	2
806	8	1100.1	1	-1	2
806	8	1136.7	1	-1	2
806	8	1222.2	1	-1	2
806	8	2219.3	1	-1	2
806	8	993.15	1	-1	2
806	8	1143.1	1	-1	2
806	8	1544.6	1	-1	2
806	8	1313.7	1	-1	2
806	8	2038.5	1	-1	2
806	8	1938	1	-1	2
806	8	1009.1	1	-1	2
806	8	1100.1	1	-1	2
806	8	1248.8	1	-1	2
806	8	1824.3	1	-1	2
806	8	925.1	1	-1	2
806	8	971.56	1	-1	2
806	8	1407.4	1	-1	2
806	8	1122.1	1	-1	2
806	8	1367.9	1	-1	2
806	8	884.47	1	-1	2
806	8	2380.2	0	-1	2
806	8	1093.9	1	-1	2
806	8	3450.3	1	-1	2
806	8	1048.5	1	-1	2
806	8	2296.4	1	-1	2
806	8	1426.6	1	-1	2
806	8	865.56	1	-1	2
806	8	1241.6	1	-1	2
806	8	1356.2	1	-1	2
806	8	1119.2	1	-1	2
806	8	1171.1	1	-1	2
806	8	3104.7	1	-1	2
806	8	1368.8	1	-1	2
806	8	2345.3	0	-1	2
806	8	4003.9	1	-1	2
806	8	1500.1	1	-1	2
806	8	2710.1	0	-1	2
806	8	1245.9	1	-1	2
806	8	1103	1	-1	2
806	8	1766.4	1	-1	2
806	8	1015.4	1	-1	2
806	8	1213	1	-1	2
806	8	3934.1	1	-1	2
806	8	1938.1	1	-1	2
806	8	2006.2	1	-1	2
806	8	1606.4	1	-1	2
806	8	1026.3	1	-1	2
806	8	1230.6	1	-1	2
806	8	2788.9	1	-1	2
806	8	1801.7	1	-1	2
806	8	999.87	0	-1	2
806	8	1957.7	1	-1	2
806	8	3083.3	1	-1	2
806	8	2663.8	1	-1	2
806	8	2105.3	1	-1	2
806	8	1318.1	1	-1	2
806	8	2358.5	0	-1	2
806	8	2541.2	0	-1	2
806	8	1143.4	1	-1	2
806	8	1184.6	1	-1	2
806	8	1038.1	1	-1	2
806	8	2866.4	1	-1	2
806	8	2188.3	1	-1	2
806	8	1029.3	1	-1	2
806	8	859.42	1	-1	2
806	8	2968.6	1	-1	2
806	8	1986.7	0	-1	2
806	8	1036.9	1	-1	2
806	8	2102.2	0	-1	2
806	8	1709.2	1	-1	2
806	8	1053	1	-1	2
806	8	1466.8	1	-1	2
806	8	2072.4	1	-1	2
806	8	2204.3	1	-1	2
806	8	1136.6	1	-1	2
806	8	1013.2	1	-1	2
806	8	1271.1	1	-1	2
806	8	1304.5	1	-1	2
806	8	1153.4	1	-1	2
806	8	1318.7	1	-1	2
806	8	1825.7	1	-1	2
806	8	1258	0	-1	2
806	8	1034.3	1	-1	2
806	8	1115.1	1	-1	2
806	8	1327.6	1	-1	2
806	8	1048.5	1	-1	2
806	8	911.8	1	-1	2
806	8	885.07	1	-1	2
806	8	1029.2	1	-1	2
806	8	1393.4	1	-1	2
806	8	2908.1	1	-1	2
806	8	2686.9	1	-1	2
806	8	2154.9	1	-1	2
806	8	901.23	1	-1	2
806	8	1123.6	1	-1	2
806	8	931.73	1	-1	2
806	8	2767.3	1	-1	2
806	8	2103.5	1	-1	2
806	8	1736.3	1	-1	2
806	8	1053.9	1	-1	2
806	8	926.1	1	-1	2
806	8	1831.2	1	-1	2
806	8	1564.2	1	-1	2
806	8	2223.8	1	-1	2
806	8	2200.2	1	-1	2
806	8	1513.5	0	-1	2
806	8	1261	1	-1	2
806	8	3443	1	-1	2
806	8	1260.5	1	-1	2
806	8	3088.1	1	-1	2
806	8	2249.2	1	-1	2
806	8	975.74	1	-1	2
806	8	1585	1	-1	2
806	8	2003.1	1	-1	2
806	8	2087.6	1	-1	2
806	8	1463.1	1	-1	2
806	8	2422.3	1	-1	2
806	8	1727.7	1	-1	2
806	8	2056.8	1	-1	2
806	8	2065.7	1	-1	2
806	8	1585.1	1	-1	2
806	8	1384.1	1	-1	2
806	8	1568.7	1	-1	2
806	8	4220.6	1	-1	2
806	8	1090.1	1	-1	2
806	8	1156.3	1	-1	2
806	8	1029	1	-1	2
806	8	2052.9	1	-1	2
806	8	2208.2	1	-1	2
806	8	1079	1	-1	2
806	8	1272	1	-1	2
806	8	1093.9	1	-1	2
806	8	2316.5	1	-1	2
806	8	1011.4	1	-1	2
806	8	1320.9	1	-1	2
806	8	2294.8	1	-1	2
806	8	1670.4	1	-1	2
806	8	890.63	1	-1	2
806	8	1573.4	0	-1	2
806	8	1265.4	1	-1	2
806	8	1261.7	1	-1	2
806	8	956.11	1	-1	2
806	8	1651.8	1	-1	2
806	8	909.43	1	-1	2
806	8	1163.2	1	-1	2
806	8	1032.4	1	-1	2
806	8	1769.9	1	-1	2
806	8	970.94	1	-1	2
806	8	771.25	1	-1	2
806	8	975.15	1	-1	2
806	8	982.87	1	-1	2
806	8	1432.9	1	-1	2
806	8	1498.6	1	-1	2
806	8	1151.1	1	-1	2
806	8	927.55	1	-1	2
806	8	964.83	1	-1	2
806	8	936.12	1	-1	2
806	8	1003.9	1	-1	2
806	8	1190.7	1	-1	2
806	8	836.47	1	-1	2
806	8	1019.5	1	-1	2
806	8	1058.6	1	-1	2
806	8	969.76	1	-1	2
806	8	1552.6	0	-1	1
806	8	2821.9	1	-1	1
806	8	2848.3	0	-1	1
806	8	2305.6	0	-1	1
806	8	1975.7	0	-1	1
806	8	2701.1	0	-1	1
806	8	3499.7	0	-1	1
806	8	1736	0	-1	1
806	8	1557.2	0	-1	1
806	8	2495.3	0	-1	1
806	8	1355.3	0	-1	1
806	8	1445.4	1	-1	1
806	8	3177.5	1	-1	1
806	8	1921.2	0	-1	1
806	8	2526.7	0	-1	1
806	8	1701.4	0	-1	1
806	8	1820.8	0	-1	1
806	8	1941.7	1	-1	1
806	8	1745.9	1	-1	1
806	8	796.28	1	-1	1
806	8	1163.9	1	-1	1
806	8	1582.4	1	-1	1
806	8	1599.6	1	-1	1
806	8	1637.2	1	-1	1
806	8	1706	1	-1	1
806	8	2099.4	1	-1	1
806	8	1979	1	-1	1
806	8	1114.6	0	-1	1
806	8	1361.9	0	-1	1
806	8	1752.6	1	-1	1
806	8	1830.4	0	-1	1
806	8	1814.1	1	-1	1
806	8	2967.1	1	-1	1
806	8	1109	1	-1	1
806	8	1615.7	1	-1	1
806	8	1796.7	1	-1	1
806	8	1369.9	1	-1	1
806	8	2298.6	1	-1	1
806	8	1707.4	1	-1	1
806	8	2266.5	1	-1	1
806	8	1266.8	1	-1	1
806	8	1284.1	1	-1	1
806	8	1452.9	0	-1	1
806	8	3219.1	0	-1	1
806	8	2058.8	1	-1	1
806	8	1205.2	1	-1	1
806	8	1615.5	1	-1	1
806	8	1311.2	1	-1	1
806	8	1154.8	1	-1	1
806	8	1114.4	1	-1	1
806	8	1042.9	1	-1	1
806	8	1084.3	1	-1	1
806	8	2611.8	0	-1	1
806	8	2209.5	1	-1	1
806	8	1285.8	1	-1	1
806	8	965.87	1	-1	1
806	8	3206.9	0	-1	1
806	8	1283.6	1	-1	1
806	8	1601.3	1	-1	1
806	8	1602.7	1	-1	1
806	8	1273.5	1	-1	1
806	8	1051.9	1	-1	1
806	8	1675.8	1	-1	1
806	8	855.33	1	-1	1
806	8	1226.4	1	-1	1
806	8	1370.6	1	-1	1
806	8	1527.6	0	-1	1
806	8	1337.6	1	-1	1
806	8	1123.5	1	-1	1
806	8	3847.2	0	-1	1
806	8	1977.7	1	-1	1
806	8	1733.6	1	-1	1
806	8	1809.6	1	-1	1
806	8	1250.7	1	-1	1
806	8	1418.3	1	-1	1
806	8	1847.6	1	-1	1
806	8	1119.2	1	-1	1
806	8	1163.7	1	-1	1
806	8	1447.4	1	-1	1
806	8	1399.2	1	-1	1
806	8	1268.1	1	-1	1
806	8	993.25	1	-1	1
806	8	890.83	1	-1	1
806	8	2177.8	1	-1	1
806	8	1005.2	1	-1	1
806	8	1323.1	0	-1	1
806	8	594.62	1	-1	1
806	8	743.93	1	-1	1
806	8	992.52	1	-1	1
806	8	827.79	1	-1	1
806	8	806.47	1	-1	1
806	8	937.02	1	-1	1
806	8	797.99	1	-1	1
806	8	940.09	1	-1	1
806	8	1016.3	1	-1	1
806	8	2724.6	0	-1	1
806	8	918.5	1	-1	1
806	8	1001.7	1	-1	1
806	8	996.44	1	-1	1
806	8	1580.4	1	-1	1
806	8	1126.6	1	-1	1
806	8	1193.4	1	-1	1
806	8	3113.2	0	-1	1
806	8	1517.7	1	-1	1
806	8	1196.2	1	-1	1
806	8	1983.9	0	-1	1
806	8	2374	1	-1	1
806	8	1129.2	1	-1	1
806	8	2858.5	1	-1	1
806	8	1628.9	1	-1	1
806	8	1339.6	1	-1	1
806	8	1883.3	1	-1	1
806	8	2779.7	1	-1	1
806	8	1318.6	1	-1	1
806	8	1234.9	1	-1	1
806	8	1253.3	1	-1	1
806	8	3143.7	1	-1	1
806	8	856.8	1	-1	1
806	8	1206.3	1	-1	1
806	8	1538.5	1	-1	1
806	8	982.61	1	-1	1
806	8	1197.3	1	-1	1
806	8	1225.2	1	-1	1
806	8	965.4	1	-1	1
806	8	861.88	1	-1	1
806	8	1087.7	1	-1	1
806	8	915.31	1	-1	1
806	8	1803.5	1	-1	1
806	8	1838	1	-1	1
806	8	1117.3	1	-1	1
806	8	1009.4	1	-1	1
806	8	1435	1	-1	1
806	8	1850	1	-1	1
806	8	1112.5	1	-1	1
806	8	878.48	1	-1	1
806	8	2878.5	1	-1	1
806	8	784.02	1	-1	1
806	8	1282.5	1	-1	1
806	8	870.17	1	-1	1
806	8	993.11	1	-1	1
806	8	1844	1	-1	1
806	8	783.46	1	-1	1
806	8	984.93	1	-1	1
806	8	1139.6	1	-1	1
806	8	929.21	1	-1	1
806	8	1007	1	-1	1
806	8	813.81	1	-1	1
806	8	1189.8	1	-1	1
806	8	1242.6	1	-1	1
806	8	1361.9	1	-1	1
806	8	1137.1	1	-1	1
806	8	1333.5	1	-1	1
806	8	1078.6	1	-1	1
806	8	3116.3	1	-1	1
806	8	2388.9	1	-1	1
806	8	1123.5	1	-1	1
806	8	1117.5	1	-1	1
806	8	1098.4	1	-1	1
806	8	1172.1	1	-1	1
806	8	1012.8	1	-1	1
806	8	787.88	1	-1	1
806	8	775.04	1	-1	1
806	8	1267.3	1	-1	1
806	8	1200.1	1	-1	1
806	8	858.14	1	-1	1
806	8	1189	1	-1	1
806	8	1604.4	1	-1	1
806	8	878.27	1	-1	1
806	8	866.24	1	-1	1
806	8	1517	1	-1	1
806	8	831.62	1	-1	1
806	8	1167.6	1	-1	1
806	8	1677.6	1	-1	1
806	8	1084.8	1	-1	1
806	8	1193.7	1	-1	1
806	8	1219.9	1	-1	1
806	8	1862.7	1	-1	1
806	8	1746	1	-1	1
806	8	1300.6	1	-1	1
806	8	2761.3	1	-1	1
806	8	1187.6	1	-1	1
806	8	1561.4	1	-1	1
806	8	1558.7	1	-1	1
806	8	1008.3	1	-1	1
806	8	855.88	1	-1	1
806	8	1114.4	1	-1	1
806	8	1006.6	1	-1	1
806	8	1138.9	1	-1	1
806	8	1332.3	1	-1	1
806	8	1356.8	0	-1	1
806	8	2484.2	1	-1	1
806	8	1935.4	1	-1	1
806	8	1907.6	1	-1	1
806	8	830.44	0	-1	1
806	8	1213.6	1	-1	1
806	8	2101	1	-1	1
806	8	1497.6	1	-1	1
806	8	1319.4	1	-1	1
806	8	2136.8	1	-1	1
806	8	3884.1	0	-1	1
806	8	1055.3	1	-1	1
806	8	1186.5	1	-1	1
806	8	860.34	1	-1	1
806	8	2567.6	1	-1	1
806	8	1360.6	1	-1	1
806	8	2328.6	1	-1	1
806	8	2244.8	1	-1	1
806	8	1929.2	1	-1	1
806	8	997.26	1	-1	1
806	8	1894	1	-1	1
806	8	1641.7	1	-1	1
806	8	2168.2	1	-1	1
806	8	917.7	1	-1	1
806	8	1126.1	1	-1	1
806	8	2040.3	1	-1	1
806	8	817.84	1	-1	1
806	8	1270.4	1	-1	1
806	8	1328.1	1	-1	1
806	8	1852.9	1	-1	1
806	8	818.47	1	-1	1
806	8	2825.8	0	-1	1
806	8	1103.1	1	-1	1
806	8	1302	0	-1	1
806	8	1291.1	0	-1	1
806	8	1198.5	1	-1	1
806	8	1028.4	1	-1	1
806	8	1545.6	1	-1	1
806	8	2377.9	1	-1	1
806	8	2964.5	1	-1	1
806	8	2725.7	1	-1	1
806	8	1215.2	1	-1	1
806	8	929.97	1	-1	1
806	8	873.29	1	-1	1
806	8	1602.3	1	-1	1
806	8	2065.8	1	-1	1
806	8	1636.9	1	-1	1
806	8	3004.4	1	-1	1
806	8	1515.8	1	-1	1
806	8	1914.3	1	-1	1
806	8	1593.9	0	-1	1
806	8	905.1	1	-1	1
806	8	899.09	1	-1	1
806	8	857.46	1	-1	1
806	8	3090.7	0	-1	1
806	8	1305.9	1	-1	1
806	8	1595.8	1	-1	1
806	8	2591.6	1	-1	1
806	8	3248	1	-1	1
806	8	2824.4	1	-1	1
806	8	1069.4	1	-1	1
806	8	1116	1	-1	1
806	8	2034.4	1	-1	1
806	8	1272.4	1	-1	1
806	8	1770.8	1	-1	1
806	8	1531.9	1	-1	1
806	8	2853.8	0	-1	1
806	8	1174.6	1	-1	1
806	8	1806.5	1	-1	1
806	8	1082.7	1	-1	1
806	8	1245.6	1	-1	1
806	8	1941.1	1	-1	1
806	8	892.11	1	-1	1
806	8	1410.2	1	-1	1
806	8	1745.2	1	-1	1
806	8	1426.3	1	-1	1
806	8	2264.4	1	-1	1
806	8	1219.5	1	-1	1
806	8	1479.5	1	-1	1
806	8	1566.8	1	-1	1
806	8	1265.3	1	-1	1
806	8	1429.3	1	-1	1
806	8	905.3	1	-1	1
806	8	1807.9	1	-1	1
806	8	1030.7	1	-1	1
806	8	924.91	1	-1	1
806	8	1314	1	-1	1
806	8	1519.2	1	-1	1
806	8	1168.4	1	-1	1
806	8	1712.3	1	-1	1
806	8	1128.3	1	-1	1
806	8	1293.6	1	-1	1
806	8	1733.6	1	-1	1
806	8	1764	1	-1	1
806	8	1664.4	1	-1	1
806	8	1414.9	1	-1	1
806	8	984.1	1	-1	1
806	8	1420.9	1	-1	1
806	8	1290.4	1	-1	1
806	8	983.21	1	-1	1
806	8	2270.9	1	-1	1
806	8	1092.1	1	-1	1
806	8	1581	1	-1	1
806	8	963.75	1	-1	1
806	8	971.1	1	-1	1
806	8	1133.3	1	-1	1
806	8	1993.3	1	-1	1
806	8	2341	1	-1	1
806	8	2894.1	1	-1	1
806	8	2251.5	1	-1	1
806	8	1225	1	-1	1
806	8	1503.2	1	-1	1
806	8	1817.5	1	-1	1
806	8	1291.8	1	-1	1
806	8	940.91	1	-1	1
806	8	2155	0	-1	1
806	8	1280.3	1	-1	1
806	8	997.92	1	-1	1
806	8	1042.5	1	-1	1
806	8	1234.7	1	-1	1
806	8	960.63	1	-1	1
806	8	852.7	1	-1	1
806	8	1956.1	1	-1	1
806	8	1015.6	1	-1	1
806	8	1352.4	1	-1	1
806	8	1120.5	1	-1	1
806	8	952.05	1	-1	1
806	8	962.27	1	-1	1
806	8	1294.6	1	-1	1
806	8	1728.6	1	-1	1
806	8	905.68	1	-1	1
806	8	1132.1	1	-1	1
806	8	1133.4	1	-1	1
806	8	1061.7	1	-1	1
806	8	1056.5	1	-1	1
806	8	1006.5	1	-1	1
806	8	1092	1	-1	1
806	8	1064.9	1	-1	1
806	8	1237.5	1	-1	1
806	8	919.99	1	-1	1
806	8	976.42	1	-1	1
806	8	995.24	1	-1	1
806	8	1019.4	1	-1	1
806	8	952.65	1	-1	1
806	8	1509.9	1	-1	1
806	8	1120.8	1	-1	1
806	8	873.4	1	-1	1
806	8	784.59	1	-1	1
806	8	709.66	1	-1	1
806	8	847.8	1	-1	1
806	8	1779.9	1	-1	1
806	8	850.14	1	-1	1
806	8	1274.7	1	-1	1
806	8	870.04	1	-1	1
806	8	1702.3	1	-1	1
806	8	992.93	1	-1	1
806	8	4186	1	-1	1
806	8	885.55	1	-1	1
806	8	868.67	1	-1	1
806	8	982.28	1	-1	1
806	8	933.12	1	-1	1
806	8	916.48	1	-1	-1
806	8	774.6	1	-1	-1
806	8	764.03	1	-1	-1
806	8	946.15	1	-1	-1
806	8	579.44	1	-1	-1
806	8	721.95	1	-1	-1
806	8	666.89	1	-1	-1
806	8	659.45	1	-1	-1
806	8	629.87	1	-1	-1
806	8	632.23	1	-1	-1
806	8	1373.7	1	-1	-1
806	8	1195	1	-1	-1
806	8	1319	1	-1	-1
806	8	659.09	1	-1	-1
806	8	1263.9	1	-1	-1
806	8	681.71	1	-1	-1
806	8	1574.4	1	-1	-1
806	8	771.97	1	-1	-1
806	8	1928.5	1	-1	-1
806	8	1475.7	1	-1	-1
806	8	1360	1	-1	-1
806	8	1136.5	1	-1	-1
806	8	1039.2	1	-1	-1
806	8	1154.7	1	-1	-1
806	8	941.81	1	-1	-1
806	8	1397.6	1	-1	-1
806	8	962.29	1	-1	-1
806	8	1583.5	0	-1	-1
806	8	1537	1	-1	-1
806	8	1018.4	1	-1	-1
806	8	644.49	1	-1	-1
806	8	2086.3	1	-1	-1
806	8	654.43	1	-1	-1
806	8	1092.8	1	-1	-1
806	8	549.3	1	-1	-1
806	8	876.9	1	-1	-1
806	8	921.82	1	-1	-1
806	8	1463.7	1	-1	-1
806	8	746.71	1	-1	-1
806	8	1293.4	1	-1	-1
806	8	1092.1	1	-1	-1
806	8	1575.6	1	-1	-1
806	8	693.58	1	-1	-1
806	8	687.53	1	-1	-1
806	8	663.12	1	-1	-1
806	8	649.18	1	-1	-1
806	8	1328.2	1	-1	-1
806	8	1256.3	1	-1	-1
806	8	1501.7	1	-1	-1
806	8	1617.8	1	-1	-1
806	8	1381.7	1	-1	-1
806	8	592.81	1	-1	-1
806	8	2449.4	1	-1	-1
806	8	688.73	1	-1	-1
806	8	822.64	1	-1	-1
806	8	803.95	1	-1	-1
806	8	1554.3	1	-1	-1
806	8	1360.5	1	-1	-1
806	8	725.83	1	-1	-1
806	8	707.74	1	-1	-1
806	8	1839.6	1	-1	-1
806	8	2539.8	1	-1	-1
806	8	802.18	1	-1	-1
806	8	918.23	1	-1	-1
806	8	1119.9	1	-1	-1
806	8	1508.2	1	-1	-1
806	8	2059	1	-1	-1
806	8	1322.4	1	-1	-1
806	8	1404.4	1	-1	-1
806	8	1216.2	1	-1	-1
806	8	895.67	1	-1	-1
806	8	865.55	1	-1	-1
806	8	1168.2	1	-1	-1
806	8	1084.6	1	-1	-1
806	8	1566	1	-1	-1
806	8	1062.6	1	-1	-1
806	8	1151.9	1	-1	-1
806	8	830.68	1	-1	-1
806	8	1049.6	1	-1	-1
806	8	813.76	1	-1	-1
806	8	879.1	1	-1	-1
806	8	879.46	1	-1	-1
806	8	991.86	1	-1	-1
806	8	859.31	1	-1	-1
806	8	1729.5	1	-1	-1
806	8	534.79	1	-1	-1
806	8	623.71	1	-1	-1
806	8	720.02	1	-1	-1
806	8	940.39	1	-1	-1
806	8	1089.6	1	-1	-1
806	8	972.93	1	-1	-1
806	8	609.97	1	-1	-1
806	8	745.8	1	-1	-1
806	8	823.68	1	-1	-1
806	8	607.27	1	-1	-1
806	8	1187.3	1	-1	-1
806	8	2238.2	1	-1	-1
806	8	1109.2	1	-1	-1
806	8	622.62	1	-1	-1
806	8	1428.8	1	-1	-1
806	8	1274.2	1	-1	-1
806	8	1675.2	1	-1	-1
806	8	775.51	1	-1	-1
806	8	735.99	1	-1	-1
806	8	1078	1	-1	-1
806	8	1477.7	1	-1	-1
806	8	777.22	1	-1	-1
806	8	1483.9	1	-1	-1
806	8	1568.5	1	-1	-1
806	8	1030.4	1	-1	-1
806	8	1048.1	1	-1	-1
806	8	852.35	1	-1	-1
806	8	1043.9	1	-1	-1
806	8	922.54	1	-1	-1
806	8	1249.4	1	-1	-1
806	8	1153.4	1	-1	-1
806	8	1184.9	1	-1	-1
806	8	2599.5	1	-1	-1
806	8	3264.5	1	-1	-1
806	8	2225	1	-1	-1
806	8	1282.9	1	-1	-1
806	8	2058.1	1	-1	-1
806	8	1168.2	1	-1	-1
806	8	1542.6	1	-1	-1
806	8	838.71	1	-1	-1
806	8	1355	1	-1	-1
806	8	852.41	1	-1	-1
806	8	1299.3	1	-1	-1
806	8	1770.7	1	-1	-1
806	8	1735.7	1	-1	-1
806	8	1239	1	-1	-1
806	8	1784.6	1	-1	-1
806	8	1356.8	1	-1	-1
806	8	1031.9	1	-1	-1
806	8	954.15	1	-1	-1
806	8	1136.2	1	-1	-1
806	8	1772.4	1	-1	-1
806	8	749.06	1	-1	-1
806	8	948.16	1	-1	-1
806	8	862.95	1	-1	-1
806	8	673.35	1	-1	-1
806	8	687.48	1	-1	-1
806	8	939.42	1	-1	-1
806	8	1528.8	1	-1	-1
806	8	894.06	1	-1	-1
806	8	782.03	1	-1	-1
806	8	1869.9	1	-1	-1
806	8	1204.8	1	-1	-1
806	8	2634.3	1	-1	-1
806	8	1614.5	1	-1	-1
806	8	1058.1	1	-1	-1
806	8	966.85	1	-1	-1
806	8	931.41	1	-1	-1
806	8	1910.2	1	-1	-1
806	8	1276.4	1	-1	-1
806	8	1196.8	1	-1	-1
806	8	1373.8	1	-1	-1
806	8	702.21	1	-1	-1
806	8	2387.9	1	-1	-1
806	8	1113.3	1	-1	-1
806	8	891.67	1	-1	-1
806	8	857.31	1	-1	-1
806	8	980.68	1	-1	-1
806	8	823.53	1	-1	-1
806	8	918.22	1	-1	-1
806	8	979.16	1	-1	-1
806	8	851.78	1	-1	-1
806	8	794.15	1	-1	-1
806	8	904.78	1	-1	-1
806	8	943.01	1	-1	-1
806	8	1534.4	1	-1	-1
806	8	1382.6	1	-1	-1
806	8	1355.5	1	-1	-1
806	8	980.81	1	-1	-1
806	8	1281.4	1	-1	-1
806	8	2762.3	1	-1	-1
806	8	785.99	1	-1	-1
806	8	1158.1	1	-1	-1
806	8	2371.8	1	-1	-1
806	8	1041.1	1	-1	-1
806	8	974.67	1	-1	-1
806	8	792.99	1	-1	-1
806	8	993.07	1	-1	-1
806	8	1121.9	1	-1	-1
806	8	1427.1	1	-1	-1
806	8	1012.9	1	-1	-1
806	8	1487.6	1	-1	-1
806	8	1118	1	-1	-1
806	8	841.07	1	-1	-1
806	8	1162.6	1	-1	-1
806	8	1319.1	1	-1	-1
806	8	1312.3	1	-1	-1
806	8	2479.8	1	-1	-1
806	8	1015.6	1	-1	-1
806	8	1032.9	1	-1	-1
806	8	1852	1	-1	-1
806	8	1230.3	1	-1	-1
806	8	1848.5	1	-1	-1
806	8	1120.1	1	-1	-1
806	8	1377.1	1	-1	-1
806	8	1033.9	1	-1	-1
806	8	828.69	1	-1	-1
806	8	723.46	1	-1	-1
806	8	1218.6	1	-1	-1
806	8	1925.2	1	-1	-1
806	8	1455.6	1	-1	-1
806	8	1432.5	1	-1	-1
806	8	761.36	1	-1	-1
806	8	1747.1	1	-1	-1
806	8	1512.5	1	-1	-1
806	8	1792.9	1	-1	-1
806	8	617.77	1	-1	-1
806	8	800.34	1	-1	-1
806	8	1204.5	1	-1	-1
806	8	910.99	1	-1	-1
806	8	783.93	1	-1	-1
806	8	1587.2	1	-1	-1
806	8	1733.2	1	-1	-1
806	8	1027.7	1	-1	-1
806	8	772.39	1	-1	-1
806	8	801.71	1	-1	-1
806	8	966.06	1	-1	-1
806	8	2061.1	1	-1	-1
806	8	801.56	1	-1	-1
806	8	867.84	1	-1	-1
806	8	1405	1	-1	-1
806	8	877.99	1	-1	-1
806	8	1058.8	1	-1	-1
806	8	1443.1	1	-1	-1
806	8	1847.5	1	-1	-1
806	8	1229.9	1	-1	-1
806	8	733.58	1	-1	-1
806	8	928.91	1	-1	-1
806	8	1373.3	1	-1	-1
806	8	1122.4	1	-1	-1
806	8	1768.1	1	-1	-1
806	8	1059.7	1	-1	-1
806	8	926.98	1	-1	-1
806	8	4278.5	1	-1	-1
806	8	1174.8	1	-1	-1
806	8	588.11	1	-1	-1
806	8	1215.1	1	-1	-1
806	8	1165.3	1	-1	-1
806	8	1373.4	1	-1	-1
806	8	1370.8	1	-1	-1
806	8	1110.2	1	-1	-1
806	8	2128.9	1	-1	-1
806	8	1288.1	1	-1	-1
806	8	2656.7	1	-1	-1
806	8	1021	1	-1	-1
806	8	831.27	1	-1	-1
806	8	952.65	1	-1	-1
806	8	907.69	1	-1	-1
806	8	1564.9	1	-1	-1
806	8	1784.4	1	-1	-1
806	8	2716.1	1	-1	-1
806	8	2195.4	1	-1	-1
806	8	1044.3	1	-1	-1
806	8	1299.5	1	-1	-1
806	8	2163.6	1	-1	-1
806	8	1668.1	1	-1	-1
806	8	1248	1	-1	-1
806	8	1240.7	1	-1	-1
806	8	881.19	1	-1	-1
806	8	2161.8	1	-1	-1
806	8	1180.2	1	-1	-1
806	8	1193.6	1	-1	-1
806	8	757.53	1	-1	-1
806	8	1193.8	1	-1	-1
806	8	851.74	1	-1	-1
806	8	955.52	1	-1	-1
806	8	715.21	1	-1	-1
806	8	805.14	1	-1	-1
806	8	1146.1	1	-1	-1
806	8	787.21	1	-1	-1
806	8	1244.6	1	-1	-1
806	8	1362.4	1	-1	-1
806	8	960.14	1	-1	-1
806	8	968.03	1	-1	-1
806	8	1286.4	1	-1	-1
806	8	821.53	1	-1	-1
806	8	1159.3	1	-1	-1
806	8	1094.2	1	-1	-1
806	8	883.76	1	-1	-1
806	8	1116.5	1	-1	-1
806	8	1899.3	1	-1	-1
806	8	1301.2	1	-1	-1
806	8	1080.9	1	-1	-1
806	8	898.51	1	-1	-1
806	8	837.06	1	-1	-1
806	8	886.12	1	-1	-1
806	8	1278	1	-1	-1
806	8	3970	1	-1	-1
806	8	3451	1	-1	-1
806	8	2328.3	1	-1	-1
806	8	1173.5	1	-1	-1
806	8	1965.1	1	-1	-1
806	8	2136.6	1	-1	-1
806	8	1024.5	1	-1	-1
806	8	2271.9	1	-1	-1
806	8	1014.1	1	-1	-1
806	8	1121.2	1	-1	-1
806	8	2486.6	1	-1	-1
806	8	2986.5	1	-1	-1
806	8	2821.6	1	-1	-1
806	8	1584.7	1	-1	-1
806	8	778.86	1	-1	-1
806	8	1331	1	-1	-1
806	8	921.83	1	-1	-1
806	8	1314.7	1	-1	-1
806	8	914.22	1	-1	-1
806	8	1794.4	1	-1	-1
806	8	642.09	1	-1	-1
806	8	1507.9	1	-1	-1
806	8	1020.4	1	-1	-1
806	8	781.03	1	-1	-1
806	8	999.54	1	-1	-1
806	8	876.48	1	-1	-1
806	8	1137.4	1	-1	-1
806	8	749.03	1	-1	-1
806	8	798.76	1	-1	-1
806	8	882.93	1	-1	-1
806	8	1410.3	1	-1	-1
806	8	1115.7	1	-1	-1
806	8	830.34	1	-1	-1
806	8	1987.4	1	-1	-1
806	8	1413.1	1	-1	-1
806	8	685.68	1	-1	-1
806	8	839.52	1	-1	-1
806	8	962.39	1	-1	-1
806	8	928.8	1	-1	-1
806	8	3111.7	1	-1	-1
806	8	1566.1	1	-1	-1
806	8	952.77	1	-1	-1
806	8	1433.4	1	-1	-1
806	8	696.99	1	-1	-1
806	8	724.99	1	-1	-1
806	8	603.81	1	-1	-1
806	8	827.88	1	-1	-1
806	8	777.52	1	-1	-1
806	8	796.49	1	-1	-1
806	8	904.1	1	-1	-1
806	8	953.06	1	-1	-1
806	8	1127.3	1	-1	-1
806	8	663.26	1	-1	-1
806	8	1052	1	-1	-1
806	8	1522.9	1	-1	-1
