704	7	545.58	0	2	2
704	7	739.6	1	2	2
704	7	1042.7	0	2	2
704	7	763.58	0	2	2
704	7	893.35	0	2	2
704	7	1310.5	1	2	2
704	7	789.98	1	2	2
704	7	809.58	1	2	2
704	7	1062	1	2	2
704	7	744.8	1	2	2
704	7	1212.2	0	2	2
704	7	2217.8	1	2	2
704	7	1929.9	1	2	2
704	7	2023.7	1	2	2
704	7	759.52	1	2	2
704	7	828.22	1	2	2
704	7	946.77	1	2	2
704	7	1043.5	1	2	2
704	7	1083.5	0	2	2
704	7	903.43	1	2	2
704	7	606.72	1	2	2
704	7	1015	1	2	2
704	7	943.01	1	2	2
704	7	716.3	1	2	2
704	7	899.33	1	2	2
704	7	947.96	1	2	2
704	7	1189.2	1	2	2
704	7	1122.4	1	2	2
704	7	1092.1	1	2	2
704	7	897.85	1	2	2
704	7	862.97	1	2	2
704	7	1118.7	1	2	2
704	7	793.36	1	2	2
704	7	1042.4	1	2	2
704	7	2222.8	1	2	2
704	7	1812	1	2	2
704	7	2065.1	1	2	2
704	7	881.07	1	2	2
704	7	895.9	1	2	2
704	7	904.71	1	2	2
704	7	971.59	1	2	2
704	7	1342.5	1	2	2
704	7	607.97	0	2	2
704	7	1115.3	1	2	2
704	7	986.95	1	2	2
704	7	1361.2	1	2	2
704	7	1394.8	1	2	2
704	7	993.39	1	2	2
704	7	1856.6	1	2	2
704	7	1786.3	1	2	2
704	7	919.35	1	2	2
704	7	1585.6	0	2	2
704	7	1003.7	1	2	2
704	7	830.07	1	2	2
704	7	738.4	1	2	2
704	7	878.96	1	2	2
704	7	845.92	1	2	2
704	7	1107.1	1	2	2
704	7	926.04	1	2	2
704	7	790.98	1	2	2
704	7	810.22	1	2	2
704	7	1058.6	1	2	2
704	7	1061.1	1	2	2
704	7	1332.2	1	2	2
704	7	1137.1	1	2	2
704	7	597.28	1	2	2
704	7	1170.8	1	2	2
704	7	1031.6	1	2	2
704	7	1308.4	1	2	2
704	7	714.62	1	2	2
704	7	729.31	1	2	2
704	7	1429.1	1	2	2
704	7	913.4	1	2	2
704	7	1005	1	2	2
704	7	1067.5	1	2	2
704	7	778.38	1	2	2
704	7	2417	1	2	2
704	7	984.57	1	2	2
704	7	1264.2	1	2	2
704	7	780.84	1	2	2
704	7	851.55	1	2	2
704	7	869.58	1	2	2
704	7	810.6	1	2	2
704	7	834.38	1	2	2
704	7	2651.8	0	2	2
704	7	1058.4	1	2	2
704	7	813.86	1	2	2
704	7	2464	1	2	2
704	7	1567.5	1	2	2
704	7	821.61	1	2	2
704	7	1261.4	1	2	2
704	7	1190	1	2	2
704	7	2052.5	1	2	2
704	7	1107.4	1	2	2
704	7	727.27	1	2	2
704	7	790.86	1	2	2
704	7	990.43	1	2	2
704	7	1143.6	1	2	2
704	7	1535.7	1	2	2
704	7	970.94	1	2	2
704	7	1419.3	1	2	2
704	7	843.68	1	2	2
704	7	1060.6	1	2	2
704	7	838.47	1	2	2
704	7	703.72	1	2	2
704	7	1564.4	1	2	2
704	7	2000.1	1	2	2
704	7	1450.1	1	2	2
704	7	973.58	1	2	2
704	7	1742.7	0	2	2
704	7	1950.7	1	2	2
704	7	1356.5	1	2	2
704	7	1428.6	1	2	2
704	7	1228.2	1	2	2
704	7	1516.7	1	2	2
704	7	1154	1	2	2
704	7	918.18	1	2	2
704	7	2790	1	2	2
704	7	1740.9	1	2	2
704	7	1241.1	1	2	2
704	7	1060.9	1	2	2
704	7	1542	1	2	2
704	7	1253.1	1	2	2
704	7	2191	1	2	2
704	7	1321.1	1	2	2
704	7	1029.1	1	2	2
704	7	1286.9	1	2	2
704	7	1066.7	1	2	2
704	7	1507.5	1	2	2
704	7	1082.1	1	2	2
704	7	1356.4	1	2	2
704	7	1047.1	1	2	2
704	7	900.24	1	2	2
704	7	943.8	1	2	2
704	7	1499.7	1	2	2
704	7	880.41	1	2	2
704	7	1339.9	1	2	2
704	7	977.09	1	2	2
704	7	1072	1	2	2
704	7	1415.4	1	2	2
704	7	691.19	1	2	2
704	7	706.94	1	2	2
704	7	1337.1	1	2	2
704	7	1120.8	1	2	2
704	7	850.62	1	2	2
704	7	1461.6	1	2	2
704	7	1723.2	1	2	2
704	7	1002.9	1	2	2
704	7	744.52	1	2	2
704	7	1411.5	1	2	2
704	7	1018.7	1	2	2
704	7	1219.7	1	2	2
704	7	968.66	1	2	2
704	7	1270.9	1	2	2
704	7	2842.2	1	2	2
704	7	1167	1	2	2
704	7	1595.4	1	2	2
704	7	1056.3	1	2	2
704	7	1071	1	2	2
704	7	944.16	1	2	2
704	7	1004.7	1	2	2
704	7	1544.1	1	2	2
704	7	1353.8	1	2	2
704	7	1130.8	1	2	2
704	7	1175	1	2	2
704	7	1400.8	1	2	2
704	7	1772.5	1	2	2
704	7	1598.5	1	2	2
704	7	1796.1	1	2	2
704	7	1798.8	1	2	2
704	7	1533.9	1	2	2
704	7	1013.7	1	2	2
704	7	1194.8	1	2	2
704	7	1538	1	2	2
704	7	2319.2	1	2	2
704	7	2185.8	1	2	2
704	7	1235.6	1	2	2
704	7	1501.5	1	2	2
704	7	1127.8	1	2	2
704	7	1621.8	1	2	2
704	7	1080.8	1	2	2
704	7	1380.2	1	2	2
704	7	1311.4	1	2	2
704	7	2627.4	1	2	2
704	7	974.73	1	2	2
704	7	929.34	1	2	2
704	7	916.31	1	2	2
704	7	1253.9	1	2	2
704	7	1555.5	1	2	2
704	7	1154.6	1	2	2
704	7	1579.2	1	2	2
704	7	2619.8	1	2	2
704	7	1060.9	1	2	2
704	7	1609.3	1	2	2
704	7	869.24	1	2	2
704	7	1865	1	2	2
704	7	998.17	1	2	2
704	7	1003.3	1	2	2
704	7	975.61	1	2	2
704	7	910.32	1	2	2
704	7	1102.2	1	2	2
704	7	881.87	1	2	2
704	7	1689.5	1	2	2
704	7	1111.4	1	2	2
704	7	939.03	1	2	2
704	7	949.2	1	2	2
704	7	1262.5	1	2	2
704	7	922.89	1	2	2
704	7	1323.6	1	2	2
704	7	978.14	1	2	2
704	7	859.44	1	2	2
704	7	884.92	1	2	2
704	7	1072.5	1	2	2
704	7	1074.8	1	2	2
704	7	941.97	1	2	2
704	7	1067.8	1	2	2
704	7	1416.4	1	2	2
704	7	1215.9	1	2	2
704	7	875.4	1	2	2
704	7	1283.7	1	2	2
704	7	1101.9	1	2	2
704	7	1350.7	1	2	2
704	7	969.61	1	2	2
704	7	1431.9	1	2	2
704	7	820.05	1	2	2
704	7	956.08	1	2	2
704	7	841.22	1	2	2
704	7	1880.6	1	2	2
704	7	1284.7	1	2	2
704	7	1019.2	1	2	2
704	7	910.43	1	2	2
704	7	1950.9	1	2	2
704	7	1608	1	2	2
704	7	1022.5	1	2	2
704	7	870.57	1	2	2
704	7	1068.6	1	2	2
704	7	769.37	1	2	2
704	7	698.62	1	2	2
704	7	803.75	1	2	2
704	7	914.71	1	2	2
704	7	714.73	1	2	2
704	7	783.34	1	2	2
704	7	1796.8	1	2	2
704	7	865.52	1	2	2
704	7	827.95	1	2	2
704	7	1957.6	1	2	2
704	7	800.02	1	2	2
704	7	1140.2	1	2	2
704	7	1001.8	1	2	2
704	7	852.53	1	2	2
704	7	1157.8	1	2	2
704	7	1638.7	1	2	2
704	7	2140	1	2	2
704	7	1229.3	0	2	2
704	7	978.65	1	2	2
704	7	981.17	1	2	2
704	7	867.28	1	2	2
704	7	971.19	1	2	2
704	7	1109.7	1	2	2
704	7	1167	1	2	2
704	7	1095.8	1	2	2
704	7	923.55	1	2	2
704	7	2965.7	1	2	2
704	7	902.75	1	2	2
704	7	1174.1	1	2	2
704	7	1627.9	1	2	2
704	7	1184.2	1	2	2
704	7	927.47	1	2	2
704	7	940.43	1	2	2
704	7	868.94	1	2	2
704	7	941.83	1	2	2
704	7	2161.5	1	2	2
704	7	994.97	1	2	2
704	7	873.96	1	2	2
704	7	987.22	1	2	2
704	7	820.26	1	2	2
704	7	786.78	1	2	2
704	7	962.37	1	2	2
704	7	915.83	1	2	2
704	7	1028.4	1	2	2
704	7	2392.2	1	2	2
704	7	1062.7	1	2	2
704	7	1046.8	1	2	2
704	7	1902.9	1	2	2
704	7	1228.4	1	2	2
704	7	819.87	1	2	2
704	7	857.02	0	2	2
704	7	947.9	1	2	2
704	7	1024.9	1	2	2
704	7	1724.5	1	2	2
704	7	1807.1	1	2	2
704	7	1039.6	1	2	2
704	7	2067.2	1	2	2
704	7	1552.8	1	2	2
704	7	919.43	1	2	2
704	7	1021.2	1	2	2
704	7	817.95	1	2	2
704	7	816.15	1	2	2
704	7	1044.6	1	2	2
704	7	877.89	1	2	2
704	7	1147.7	1	2	2
704	7	944.84	1	2	2
704	7	740.79	1	2	2
704	7	1403	1	2	2
704	7	1159.6	1	2	2
704	7	1484.6	1	2	2
704	7	823.91	1	2	2
704	7	1067.2	1	2	2
704	7	730.67	1	2	2
704	7	900.61	1	2	2
704	7	884.22	1	2	2
704	7	951.89	1	2	2
704	7	957.04	1	2	2
704	7	824.42	1	2	2
704	7	895	1	2	2
704	7	970.14	1	2	2
704	7	658.69	1	2	2
704	7	825.82	1	2	2
704	7	623.38	1	2	2
704	7	895.94	1	2	2
704	7	1762.4	1	2	2
704	7	1035.1	1	2	2
704	7	907.93	1	2	2
704	7	1285.4	1	2	2
704	7	736.42	1	2	2
704	7	693.07	1	2	2
704	7	976.45	1	2	2
704	7	858.93	1	2	2
704	7	987.94	1	2	2
704	7	786.49	1	2	2
704	7	966.19	1	2	2
704	7	864.47	1	2	2
704	7	767.59	1	2	2
704	7	894.95	1	2	2
704	7	745.38	1	2	2
704	7	661.12	1	2	2
704	7	887.96	1	2	2
704	7	1654.7	1	2	2
704	7	1104.5	1	2	2
704	7	851.8	1	2	2
704	7	762.42	1	2	2
704	7	2339.2	1	2	2
704	7	818.6	1	2	2
704	7	922.7	1	2	2
704	7	1044.2	1	2	2
704	7	1660.5	1	2	2
704	7	1280.2	1	2	2
704	7	1228.7	1	2	2
704	7	919.9	1	2	2
704	7	1205.2	1	2	2
704	7	637.8	0	2	1
704	7	638.61	0	2	1
704	7	855.91	0	2	1
704	7	829.51	1	2	1
704	7	1128.8	1	2	1
704	7	706.36	1	2	1
704	7	840.76	0	2	1
704	7	713.32	1	2	1
704	7	1447.5	1	2	1
704	7	1225	1	2	1
704	7	594.05	1	2	1
704	7	881.18	1	2	1
704	7	1329.2	1	2	1
704	7	1019.6	1	2	1
704	7	1123.5	1	2	1
704	7	1306.2	1	2	1
704	7	967.08	0	2	1
704	7	797.9	1	2	1
704	7	725.76	1	2	1
704	7	1218.5	1	2	1
704	7	785.79	1	2	1
704	7	889.35	1	2	1
704	7	812.58	1	2	1
704	7	1144.2	1	2	1
704	7	1726.9	1	2	1
704	7	1172.5	1	2	1
704	7	1752.1	1	2	1
704	7	938.04	1	2	1
704	7	1614.9	1	2	1
704	7	2510.8	1	2	1
704	7	1367.9	1	2	1
704	7	1021.8	1	2	1
704	7	1134.6	1	2	1
704	7	1794.4	1	2	1
704	7	2025.8	0	2	1
704	7	1565.6	1	2	1
704	7	1184.6	1	2	1
704	7	1271.1	1	2	1
704	7	922.84	0	2	1
704	7	1496	1	2	1
704	7	1004.8	0	2	1
704	7	866.54	1	2	1
704	7	1302.2	1	2	1
704	7	1019.7	1	2	1
704	7	1871.9	1	2	1
704	7	2802.3	1	2	1
704	7	1679.2	1	2	1
704	7	1135.1	1	2	1
704	7	1259.9	1	2	1
704	7	1233.7	1	2	1
704	7	882.28	1	2	1
704	7	890.8	1	2	1
704	7	1183.5	1	2	1
704	7	1089.7	1	2	1
704	7	859.83	1	2	1
704	7	901.15	1	2	1
704	7	980.37	1	2	1
704	7	736.58	1	2	1
704	7	829.34	1	2	1
704	7	1391.6	1	2	1
704	7	1057.6	1	2	1
704	7	1133.8	1	2	1
704	7	1144.1	1	2	1
704	7	804.47	0	2	1
704	7	1143.1	1	2	1
704	7	1586.7	1	2	1
704	7	1304	1	2	1
704	7	751.05	1	2	1
704	7	734.79	1	2	1
704	7	1061.3	1	2	1
704	7	931.75	1	2	1
704	7	1664.2	1	2	1
704	7	1437.3	1	2	1
704	7	1151.8	1	2	1
704	7	1031.1	1	2	1
704	7	1333.1	1	2	1
704	7	1176	1	2	1
704	7	2207.3	1	2	1
704	7	1452.4	1	2	1
704	7	961.24	1	2	1
704	7	1235.1	1	2	1
704	7	1554.2	1	2	1
704	7	968.57	1	2	1
704	7	828.86	1	2	1
704	7	1772.1	1	2	1
704	7	1028.9	1	2	1
704	7	881.41	1	2	1
704	7	1334.1	1	2	1
704	7	1956.5	1	2	1
704	7	1094.9	0	2	1
704	7	763.49	1	2	1
704	7	1080.9	1	2	1
704	7	983.88	1	2	1
704	7	1493.1	1	2	1
704	7	1145.3	1	2	1
704	7	1272.7	1	2	1
704	7	1473.4	1	2	1
704	7	1450.3	1	2	1
704	7	1371.5	1	2	1
704	7	1070	1	2	1
704	7	1507.2	0	2	1
704	7	938.7	1	2	1
704	7	1037.1	1	2	1
704	7	3024.4	1	2	1
704	7	1815.4	1	2	1
704	7	1301.5	1	2	1
704	7	1334.4	1	2	1
704	7	2098.1	0	2	1
704	7	1037.5	0	2	1
704	7	1444.2	1	2	1
704	7	1751.5	0	2	1
704	7	2346.7	1	2	1
704	7	1234.2	1	2	1
704	7	2320.4	1	2	1
704	7	1195.6	1	2	1
704	7	1358.8	1	2	1
704	7	2221.7	1	2	1
704	7	1357.2	0	2	1
704	7	2033.8	0	2	1
704	7	2074.2	1	2	1
704	7	787.15	0	2	1
704	7	1067.5	1	2	1
704	7	2775.5	1	2	1
704	7	3159.1	1	2	1
704	7	1224.3	1	2	1
704	7	1637.9	0	2	1
704	7	1312.3	1	2	1
704	7	1398.1	1	2	1
704	7	1615.8	1	2	1
704	7	1969.8	1	2	1
704	7	1208.1	1	2	1
704	7	855.9	1	2	1
704	7	1715.8	1	2	1
704	7	1169.8	1	2	1
704	7	1914.9	1	2	1
704	7	1331.2	1	2	1
704	7	1837.1	1	2	1
704	7	1929.7	1	2	1
704	7	1452.3	1	2	1
704	7	1355.8	1	2	1
704	7	2116.1	1	2	1
704	7	2403.7	1	2	1
704	7	1819	1	2	1
704	7	2076.9	1	2	1
704	7	2371.2	1	2	1
704	7	1261.4	1	2	1
704	7	1069.2	1	2	1
704	7	912.76	1	2	1
704	7	1889	1	2	1
704	7	1848.8	1	2	1
704	7	1446.3	1	2	1
704	7	2000.7	1	2	1
704	7	1189.6	1	2	1
704	7	1445.8	1	2	1
704	7	2077.8	1	2	1
704	7	1307	1	2	1
704	7	1309.3	1	2	1
704	7	1518	1	2	1
704	7	1327.6	1	2	1
704	7	2117.9	0	2	1
704	7	2041	1	2	1
704	7	1382	1	2	1
704	7	1152.5	1	2	1
704	7	2236.5	1	2	1
704	7	1273	1	2	1
704	7	2449.9	1	2	1
704	7	1640.5	1	2	1
704	7	1245.4	1	2	1
704	7	1238.1	1	2	1
704	7	2220.9	1	2	1
704	7	1202.3	1	2	1
704	7	1764.5	1	2	1
704	7	1134.2	1	2	1
704	7	1430.6	1	2	1
704	7	2092.6	1	2	1
704	7	2375.3	1	2	1
704	7	1373	1	2	1
704	7	1667.3	1	2	1
704	7	1867.3	1	2	1
704	7	1905	1	2	1
704	7	1575.6	1	2	1
704	7	1398.2	1	2	1
704	7	2401.1	1	2	1
704	7	1623.5	1	2	1
704	7	843.37	1	2	1
704	7	2047.3	1	2	1
704	7	1234.1	1	2	1
704	7	1554	1	2	1
704	7	1226.4	1	2	1
704	7	882.14	1	2	1
704	7	1795.2	1	2	1
704	7	1080.5	1	2	1
704	7	1060.8	1	2	1
704	7	1092.1	1	2	1
704	7	1590.7	1	2	1
704	7	1567.9	1	2	1
704	7	1315.4	1	2	1
704	7	2803.5	1	2	1
704	7	1625.4	1	2	1
704	7	1410.5	1	2	1
704	7	1654.5	1	2	1
704	7	1538	1	2	1
704	7	1216.7	1	2	1
704	7	1263.4	1	2	1
704	7	1061.5	1	2	1
704	7	1710.8	1	2	1
704	7	1154.5	1	2	1
704	7	1184.7	1	2	1
704	7	1357.4	1	2	1
704	7	1141.5	1	2	1
704	7	930.15	1	2	1
704	7	1066.2	1	2	1
704	7	1072.9	1	2	1
704	7	1064.5	1	2	1
704	7	839.81	1	2	1
704	7	931.36	1	2	1
704	7	1246.3	1	2	1
704	7	1211.4	1	2	1
704	7	1186	1	2	1
704	7	1143.9	1	2	1
704	7	1173.2	1	2	1
704	7	988.77	1	2	1
704	7	1255.6	1	2	1
704	7	907.29	1	2	1
704	7	2050.7	1	2	1
704	7	1302.8	1	2	1
704	7	1417.9	1	2	1
704	7	1037	1	2	1
704	7	1235.5	1	2	1
704	7	1094.6	1	2	1
704	7	1203.3	1	2	1
704	7	1980.6	1	2	1
704	7	1137.4	1	2	1
704	7	774.74	1	2	1
704	7	1035	1	2	1
704	7	934.66	1	2	1
704	7	1031.7	1	2	1
704	7	1247.7	0	2	1
704	7	1168.5	1	2	1
704	7	1101.2	1	2	1
704	7	1864.1	1	2	1
704	7	1562.4	1	2	1
704	7	802.09	1	2	1
704	7	1296.6	1	2	1
704	7	1282.6	1	2	1
704	7	1095.3	1	2	1
704	7	1553.1	1	2	1
704	7	826.4	1	2	1
704	7	1358.9	1	2	1
704	7	1465.5	1	2	1
704	7	1284.9	1	2	1
704	7	918.13	1	2	1
704	7	1398.3	1	2	1
704	7	980.37	1	2	1
704	7	1108.8	1	2	1
704	7	926.44	1	2	1
704	7	1048.4	1	2	1
704	7	992.47	1	2	1
704	7	1161.8	1	2	1
704	7	2218.4	1	2	1
704	7	921.08	1	2	1
704	7	1091.9	1	2	1
704	7	1011.8	1	2	1
704	7	2275.5	1	2	1
704	7	977.69	1	2	1
704	7	2046	1	2	1
704	7	1332.3	1	2	1
704	7	1396.7	1	2	1
704	7	966.06	1	2	1
704	7	2628.4	1	2	1
704	7	2514.4	1	2	1
704	7	1079.4	1	2	1
704	7	929.62	1	2	1
704	7	1064.1	1	2	1
704	7	1107.3	1	2	1
704	7	1565.3	1	2	1
704	7	594.35	1	2	1
704	7	1315	1	2	1
704	7	1278.3	1	2	1
704	7	809.54	1	2	1
704	7	1370.1	1	2	1
704	7	1677.2	1	2	1
704	7	1080.5	1	2	1
704	7	1237.8	1	2	1
704	7	1529.9	1	2	1
704	7	1813.6	1	2	1
704	7	914.42	1	2	1
704	7	1196.1	1	2	1
704	7	1277.8	1	2	1
704	7	1244.7	1	2	1
704	7	1260	1	2	1
704	7	1497.9	1	2	1
704	7	1361	1	2	1
704	7	2294	1	2	1
704	7	878.23	1	2	1
704	7	861.96	1	2	1
704	7	1039.5	1	2	1
704	7	1333.7	1	2	1
704	7	2363.6	1	2	1
704	7	1826.8	1	2	1
704	7	977.06	1	2	1
704	7	1010	1	2	1
704	7	814.27	1	2	1
704	7	885.11	1	2	1
704	7	972.67	1	2	1
704	7	1113.6	1	2	1
704	7	2843.5	1	2	1
704	7	1230.5	1	2	1
704	7	1331.7	1	2	1
704	7	1575.5	1	2	1
704	7	2009.7	1	2	1
704	7	1527.9	1	2	1
704	7	1635.1	1	2	1
704	7	786.64	1	2	1
704	7	837.95	1	2	1
704	7	691.21	1	2	1
704	7	883.97	1	2	1
704	7	1273.7	1	2	1
704	7	1287.9	1	2	1
704	7	820.15	1	2	1
704	7	856.45	1	2	1
704	7	856.19	1	2	1
704	7	881.77	1	2	1
704	7	1279.3	1	2	1
704	7	978.32	1	2	1
704	7	864.68	1	2	1
704	7	933.53	1	2	1
704	7	779.09	1	2	1
704	7	1295.8	1	2	1
704	7	1058.7	1	2	1
704	7	733.17	1	2	1
704	7	720.81	1	2	1
704	7	1275.6	1	2	1
704	7	1074.9	1	2	1
704	7	968.32	1	2	1
704	7	1234.8	1	2	1
704	7	1417.3	1	2	1
704	7	1752.6	1	2	1
704	7	2611	1	2	1
704	7	932.73	1	2	1
704	7	894.96	1	2	1
704	7	664.13	1	2	1
704	7	1198.6	1	2	1
704	7	1914.1	1	2	1
704	7	1529.8	1	2	1
704	7	927.95	1	2	1
704	7	1340.1	1	2	1
704	7	1996	1	2	1
704	7	2638	1	2	1
704	7	838.04	1	2	1
704	7	689.22	1	1	2
704	7	895.49	1	1	2
704	7	738.44	1	1	2
704	7	641.5	0	1	2
704	7	973.86	1	1	2
704	7	586.48	0	1	2
704	7	1230	1	1	2
704	7	747.04	0	1	2
704	7	801.02	1	1	2
704	7	819.02	0	1	2
704	7	1152.8	1	1	2
704	7	808.4	0	1	2
704	7	1639.4	0	1	2
704	7	1286.4	0	1	2
704	7	954.56	0	1	2
704	7	1248.3	0	1	2
704	7	1257.9	1	1	2
704	7	1333.4	0	1	2
704	7	894.24	0	1	2
704	7	688.69	0	1	2
704	7	1180.7	0	1	2
704	7	1022.1	1	1	2
704	7	1055.1	0	1	2
704	7	1802.6	0	1	2
704	7	902.36	0	1	2
704	7	1076.1	0	1	2
704	7	1716.7	1	1	2
704	7	1362.3	0	1	2
704	7	1639.8	0	1	2
704	7	1504.3	0	1	2
704	7	1471.4	1	1	2
704	7	1565.2	1	1	2
704	7	2443.7	1	1	2
704	7	882.53	1	1	2
704	7	879.71	0	1	2
704	7	1162.1	0	1	2
704	7	1345.6	0	1	2
704	7	693.08	1	1	2
704	7	971.6	1	1	2
704	7	1086.8	1	1	2
704	7	1857.5	1	1	2
704	7	1149.5	1	1	2
704	7	1279.5	1	1	2
704	7	1514.4	0	1	2
704	7	1448.9	0	1	2
704	7	1599.6	1	1	2
704	7	2034.2	1	1	2
704	7	940.94	0	1	2
704	7	1519	1	1	2
704	7	1807.9	1	1	2
704	7	670.66	1	1	2
704	7	781.83	0	1	2
704	7	1881.5	1	1	2
704	7	1075.1	1	1	2
704	7	1241.6	1	1	2
704	7	1813.2	0	1	2
704	7	2106.8	1	1	2
704	7	850.41	1	1	2
704	7	931.66	0	1	2
704	7	2763.6	0	1	2
704	7	905.76	1	1	2
704	7	2249.6	0	1	2
704	7	2461.9	0	1	2
704	7	1643.9	1	1	2
704	7	2118.7	0	1	2
704	7	936.56	0	1	2
704	7	1354.5	1	1	2
704	7	2436.1	1	1	2
704	7	3224.5	0	1	2
704	7	1303.7	1	1	2
704	7	1111	1	1	2
704	7	1456.8	0	1	2
704	7	1080.2	1	1	2
704	7	574.01	0	1	2
704	7	1434.6	1	1	2
704	7	1474.7	1	1	2
704	7	2786	0	1	2
704	7	2001.4	1	1	2
704	7	1391.9	1	1	2
704	7	1764.7	1	1	2
704	7	685.61	1	1	2
704	7	2699.2	1	1	2
704	7	2553.9	0	1	2
704	7	1992.9	0	1	2
704	7	2503.3	0	1	2
704	7	945.56	0	1	2
704	7	1128.9	0	1	2
704	7	975.48	1	1	2
704	7	981.03	0	1	2
704	7	2022.8	1	1	2
704	7	2139.4	1	1	2
704	7	1627.9	1	1	2
704	7	1475.8	0	1	2
704	7	1423.3	0	1	2
704	7	1519.2	1	1	2
704	7	1346.1	1	1	2
704	7	1434.5	0	1	2
704	7	1182.7	1	1	2
704	7	1247.9	0	1	2
704	7	1526.6	1	1	2
704	7	979.71	0	1	2
704	7	1208.8	1	1	2
704	7	1803.9	1	1	2
704	7	1743.5	1	1	2
704	7	1456.9	1	1	2
704	7	2088.1	0	1	2
704	7	998.31	0	1	2
704	7	1732.7	1	1	2
704	7	880.97	0	1	2
704	7	1392.6	1	1	2
704	7	2042	1	1	2
704	7	2182.5	0	1	2
704	7	1598.7	1	1	2
704	7	1682.3	1	1	2
704	7	1279.6	1	1	2
704	7	3696.7	1	1	2
704	7	2982.9	1	1	2
704	7	2584.9	1	1	2
704	7	769.09	0	1	2
704	7	1398.6	1	1	2
704	7	2668.9	1	1	2
704	7	2085.4	1	1	2
704	7	901.3	0	1	2
704	7	1932.3	1	1	2
704	7	858.35	1	1	2
704	7	2031.6	1	1	2
704	7	962.46	1	1	2
704	7	1702.8	1	1	2
704	7	972.25	1	1	2
704	7	1533.7	0	1	2
704	7	1674.1	1	1	2
704	7	921.8	1	1	2
704	7	855.18	1	1	2
704	7	1325	1	1	2
704	7	894.27	1	1	2
704	7	1787.7	1	1	2
704	7	892.18	1	1	2
704	7	1373.5	1	1	2
704	7	1680.3	1	1	2
704	7	1187.2	1	1	2
704	7	864.17	1	1	2
704	7	705.48	1	1	2
704	7	817.88	1	1	2
704	7	1059.2	1	1	2
704	7	1159.9	1	1	2
704	7	1577.9	1	1	2
704	7	1570.2	1	1	2
704	7	1153.8	1	1	2
704	7	1856.1	1	1	2
704	7	1269.1	1	1	2
704	7	1318.9	1	1	2
704	7	1067.4	1	1	2
704	7	1320.5	1	1	2
704	7	1436.5	1	1	2
704	7	1828.3	1	1	2
704	7	1576.8	1	1	2
704	7	1806.4	1	1	2
704	7	1441.9	1	1	2
704	7	1164.7	1	1	2
704	7	1829.7	1	1	2
704	7	1488.5	1	1	2
704	7	2808.6	1	1	2
704	7	1266.9	1	1	2
704	7	2156.1	1	1	2
704	7	1115.9	1	1	2
704	7	1861.6	1	1	2
704	7	1415	1	1	2
704	7	1448.6	1	1	2
704	7	1433.2	1	1	2
704	7	1450.6	1	1	2
704	7	783.3	1	1	2
704	7	993.5	1	1	2
704	7	1197.1	1	1	2
704	7	1407.7	1	1	2
704	7	1800.4	1	1	2
704	7	1057.3	1	1	2
704	7	2566.4	1	1	2
704	7	2771.7	1	1	2
704	7	3647	1	1	2
704	7	1157.6	1	1	2
704	7	1830.8	1	1	2
704	7	1868.1	1	1	2
704	7	2260.2	1	1	2
704	7	1462.9	1	1	2
704	7	1154.3	1	1	2
704	7	1201.3	1	1	2
704	7	2375	1	1	2
704	7	1268.3	1	1	2
704	7	1715.6	1	1	2
704	7	1671.9	1	1	2
704	7	2128	1	1	2
704	7	1184.2	1	1	2
704	7	1154.1	1	1	2
704	7	1366.8	1	1	2
704	7	1316	1	1	2
704	7	1016.1	1	1	2
704	7	1200.9	1	1	2
704	7	1583.5	1	1	2
704	7	1199.9	1	1	2
704	7	1853.7	1	1	2
704	7	1662.1	1	1	2
704	7	1989.4	1	1	2
704	7	2279.2	1	1	2
704	7	1202.2	1	1	2
704	7	1007.2	1	1	2
704	7	1512.2	0	1	2
704	7	2161.6	1	1	2
704	7	1131.7	1	1	2
704	7	769.31	1	1	2
704	7	1443.1	1	1	2
704	7	1461	1	1	2
704	7	1251.2	1	1	2
704	7	1118	1	1	2
704	7	957.21	1	1	2
704	7	1116.4	1	1	2
704	7	982.57	1	1	2
704	7	1436.3	1	1	2
704	7	1366.3	1	1	2
704	7	1257.3	1	1	2
704	7	1597.2	1	1	2
704	7	981.66	1	1	2
704	7	1270.6	1	1	2
704	7	1203.8	1	1	2
704	7	1376.3	1	1	2
704	7	2409.4	1	1	2
704	7	1595.3	1	1	2
704	7	1344.2	1	1	2
704	7	877.94	1	1	2
704	7	1264.7	1	1	2
704	7	1102.5	1	1	2
704	7	1547.4	1	1	2
704	7	2144.4	1	1	2
704	7	2262.4	1	1	2
704	7	1583.1	1	1	2
704	7	1235.4	1	1	2
704	7	2333.6	1	1	2
704	7	1419.4	1	1	2
704	7	1543.7	1	1	2
704	7	929.08	1	1	2
704	7	1469.8	1	1	2
704	7	943.04	1	1	2
704	7	1492.6	1	1	2
704	7	953.08	1	1	2
704	7	1221	1	1	2
704	7	855.32	1	1	2
704	7	1294.1	1	1	2
704	7	1395.8	1	1	2
704	7	895.96	1	1	2
704	7	1375.2	1	1	2
704	7	1197.5	1	1	2
704	7	2045.7	1	1	2
704	7	847.26	1	1	2
704	7	1001	1	1	2
704	7	1335.3	1	1	2
704	7	1888.7	1	1	2
704	7	1148.8	1	1	2
704	7	1089.1	1	1	2
704	7	3055.4	1	1	2
704	7	1334.1	1	1	2
704	7	2049.5	1	1	2
704	7	1233.6	1	1	2
704	7	1832	1	1	2
704	7	1594.1	1	1	2
704	7	1705.5	1	1	2
704	7	1536	1	1	2
704	7	2141.7	1	1	2
704	7	1540.4	1	1	2
704	7	1266.2	1	1	2
704	7	1118.6	1	1	2
704	7	943.02	1	1	2
704	7	808.01	1	1	2
704	7	2545.8	0	1	2
704	7	1646.7	1	1	2
704	7	2852.2	1	1	2
704	7	1048	1	1	2
704	7	1879	1	1	2
704	7	1015.1	1	1	2
704	7	2451.2	1	1	2
704	7	2214.9	1	1	2
704	7	997.15	1	1	2
704	7	2738.2	1	1	2
704	7	830.31	1	1	2
704	7	2739.1	1	1	2
704	7	1745.4	1	1	2
704	7	1224.8	1	1	2
704	7	1232.7	1	1	2
704	7	1854.1	1	1	2
704	7	1018.2	1	1	2
704	7	1659.7	1	1	2
704	7	979.99	1	1	2
704	7	834.2	1	1	2
704	7	1382.9	1	1	2
704	7	2155.9	1	1	2
704	7	2266.9	1	1	2
704	7	802.44	1	1	2
704	7	1209.5	1	1	2
704	7	1986.6	1	1	2
704	7	738.87	1	1	2
704	7	1318.8	1	1	2
704	7	1764.8	1	1	2
704	7	1277.3	1	1	2
704	7	908.22	1	1	2
704	7	929.07	1	1	2
704	7	750.52	1	1	2
704	7	949.54	1	1	2
704	7	1257.8	1	1	2
704	7	1029.2	1	1	2
704	7	785.25	1	1	2
704	7	975.03	1	1	2
704	7	1221	1	1	2
704	7	1079.4	1	1	2
704	7	1105.6	1	1	2
704	7	1250	1	1	2
704	7	1198	1	1	2
704	7	760.68	1	1	2
704	7	1587.9	1	1	2
704	7	933.17	1	1	2
704	7	716.1	1	1	2
704	7	694.53	1	1	2
704	7	982.79	1	1	2
704	7	695.95	1	1	2
704	7	742.47	1	1	2
704	7	1353.6	1	1	2
704	7	769.84	1	1	2
704	7	993.45	1	1	2
704	7	1587.1	1	1	2
704	7	998.34	1	1	2
704	7	1121.9	1	1	2
704	7	1007.1	1	1	2
704	7	1699.5	1	1	2
704	7	3225	1	1	2
704	7	978.25	1	1	2
704	7	973.18	1	1	2
704	7	1107	1	1	2
704	7	1007.9	1	1	2
704	7	1486.5	1	1	2
704	7	1311.1	1	1	2
704	7	1634.6	1	1	2
704	7	1483.2	1	1	2
704	7	744.7	1	1	2
704	7	1245	1	1	2
704	7	1167.8	1	1	2
704	7	1253.1	1	1	2
704	7	1780	1	1	2
704	7	1864	1	1	2
704	7	1021	1	1	2
704	7	1364	1	1	2
704	7	959.23	1	1	2
704	7	1835.3	1	1	2
704	7	647.17	1	1	1
704	7	557.12	0	1	1
704	7	727.55	0	1	1
704	7	1032.3	1	1	1
704	7	649.37	0	1	1
704	7	575.95	1	1	1
704	7	724.2	0	1	1
704	7	1900.2	0	1	1
704	7	688.79	0	1	1
704	7	1503.5	0	1	1
704	7	1449.1	0	1	1
704	7	916.82	1	1	1
704	7	1288.3	0	1	1
704	7	1001.1	0	1	1
704	7	1074.6	0	1	1
704	7	785.54	1	1	1
704	7	795.5	0	1	1
704	7	884.33	1	1	1
704	7	1168.3	0	1	1
704	7	910.26	1	1	1
704	7	1036	0	1	1
704	7	856.14	1	1	1
704	7	1180.3	1	1	1
704	7	1081	1	1	1
704	7	818.82	0	1	1
704	7	1259.8	0	1	1
704	7	1335.2	1	1	1
704	7	959.2	0	1	1
704	7	1707	1	1	1
704	7	1185.9	0	1	1
704	7	1412.8	1	1	1
704	7	1175.8	0	1	1
704	7	1279.1	0	1	1
704	7	879.37	0	1	1
704	7	937.48	0	1	1
704	7	1611.8	0	1	1
704	7	1519.6	0	1	1
704	7	969.81	0	1	1
704	7	1004.3	1	1	1
704	7	1781.8	0	1	1
704	7	1450	0	1	1
704	7	1654	0	1	1
704	7	1044.6	0	1	1
704	7	1003	0	1	1
704	7	2041.5	1	1	1
704	7	1608	1	1	1
704	7	2540.9	1	1	1
704	7	2427.6	0	1	1
704	7	2370.2	0	1	1
704	7	1123.7	0	1	1
704	7	1035.8	0	1	1
704	7	1321.9	1	1	1
704	7	1605.1	1	1	1
704	7	1239.1	0	1	1
704	7	1132.9	0	1	1
704	7	2065.9	0	1	1
704	7	1392.2	1	1	1
704	7	1147	1	1	1
704	7	1356.1	1	1	1
704	7	1861.1	1	1	1
704	7	2860.9	0	1	1
704	7	1159.4	0	1	1
704	7	2385.9	0	1	1
704	7	1557.7	1	1	1
704	7	501.56	0	1	1
704	7	716.86	0	1	1
704	7	810.15	0	1	1
704	7	2496.1	0	1	1
704	7	2777.3	0	1	1
704	7	1129.7	0	1	1
704	7	1631.4	1	1	1
704	7	2019.7	1	1	1
704	7	2180	1	1	1
704	7	2173	0	1	1
704	7	886.39	0	1	1
704	7	1281.5	0	1	1
704	7	3167.2	0	1	1
704	7	2354.9	0	1	1
704	7	1718.9	0	1	1
704	7	1037.8	1	1	1
704	7	1074.1	1	1	1
704	7	2430.7	1	1	1
704	7	1728.6	1	1	1
704	7	1529	1	1	1
704	7	666.8	0	1	1
704	7	1333.6	0	1	1
704	7	1065.7	1	1	1
704	7	2252.9	0	1	1
704	7	1592	1	1	1
704	7	1216.9	1	1	1
704	7	1496.9	1	1	1
704	7	1255.5	0	1	1
704	7	1101.2	0	1	1
704	7	2244.7	1	1	1
704	7	2588.7	0	1	1
704	7	1512.1	1	1	1
704	7	2407.8	0	1	1
704	7	1546	0	1	1
704	7	1664.3	0	1	1
704	7	1611.1	0	1	1
704	7	1408.9	1	1	1
704	7	1577.3	1	1	1
704	7	2080.9	0	1	1
704	7	3181.9	0	1	1
704	7	1098	0	1	1
704	7	2536.6	1	1	1
704	7	2415.4	1	1	1
704	7	1139.1	1	1	1
704	7	1384.5	1	1	1
704	7	2015	1	1	1
704	7	1386	1	1	1
704	7	1357.6	1	1	1
704	7	2391.1	0	1	1
704	7	2009.7	1	1	1
704	7	1828.7	0	1	1
704	7	1064.2	0	1	1
704	7	2093.6	1	1	1
704	7	1152.9	0	1	1
704	7	2689.3	1	1	1
704	7	1830.6	1	1	1
704	7	2921.7	0	1	1
704	7	2737.7	1	1	1
704	7	1810.1	1	1	1
704	7	2069.2	0	1	1
704	7	2975.8	0	1	1
704	7	2298.6	1	1	1
704	7	2099.2	1	1	1
704	7	2296.2	0	1	1
704	7	1824.1	1	1	1
704	7	1600.6	1	1	1
704	7	1459.3	0	1	1
704	7	2078	1	1	1
704	7	1801.5	1	1	1
704	7	1779.2	1	1	1
704	7	1223.1	1	1	1
704	7	1407.5	1	1	1
704	7	1857.5	1	1	1
704	7	2110.5	1	1	1
704	7	916.38	0	1	1
704	7	1173.5	1	1	1
704	7	1270.2	1	1	1
704	7	1801.4	1	1	1
704	7	1349.8	1	1	1
704	7	1995.3	1	1	1
704	7	1744.1	1	1	1
704	7	2073.2	1	1	1
704	7	1595.6	1	1	1
704	7	2490.5	1	1	1
704	7	1864.1	1	1	1
704	7	1555.2	1	1	1
704	7	2885.8	1	1	1
704	7	2876.9	0	1	1
704	7	1968.9	1	1	1
704	7	2016.6	1	1	1
704	7	2093.4	1	1	1
704	7	3213.7	1	1	1
704	7	1449.6	1	1	1
704	7	1850	1	1	1
704	7	2238.7	1	1	1
704	7	1310.7	1	1	1
704	7	2437	1	1	1
704	7	2996.6	1	1	1
704	7	2185	0	1	1
704	7	2097.2	1	1	1
704	7	2015.2	0	1	1
704	7	1108	1	1	1
704	7	2554.3	1	1	1
704	7	1241.8	1	1	1
704	7	1628.9	1	1	1
704	7	3151.7	1	1	1
704	7	2098	1	1	1
704	7	1501.2	0	1	1
704	7	1178.5	1	1	1
704	7	1863.6	0	1	1
704	7	1371.7	1	1	1
704	7	1723.8	1	1	1
704	7	1571.2	1	1	1
704	7	1400.4	1	1	1
704	7	3097.4	1	1	1
704	7	1883.7	1	1	1
704	7	2861.2	1	1	1
704	7	1504.5	1	1	1
704	7	1062.4	1	1	1
704	7	1521.9	1	1	1
704	7	3169.9	1	1	1
704	7	1763.8	1	1	1
704	7	2161.9	1	1	1
704	7	1941.7	1	1	1
704	7	2767.3	0	1	1
704	7	2910.5	1	1	1
704	7	1013.4	1	1	1
704	7	1303.3	1	1	1
704	7	1413.1	1	1	1
704	7	1161.2	1	1	1
704	7	1842.2	1	1	1
704	7	2698	1	1	1
704	7	2399.2	1	1	1
704	7	1967.2	1	1	1
704	7	2078.9	1	1	1
704	7	934.79	1	1	1
704	7	1624.9	1	1	1
704	7	1507.1	0	1	1
704	7	1949.6	1	1	1
704	7	2007.9	1	1	1
704	7	1152.9	0	1	1
704	7	2234.6	1	1	1
704	7	2071.3	1	1	1
704	7	1307	1	1	1
704	7	1813.9	1	1	1
704	7	1797.5	1	1	1
704	7	1199.9	1	1	1
704	7	1252.8	1	1	1
704	7	1625.8	1	1	1
704	7	1415.9	1	1	1
704	7	1418.1	1	1	1
704	7	1631.4	1	1	1
704	7	1006.7	1	1	1
704	7	1688.5	1	1	1
704	7	1433.2	1	1	1
704	7	1978.8	1	1	1
704	7	2036.8	1	1	1
704	7	924.04	1	1	1
704	7	1355.2	1	1	1
704	7	1216.3	1	1	1
704	7	959.01	1	1	1
704	7	2155.2	1	1	1
704	7	1465.6	1	1	1
704	7	1567.1	1	1	1
704	7	1448.1	1	1	1
704	7	2547.8	1	1	1
704	7	2476.1	1	1	1
704	7	2180.2	0	1	1
704	7	1401	1	1	1
704	7	1622.9	1	1	1
704	7	752.63	1	1	1
704	7	2121.2	1	1	1
704	7	1661.3	1	1	1
704	7	2645.3	1	1	1
704	7	1691.1	1	1	1
704	7	890.26	1	1	1
704	7	1565.4	1	1	1
704	7	2219	1	1	1
704	7	1192.8	1	1	1
704	7	930.37	1	1	1
704	7	1390.9	1	1	1
704	7	1005.7	1	1	1
704	7	1961.5	1	1	1
704	7	1312.6	1	1	1
704	7	850.02	1	1	1
704	7	1027.7	1	1	1
704	7	1210.6	1	1	1
704	7	1062.7	1	1	1
704	7	857.47	1	1	1
704	7	1290.1	1	1	1
704	7	1051.4	1	1	1
704	7	2207.3	1	1	1
704	7	984.15	1	1	1
704	7	928.08	1	1	1
704	7	1340.5	1	1	1
704	7	1899.2	1	1	1
704	7	1909.6	1	1	1
704	7	2020.5	1	1	1
704	7	2184.6	1	1	1
704	7	2120.6	1	1	1
704	7	2970.7	0	1	1
704	7	1732	1	1	1
704	7	2303.3	1	1	1
704	7	1875.9	1	1	1
704	7	2369	1	1	1
704	7	1087.5	1	1	1
704	7	2202.7	1	1	1
704	7	1518.6	1	1	1
704	7	2050.3	1	1	1
704	7	1186.8	1	1	1
704	7	1578.1	1	1	1
704	7	1450.6	1	1	1
704	7	1625.1	1	1	1
704	7	1001.7	1	1	1
704	7	2360.5	1	1	1
704	7	1771.6	1	1	1
704	7	2178.7	1	1	1
704	7	1269.2	1	1	1
704	7	1246.8	1	1	1
704	7	3346.9	1	1	1
704	7	1277.9	1	1	1
704	7	2196.9	1	1	1
704	7	1629.3	1	1	1
704	7	1093.4	1	1	1
704	7	1305.8	1	1	1
704	7	1673.7	1	1	1
704	7	3981	1	1	1
704	7	1470.5	1	1	1
704	7	1781.4	1	1	1
704	7	2207.1	1	1	1
704	7	1919.2	1	1	1
704	7	1736.9	1	1	1
704	7	814.01	1	1	1
704	7	1607.9	1	1	1
704	7	1518.6	1	1	1
704	7	1206.7	1	1	1
704	7	945.24	1	1	1
704	7	1311	0	1	1
704	7	916.25	1	1	1
704	7	974.84	1	1	1
704	7	1945.6	1	1	1
704	7	2455.5	1	1	1
704	7	3454.5	1	1	1
704	7	1174	1	1	1
704	7	1425.4	1	1	1
704	7	1551.9	1	1	1
704	7	1435.6	1	1	1
704	7	1434	1	1	1
704	7	2118.6	1	1	1
704	7	1261.9	1	1	1
704	7	1291.7	1	1	1
704	7	923.86	1	1	1
704	7	791.42	1	1	1
704	7	1389.5	1	1	1
704	7	1159.5	1	1	1
704	7	1007.3	1	1	1
704	7	1335.7	1	1	1
704	7	1420.7	1	1	1
704	7	746.83	1	1	1
704	7	633.64	0	1	1
704	7	1397.1	1	1	1
704	7	932.74	1	1	1
704	7	1168.8	1	1	1
704	7	1796.5	1	1	1
704	7	1741.5	1	1	1
704	7	1229.1	1	1	1
704	7	949.72	1	1	1
704	7	1047.6	1	1	1
704	7	878.87	1	1	1
704	7	1389.8	1	1	1
704	7	1809.4	1	1	1
704	7	1948.7	1	1	1
704	7	2425.4	1	1	1
704	7	1349	1	1	1
704	7	1699.3	1	1	1
704	7	1012.1	1	1	1
704	7	1592.4	0	1	1
704	7	1097.6	1	1	1
704	7	1301.5	1	1	1
704	7	1224.1	1	1	1
704	7	1376.3	1	1	1
704	7	1373	1	1	1
704	7	1449.3	1	1	1
704	7	2744.4	1	1	1
704	7	2169.6	1	1	1
704	7	1375.8	1	1	1
704	7	760.13	1	2	-1
704	7	493.49	0	2	-1
704	7	1382.7	1	2	-1
704	7	822.3	0	2	-1
704	7	753.24	0	2	-1
704	7	856.36	0	2	-1
704	7	966.35	0	2	-1
704	7	1029.8	0	2	-1
704	7	1483.4	0	2	-1
704	7	974.28	0	2	-1
704	7	1035.1	0	2	-1
704	7	1137.1	0	2	-1
704	7	1286.3	0	2	-1
704	7	641.75	0	2	-1
704	7	1610	1	2	-1
704	7	1745.8	0	2	-1
704	7	1364.6	0	2	-1
704	7	1062.1	0	2	-1
704	7	941.28	0	2	-1
704	7	1366.2	0	2	-1
704	7	1588.8	0	2	-1
704	7	1514.6	0	2	-1
704	7	800.66	0	2	-1
704	7	649.62	0	2	-1
704	7	1169.2	0	2	-1
704	7	972.42	0	2	-1
704	7	1117.1	0	2	-1
704	7	1484.9	0	2	-1
704	7	885.57	0	2	-1
704	7	1009.6	0	2	-1
704	7	1052.1	0	2	-1
704	7	1392.7	0	2	-1
704	7	788.66	0	2	-1
704	7	1952.8	0	2	-1
704	7	1165.8	0	2	-1
704	7	1790.2	0	2	-1
704	7	1229	0	2	-1
704	7	995.68	0	2	-1
704	7	537.95	1	2	-1
704	7	1490.5	1	2	-1
704	7	706.97	0	2	-1
704	7	618.61	1	2	-1
704	7	1287.1	0	2	-1
704	7	863.49	1	2	-1
704	7	1334.6	1	2	-1
704	7	1031.2	1	2	-1
704	7	1561.3	0	2	-1
704	7	1442.3	1	2	-1
704	7	2870.4	1	2	-1
704	7	1072.5	1	2	-1
704	7	524.72	0	2	-1
704	7	1163.1	1	2	-1
704	7	1248.7	0	2	-1
704	7	966.09	0	2	-1
704	7	1030	0	2	-1
704	7	1121.9	1	2	-1
704	7	1274.8	0	2	-1
704	7	746.6	0	2	-1
704	7	935.7	0	2	-1
704	7	1157.8	0	2	-1
704	7	906.19	0	2	-1
704	7	804.5	0	2	-1
704	7	1269.5	0	2	-1
704	7	1700.3	0	2	-1
704	7	1574	0	2	-1
704	7	808.26	0	2	-1
704	7	1286.2	0	2	-1
704	7	1621.3	0	2	-1
704	7	1144.7	0	2	-1
704	7	951.72	0	2	-1
704	7	1031.8	0	2	-1
704	7	1181.6	0	2	-1
704	7	1433.3	0	2	-1
704	7	1109.2	0	2	-1
704	7	1251.5	0	2	-1
704	7	2326.4	1	2	-1
704	7	1800.2	0	2	-1
704	7	1389.7	0	2	-1
704	7	1185.7	0	2	-1
704	7	1133.2	0	2	-1
704	7	792.68	0	2	-1
704	7	1102.6	0	2	-1
704	7	923.68	0	2	-1
704	7	1075.5	0	2	-1
704	7	2106.3	1	2	-1
704	7	989.17	0	2	-1
704	7	824.01	0	2	-1
704	7	1050.4	0	2	-1
704	7	1002.1	0	2	-1
704	7	1122.5	0	2	-1
704	7	1669.1	0	2	-1
704	7	943.17	0	2	-1
704	7	1165	0	2	-1
704	7	1228.2	0	2	-1
704	7	730.85	0	2	-1
704	7	741.47	0	2	-1
704	7	1138.2	0	2	-1
704	7	1077.6	0	2	-1
704	7	912.67	0	2	-1
704	7	965.64	0	2	-1
704	7	844.27	0	2	-1
704	7	698.3	0	2	-1
704	7	1044.8	0	2	-1
704	7	1084	0	2	-1
704	7	1310.6	1	2	-1
704	7	912.13	0	2	-1
704	7	1303.5	0	2	-1
704	7	2345.2	1	2	-1
704	7	1837.4	0	2	-1
704	7	2295	1	2	-1
704	7	1754	0	2	-1
704	7	940.19	0	2	-1
704	7	1717.4	0	2	-1
704	7	1187.7	0	2	-1
704	7	1927.5	0	2	-1
704	7	898.93	0	2	-1
704	7	1498.9	0	2	-1
704	7	964.95	0	2	-1
704	7	3250.7	0	2	-1
704	7	960.97	0	2	-1
704	7	1855.5	0	2	-1
704	7	2822.2	1	2	-1
704	7	1862.4	1	2	-1
704	7	1692.6	1	2	-1
704	7	889.57	1	2	-1
704	7	1095	1	2	-1
704	7	2439.4	1	2	-1
704	7	846.7	1	2	-1
704	7	873.1	1	2	-1
704	7	1822.4	1	2	-1
704	7	1868.2	1	2	-1
704	7	1513.4	1	2	-1
704	7	836.14	1	2	-1
704	7	1615.1	0	2	-1
704	7	921.42	0	2	-1
704	7	1890.8	1	2	-1
704	7	2022.7	1	2	-1
704	7	1428.5	1	2	-1
704	7	779.07	1	2	-1
704	7	709.04	1	2	-1
704	7	1224.2	1	2	-1
704	7	1347.3	1	2	-1
704	7	722.42	1	2	-1
704	7	1512.3	1	2	-1
704	7	1027.4	1	2	-1
704	7	1584.8	1	2	-1
704	7	752.32	1	2	-1
704	7	1280.1	1	2	-1
704	7	1490.6	1	2	-1
704	7	1322.7	1	2	-1
704	7	795.16	1	2	-1
704	7	724.1	1	2	-1
704	7	1476.5	1	2	-1
704	7	715.47	1	2	-1
704	7	896.36	1	2	-1
704	7	1711.9	1	2	-1
704	7	1343.3	1	2	-1
704	7	1168.9	1	2	-1
704	7	836.22	1	2	-1
704	7	1481.3	1	2	-1
704	7	830.98	1	2	-1
704	7	925.24	1	2	-1
704	7	1438.7	1	2	-1
704	7	1365.7	1	2	-1
704	7	904.88	1	2	-1
704	7	1257.2	1	2	-1
704	7	1689	1	2	-1
704	7	1603.3	1	2	-1
704	7	743.32	1	2	-1
704	7	744.51	1	2	-1
704	7	828.74	1	2	-1
704	7	1589.1	0	2	-1
704	7	719.03	1	2	-1
704	7	869.98	1	2	-1
704	7	749.44	1	2	-1
704	7	1155.4	1	2	-1
704	7	676.79	1	2	-1
704	7	1290.9	1	2	-1
704	7	1128.4	1	2	-1
704	7	947.11	1	2	-1
704	7	916.14	1	2	-1
704	7	824.8	1	2	-1
704	7	986.96	1	2	-1
704	7	797.15	1	2	-1
704	7	1390.4	1	2	-1
704	7	1654.5	1	2	-1
704	7	1948.8	1	2	-1
704	7	2052.7	1	2	-1
704	7	1221.4	1	2	-1
704	7	2656.4	1	2	-1
704	7	902.64	1	2	-1
704	7	2537.8	0	2	-1
704	7	1998.4	1	2	-1
704	7	1758.9	1	2	-1
704	7	882.21	1	2	-1
704	7	803.39	1	2	-1
704	7	1367.6	1	2	-1
704	7	1528.8	1	2	-1
704	7	2016.8	1	2	-1
704	7	1779.1	1	2	-1
704	7	751.66	1	2	-1
704	7	1736.4	1	2	-1
704	7	627.35	1	2	-1
704	7	1460.4	1	2	-1
704	7	885.39	1	2	-1
704	7	1324.1	1	2	-1
704	7	1299.4	1	2	-1
704	7	2453.5	1	2	-1
704	7	1906.9	1	2	-1
704	7	696.09	1	2	-1
704	7	1284.6	1	2	-1
704	7	1249.4	1	2	-1
704	7	830.95	1	2	-1
704	7	1584.4	1	2	-1
704	7	1666.2	1	2	-1
704	7	862.78	1	2	-1
704	7	1205.5	1	2	-1
704	7	1226	1	2	-1
704	7	2372.1	1	2	-1
704	7	1024.6	1	2	-1
704	7	1291.5	1	2	-1
704	7	2294.3	1	2	-1
704	7	3899.9	1	2	-1
704	7	719.77	1	2	-1
704	7	854.25	1	2	-1
704	7	2467.4	1	2	-1
704	7	1584.5	1	2	-1
704	7	2044.2	1	2	-1
704	7	1032.3	1	2	-1
704	7	2013.8	1	2	-1
704	7	1514.4	1	2	-1
704	7	1849.8	1	2	-1
704	7	1241	1	2	-1
704	7	1154.5	1	2	-1
704	7	1216.6	1	2	-1
704	7	1434.8	1	2	-1
704	7	1151.5	1	2	-1
704	7	2154.1	1	2	-1
704	7	1523.4	1	2	-1
704	7	996.24	1	2	-1
704	7	1695.2	1	2	-1
704	7	1168.3	1	2	-1
704	7	1064.8	1	2	-1
704	7	1221.2	1	2	-1
704	7	747.58	1	2	-1
704	7	883.88	1	2	-1
704	7	764.8	1	2	-1
704	7	859.52	1	2	-1
704	7	628.12	1	2	-1
704	7	1399.1	1	2	-1
704	7	788.8	1	2	-1
704	7	2842.7	1	2	-1
704	7	1974.6	1	2	-1
704	7	1040.5	1	2	-1
704	7	813.94	1	2	-1
704	7	1436.1	1	2	-1
704	7	679.94	1	2	-1
704	7	973.86	1	2	-1
704	7	3600.7	1	2	-1
704	7	1377.4	1	2	-1
704	7	1246.1	1	2	-1
704	7	1256.1	1	2	-1
704	7	1309.3	1	2	-1
704	7	1666.5	1	2	-1
704	7	1412.3	1	2	-1
704	7	1871	1	2	-1
704	7	969.26	1	2	-1
704	7	1253.5	1	2	-1
704	7	890.92	1	2	-1
704	7	760.32	1	2	-1
704	7	892.67	1	2	-1
704	7	823.4	1	2	-1
704	7	904.15	1	2	-1
704	7	1589.9	1	2	-1
704	7	783.69	1	2	-1
704	7	1221.4	1	2	-1
704	7	1533	1	2	-1
704	7	1221	1	2	-1
704	7	915.48	1	2	-1
704	7	1046.4	1	2	-1
704	7	1451.6	1	2	-1
704	7	2104.9	1	2	-1
704	7	1615.7	1	2	-1
704	7	1129.9	1	2	-1
704	7	1923.8	0	2	-1
704	7	1200.4	1	2	-1
704	7	1651.2	1	2	-1
704	7	1308.2	1	2	-1
704	7	884.33	1	2	-1
704	7	2059.5	1	2	-1
704	7	1271	1	2	-1
704	7	822.88	1	2	-1
704	7	1037.8	1	2	-1
704	7	1264.4	1	2	-1
704	7	1208.9	1	2	-1
704	7	830.93	1	2	-1
704	7	1231.2	1	2	-1
704	7	2562.6	1	2	-1
704	7	1500.6	0	2	-1
704	7	737.6	1	2	-1
704	7	1124.1	1	2	-1
704	7	1069.6	1	2	-1
704	7	853.04	1	2	-1
704	7	910.03	1	2	-1
704	7	917.09	1	2	-1
704	7	665.79	1	2	-1
704	7	604.21	1	2	-1
704	7	1055.1	1	2	-1
704	7	1826.3	1	2	-1
704	7	740.07	1	2	-1
704	7	1205.2	1	2	-1
704	7	1632.3	1	2	-1
704	7	1028.3	1	2	-1
704	7	2068.9	1	2	-1
704	7	740.39	1	2	-1
704	7	947.56	1	2	-1
704	7	815.76	1	2	-1
704	7	1084.2	1	2	-1
704	7	672.85	1	2	-1
704	7	1068	1	2	-1
704	7	814.73	1	2	-1
704	7	751.48	1	2	-1
704	7	944.67	1	2	-1
704	7	1033.5	1	2	-1
704	7	1021.1	1	2	-1
704	7	1053.1	1	2	-1
704	7	1797.2	1	2	-1
704	7	678.39	1	2	-1
704	7	617.89	1	2	-1
704	7	1152.7	1	2	-1
704	7	1517.2	1	2	-1
704	7	890.32	1	2	-1
704	7	1106.7	1	2	-1
704	7	790.01	1	2	-1
704	7	1505.5	1	2	-1
704	7	1577	1	2	-1
704	7	2036.8	1	2	-1
704	7	1896.4	1	2	-1
704	7	1349.5	1	2	-1
704	7	1261.3	1	2	-1
704	7	974.12	1	2	-1
704	7	2905.6	1	2	-1
704	7	1609.9	1	2	-1
704	7	1871.7	1	2	-1
704	7	3088.5	1	2	-1
704	7	1383.4	1	2	-1
704	7	1168.4	1	2	-1
704	7	1086.1	1	2	-1
704	7	1336.7	1	2	-1
704	7	740.71	1	1	-1
704	7	837.69	0	1	-1
704	7	699.13	0	1	-1
704	7	924.65	0	1	-1
704	7	1069.7	1	1	-1
704	7	902.11	1	1	-1
704	7	726.7	1	1	-1
704	7	660.01	0	1	-1
704	7	881.94	0	1	-1
704	7	785.51	1	1	-1
704	7	920.83	1	1	-1
704	7	1018.1	1	1	-1
704	7	962.81	0	1	-1
704	7	1233.9	0	1	-1
704	7	825.04	0	1	-1
704	7	915.86	0	1	-1
704	7	1147.8	1	1	-1
704	7	1048.9	1	1	-1
704	7	867.23	1	1	-1
704	7	627.98	1	1	-1
704	7	945.07	1	1	-1
704	7	940.41	1	1	-1
704	7	754.62	0	1	-1
704	7	1516.5	0	1	-1
704	7	1730.9	1	1	-1
704	7	1789.4	0	1	-1
704	7	979.05	1	1	-1
704	7	1369.5	1	1	-1
704	7	1300.7	1	1	-1
704	7	1117.8	1	1	-1
704	7	1471.6	1	1	-1
704	7	1232.7	0	1	-1
704	7	1475.1	0	1	-1
704	7	947.63	0	1	-1
704	7	1542.5	0	1	-1
704	7	1619	0	1	-1
704	7	2199.7	1	1	-1
704	7	1804	1	1	-1
704	7	1242.4	1	1	-1
704	7	652.46	1	1	-1
704	7	2343.2	0	1	-1
704	7	1456.6	0	1	-1
704	7	747.96	0	1	-1
704	7	1010.8	1	1	-1
704	7	1383.2	0	1	-1
704	7	1178.8	1	1	-1
704	7	1142.6	1	1	-1
704	7	1088.8	1	1	-1
704	7	1526.2	1	1	-1
704	7	1822.3	1	1	-1
704	7	597.86	1	1	-1
704	7	818.21	1	1	-1
704	7	1118.1	1	1	-1
704	7	1196.8	1	1	-1
704	7	1038.8	0	1	-1
704	7	1020.3	1	1	-1
704	7	1301.9	1	1	-1
704	7	1137.8	0	1	-1
704	7	971.12	0	1	-1
704	7	941.72	1	1	-1
704	7	1314.6	0	1	-1
704	7	943.93	0	1	-1
704	7	3308.7	0	1	-1
704	7	684.88	1	1	-1
704	7	973.19	1	1	-1
704	7	777.76	1	1	-1
704	7	1796.7	0	1	-1
704	7	1019.5	1	1	-1
704	7	2912	1	1	-1
704	7	1165.6	1	1	-1
704	7	899.97	1	1	-1
704	7	1027.2	1	1	-1
704	7	2808.2	0	1	-1
704	7	894.48	1	1	-1
704	7	1655.5	1	1	-1
704	7	951.74	1	1	-1
704	7	1345.7	1	1	-1
704	7	2690.6	1	1	-1
704	7	1761	1	1	-1
704	7	2036.7	1	1	-1
704	7	1738.2	0	1	-1
704	7	1754.5	1	1	-1
704	7	1746.1	0	1	-1
704	7	2029.6	0	1	-1
704	7	1640	1	1	-1
704	7	691.46	1	1	-1
704	7	920.92	0	1	-1
704	7	1018.1	1	1	-1
704	7	624.8	1	1	-1
704	7	1669	1	1	-1
704	7	838.34	1	1	-1
704	7	1320.2	0	1	-1
704	7	1995.9	1	1	-1
704	7	1573.3	1	1	-1
704	7	1903.1	1	1	-1
704	7	961.49	0	1	-1
704	7	1331.5	1	1	-1
704	7	1327	0	1	-1
704	7	2316.6	1	1	-1
704	7	1615	0	1	-1
704	7	908.88	0	1	-1
704	7	1460.6	0	1	-1
704	7	1765.3	0	1	-1
704	7	846.12	1	1	-1
704	7	1598.2	1	1	-1
704	7	2377.1	1	1	-1
704	7	1660.2	0	1	-1
704	7	1471.5	0	1	-1
704	7	1975.7	0	1	-1
704	7	1172.3	0	1	-1
704	7	1799.3	0	1	-1
704	7	2166.7	0	1	-1
704	7	1324.5	0	1	-1
704	7	1512.5	0	1	-1
704	7	1564.3	1	1	-1
704	7	1411.9	0	1	-1
704	7	1657.8	1	1	-1
704	7	1650.1	1	1	-1
704	7	917.82	1	1	-1
704	7	1207.6	1	1	-1
704	7	1729.1	0	1	-1
704	7	1001	1	1	-1
704	7	4007	0	1	-1
704	7	793.6	1	1	-1
704	7	3188.5	1	1	-1
704	7	1541.2	1	1	-1
704	7	938.69	1	1	-1
704	7	1568.4	1	1	-1
704	7	2118.5	1	1	-1
704	7	1349.7	1	1	-1
704	7	1510.3	1	1	-1
704	7	959.01	1	1	-1
704	7	939.01	1	1	-1
704	7	1356.1	1	1	-1
704	7	1456.8	1	1	-1
704	7	1158.1	1	1	-1
704	7	1418.5	1	1	-1
704	7	860.11	1	1	-1
704	7	778.38	1	1	-1
704	7	994.45	0	1	-1
704	7	2394.6	1	1	-1
704	7	721.44	1	1	-1
704	7	843.49	1	1	-1
704	7	683.64	1	1	-1
704	7	657.24	1	1	-1
704	7	1416.9	1	1	-1
704	7	800.69	1	1	-1
704	7	704.03	1	1	-1
704	7	2259.2	1	1	-1
704	7	807.77	1	1	-1
704	7	768.12	1	1	-1
704	7	1611.3	1	1	-1
704	7	1063.7	1	1	-1
704	7	3144.3	1	1	-1
704	7	873.39	1	1	-1
704	7	641.87	1	1	-1
704	7	885.73	1	1	-1
704	7	2882.3	1	1	-1
704	7	1036.9	1	1	-1
704	7	1051.3	1	1	-1
704	7	953.49	1	1	-1
704	7	1319.2	1	1	-1
704	7	1117.3	1	1	-1
704	7	733.25	1	1	-1
704	7	1426.1	1	1	-1
704	7	1690	1	1	-1
704	7	778.33	1	1	-1
704	7	780.44	1	1	-1
704	7	743.91	1	1	-1
704	7	2171.5	1	1	-1
704	7	775.04	1	1	-1
704	7	1558.5	1	1	-1
704	7	828.41	1	1	-1
704	7	788.31	1	1	-1
704	7	1536.1	1	1	-1
704	7	1566.3	1	1	-1
704	7	714.77	1	1	-1
704	7	744.09	1	1	-1
704	7	2904.5	1	1	-1
704	7	2085.6	1	1	-1
704	7	859.96	1	1	-1
704	7	1417.5	1	1	-1
704	7	1719.8	1	1	-1
704	7	1586	1	1	-1
704	7	1706.6	1	1	-1
704	7	1929.2	1	1	-1
704	7	1860.7	1	1	-1
704	7	1580.2	1	1	-1
704	7	1269.2	1	1	-1
704	7	1807.5	1	1	-1
704	7	2672.8	1	1	-1
704	7	749.95	1	1	-1
704	7	2381.1	1	1	-1
704	7	738.58	1	1	-1
704	7	760.73	1	1	-1
704	7	1421.1	1	1	-1
704	7	3308.5	1	1	-1
704	7	754.46	1	1	-1
704	7	753.65	1	1	-1
704	7	722.32	1	1	-1
704	7	1149.8	1	1	-1
704	7	733.58	1	1	-1
704	7	757.17	1	1	-1
704	7	655.56	1	1	-1
704	7	588.78	1	1	-1
704	7	664.77	1	1	-1
704	7	699.98	1	1	-1
704	7	920.32	1	1	-1
704	7	744.49	1	1	-1
704	7	962.11	1	1	-1
704	7	747.69	1	1	-1
704	7	865.13	1	1	-1
704	7	881.18	1	1	-1
704	7	936.44	1	1	-1
704	7	1579.2	1	1	-1
704	7	975.11	1	1	-1
704	7	956.85	1	1	-1
704	7	2575.1	1	1	-1
704	7	647.32	1	1	-1
704	7	1901.8	1	1	-1
704	7	1028.5	1	1	-1
704	7	2127.2	1	1	-1
704	7	964.54	1	1	-1
704	7	814.05	1	1	-1
704	7	1315.2	1	1	-1
704	7	1820.7	1	1	-1
704	7	1062	1	1	-1
704	7	2182.1	1	1	-1
704	7	870.36	1	1	-1
704	7	2088.6	1	1	-1
704	7	1522.3	1	1	-1
704	7	1093.7	1	1	-1
704	7	2961.5	1	1	-1
704	7	1712	1	1	-1
704	7	1662.1	1	1	-1
704	7	669.45	1	1	-1
704	7	2424.9	1	1	-1
704	7	2243.6	1	1	-1
704	7	1142.3	1	1	-1
704	7	637.22	1	1	-1
704	7	993.67	1	1	-1
704	7	794.47	1	1	-1
704	7	1323.4	1	1	-1
704	7	1289.9	1	1	-1
704	7	882.86	1	1	-1
704	7	584.59	1	1	-1
704	7	639.18	1	1	-1
704	7	745.79	1	1	-1
704	7	802.55	1	1	-1
704	7	772.09	1	1	-1
704	7	651.53	1	1	-1
704	7	803.77	1	1	-1
704	7	702.13	1	1	-1
704	7	1236.2	0	1	-1
704	7	769.69	1	1	-1
704	7	1363.1	1	1	-1
704	7	1597	1	1	-1
704	7	1530.5	0	1	-1
704	7	875.6	1	1	-1
704	7	998.91	1	1	-1
704	7	749.11	1	1	-1
704	7	1409.9	1	1	-1
704	7	2821.6	1	1	-1
704	7	3041	1	1	-1
704	7	1095	1	1	-1
704	7	866.42	1	1	-1
704	7	1601.8	1	1	-1
704	7	1531.7	1	1	-1
704	7	965.07	1	1	-1
704	7	960.89	1	1	-1
704	7	975.94	1	1	-1
704	7	925.31	1	1	-1
704	7	2019.6	1	1	-1
704	7	1317.3	1	1	-1
704	7	1084.9	1	1	-1
704	7	1612.7	1	1	-1
704	7	710.2	1	1	-1
704	7	3632.3	1	1	-1
704	7	1061.3	1	1	-1
704	7	1915.1	1	1	-1
704	7	690.18	1	1	-1
704	7	1008.3	1	1	-1
704	7	938.27	1	1	-1
704	7	818.38	1	1	-1
704	7	3753.7	1	1	-1
704	7	1321.1	1	1	-1
704	7	1436.5	1	1	-1
704	7	1199.8	1	1	-1
704	7	1537.7	1	1	-1
704	7	734.63	1	1	-1
704	7	2123.2	1	1	-1
704	7	1433.5	1	1	-1
704	7	1495.6	1	1	-1
704	7	928.85	1	1	-1
704	7	726.44	1	1	-1
704	7	1094	1	1	-1
704	7	1336.6	1	1	-1
704	7	1264.7	1	1	-1
704	7	850.03	1	1	-1
704	7	801.5	1	1	-1
704	7	981.47	1	1	-1
704	7	780.82	1	1	-1
704	7	847.06	1	1	-1
704	7	807.84	1	1	-1
704	7	1162.2	1	1	-1
704	7	816.74	1	1	-1
704	7	709	1	1	-1
704	7	640.26	1	1	-1
704	7	717.22	1	1	-1
704	7	922.8	1	1	-1
704	7	875.65	1	1	-1
704	7	1790	1	1	-1
704	7	728.42	1	1	-1
704	7	706.6	1	1	-1
704	7	851.58	1	1	-1
704	7	656.9	1	1	-1
704	7	805.16	1	1	-1
704	7	885.16	1	1	-1
704	7	649.58	1	1	-1
704	7	692.16	1	1	-1
704	7	1052.3	1	1	-1
704	7	923.47	1	1	-1
704	7	585.28	1	1	-1
704	7	840.51	1	1	-1
704	7	624.28	1	1	-1
704	7	1589	1	1	-1
704	7	1256	1	1	-1
704	7	638.9	1	1	-1
704	7	2063.4	1	1	-1
704	7	1345.5	1	1	-1
704	7	1048.2	1	1	-1
704	7	1591.8	1	1	-1
704	7	1517.5	1	1	-1
704	7	1213.6	1	1	-1
704	7	922.78	1	1	-1
704	7	940.26	1	1	-1
704	7	1919.1	1	1	-1
704	7	2206.7	1	1	-1
704	7	1464.2	1	1	-1
704	7	1283	1	1	-1
704	7	1242.9	1	1	-1
704	7	1150.3	1	1	-1
704	7	1146.9	1	1	-1
704	7	874.65	1	1	-1
704	7	2288.7	0	1	-1
704	7	1098	1	1	-1
704	7	805.3	1	1	-1
704	7	1254	1	1	-1
704	7	1080.6	1	1	-1
704	7	951.06	1	1	-1
704	7	674.3	0	-1	2
704	7	842.54	1	-1	2
704	7	819.4	0	-1	2
704	7	747.34	0	-1	2
704	7	776.9	1	-1	2
704	7	929.97	1	-1	2
704	7	609.72	1	-1	2
704	7	823.55	1	-1	2
704	7	1136.2	1	-1	2
704	7	1047.8	1	-1	2
704	7	744.72	1	-1	2
704	7	950.35	1	-1	2
704	7	724.25	1	-1	2
704	7	869.8	1	-1	2
704	7	1338.5	1	-1	2
704	7	1609.5	1	-1	2
704	7	933.61	1	-1	2
704	7	716.2	1	-1	2
704	7	770.62	1	-1	2
704	7	962.26	1	-1	2
704	7	927.79	1	-1	2
704	7	1571	0	-1	2
704	7	883.03	1	-1	2
704	7	1365.2	1	-1	2
704	7	1179.3	0	-1	2
704	7	1168.2	1	-1	2
704	7	1380.5	1	-1	2
704	7	1979.1	0	-1	2
704	7	1141.3	1	-1	2
704	7	683.48	1	-1	2
704	7	824.14	1	-1	2
704	7	877.83	1	-1	2
704	7	998.53	1	-1	2
704	7	878.82	1	-1	2
704	7	872.48	0	-1	2
704	7	982.73	1	-1	2
704	7	745.44	1	-1	2
704	7	1465.2	1	-1	2
704	7	944.2	1	-1	2
704	7	882.03	1	-1	2
704	7	774.76	1	-1	2
704	7	2128.4	1	-1	2
704	7	2007.7	0	-1	2
704	7	1129.2	0	-1	2
704	7	2429.6	1	-1	2
704	7	1769.3	0	-1	2
704	7	1364.6	1	-1	2
704	7	2232.3	1	-1	2
704	7	1365.1	1	-1	2
704	7	1055	1	-1	2
704	7	911.27	1	-1	2
704	7	765.52	1	-1	2
704	7	688.2	1	-1	2
704	7	942.54	1	-1	2
704	7	941.78	1	-1	2
704	7	812.07	1	-1	2
704	7	927.36	1	-1	2
704	7	876.15	1	-1	2
704	7	780.57	1	-1	2
704	7	622.96	1	-1	2
704	7	845.42	1	-1	2
704	7	808.32	1	-1	2
704	7	2833.4	0	-1	2
704	7	642.19	1	-1	2
704	7	755.36	1	-1	2
704	7	871.25	1	-1	2
704	7	1063.6	1	-1	2
704	7	883.93	1	-1	2
704	7	1180.3	1	-1	2
704	7	921.64	1	-1	2
704	7	988.45	1	-1	2
704	7	877.44	1	-1	2
704	7	825.22	1	-1	2
704	7	922.75	1	-1	2
704	7	847.93	1	-1	2
704	7	802.67	1	-1	2
704	7	961.43	1	-1	2
704	7	1274.4	1	-1	2
704	7	608.6	1	-1	2
704	7	1292.5	1	-1	2
704	7	1988.6	1	-1	2
704	7	814.34	1	-1	2
704	7	923.29	1	-1	2
704	7	829.82	1	-1	2
704	7	1295.2	1	-1	2
704	7	963.42	1	-1	2
704	7	902.24	1	-1	2
704	7	1165.6	1	-1	2
704	7	880.31	1	-1	2
704	7	1100.9	1	-1	2
704	7	856.73	1	-1	2
704	7	1316.9	1	-1	2
704	7	980.99	1	-1	2
704	7	812.3	1	-1	2
704	7	793.01	0	-1	2
704	7	667.69	1	-1	2
704	7	1532.9	1	-1	2
704	7	752.97	1	-1	2
704	7	849.36	1	-1	2
704	7	1501.7	1	-1	2
704	7	1329.2	1	-1	2
704	7	1073.1	1	-1	2
704	7	1055.9	1	-1	2
704	7	1299.3	1	-1	2
704	7	770.09	1	-1	2
704	7	886.54	1	-1	2
704	7	845.23	1	-1	2
704	7	799.99	1	-1	2
704	7	828	1	-1	2
704	7	1953.1	1	-1	2
704	7	706.64	1	-1	2
704	7	1197.7	1	-1	2
704	7	1103.1	1	-1	2
704	7	758.32	1	-1	2
704	7	1103.2	1	-1	2
704	7	720.9	1	-1	2
704	7	1522	0	-1	2
704	7	1462.2	1	-1	2
704	7	1446.6	1	-1	2
704	7	2374.1	1	-1	2
704	7	1094.7	1	-1	2
704	7	2387.2	1	-1	2
704	7	1051.6	1	-1	2
704	7	1374.4	1	-1	2
704	7	1314.4	1	-1	2
704	7	1559.2	1	-1	2
704	7	1442.5	1	-1	2
704	7	792.36	0	-1	2
704	7	949.71	1	-1	2
704	7	1858.1	0	-1	2
704	7	765.8	1	-1	2
704	7	953.95	1	-1	2
704	7	1313.5	1	-1	2
704	7	1424.7	1	-1	2
704	7	998.85	1	-1	2
704	7	1274.5	1	-1	2
704	7	1376.2	1	-1	2
704	7	835.44	1	-1	2
704	7	1506.5	1	-1	2
704	7	1797.3	1	-1	2
704	7	699.01	0	-1	2
704	7	678.91	1	-1	2
704	7	960.13	0	-1	2
704	7	2720.2	0	-1	2
704	7	1757.6	1	-1	2
704	7	756.77	1	-1	2
704	7	920.13	1	-1	2
704	7	1135.9	1	-1	2
704	7	915.97	1	-1	2
704	7	1436.4	1	-1	2
704	7	1902.1	1	-1	2
704	7	1557	1	-1	2
704	7	1255.2	1	-1	2
704	7	1923	1	-1	2
704	7	1289.9	1	-1	2
704	7	2332.4	1	-1	2
704	7	1246.3	1	-1	2
704	7	1051.5	1	-1	2
704	7	1189.9	1	-1	2
704	7	2000.2	1	-1	2
704	7	1873.4	1	-1	2
704	7	1066	1	-1	2
704	7	1136.7	1	-1	2
704	7	977.72	1	-1	2
704	7	736.4	1	-1	2
704	7	1117.9	1	-1	2
704	7	1284.5	1	-1	2
704	7	1297.2	1	-1	2
704	7	1390.2	1	-1	2
704	7	1128.6	1	-1	2
704	7	1372.3	1	-1	2
704	7	1310.5	1	-1	2
704	7	1195.4	1	-1	2
704	7	2041.2	1	-1	2
704	7	1354.9	1	-1	2
704	7	1157	1	-1	2
704	7	1130.7	1	-1	2
704	7	1067.2	1	-1	2
704	7	1354.3	1	-1	2
704	7	1351.2	1	-1	2
704	7	807.51	1	-1	2
704	7	710.01	1	-1	2
704	7	3030.1	1	-1	2
704	7	1024.8	1	-1	2
704	7	836.17	1	-1	2
704	7	761.74	1	-1	2
704	7	1869.1	1	-1	2
704	7	1168.2	1	-1	2
704	7	786.3	1	-1	2
704	7	1255.8	1	-1	2
704	7	1152.4	1	-1	2
704	7	1263.7	1	-1	2
704	7	1512.1	1	-1	2
704	7	1581.2	1	-1	2
704	7	915.72	1	-1	2
704	7	1262.7	1	-1	2
704	7	1703.9	1	-1	2
704	7	1134	1	-1	2
704	7	789.2	1	-1	2
704	7	1384.2	1	-1	2
704	7	1307.6	1	-1	2
704	7	1228.9	1	-1	2
704	7	1297.3	1	-1	2
704	7	1225.6	1	-1	2
704	7	1139.9	1	-1	2
704	7	980.88	1	-1	2
704	7	1085.7	1	-1	2
704	7	1285.6	1	-1	2
704	7	1202.3	1	-1	2
704	7	1203.5	1	-1	2
704	7	2567.6	1	-1	2
704	7	1241.8	1	-1	2
704	7	1007.1	1	-1	2
704	7	1205.3	1	-1	2
704	7	1537	0	-1	2
704	7	591.52	1	-1	2
704	7	608.66	1	-1	2
704	7	1151.8	1	-1	2
704	7	1816.2	1	-1	2
704	7	1563.3	1	-1	2
704	7	1545	1	-1	2
704	7	1107.8	1	-1	2
704	7	875.35	1	-1	2
704	7	1342.6	1	-1	2
704	7	590.66	1	-1	2
704	7	1141.1	1	-1	2
704	7	1413.6	1	-1	2
704	7	1179.9	1	-1	2
704	7	1642.1	1	-1	2
704	7	1220.9	1	-1	2
704	7	4033.4	1	-1	2
704	7	1248.9	1	-1	2
704	7	1272.5	1	-1	2
704	7	1682.7	1	-1	2
704	7	2076.2	1	-1	2
704	7	1329.7	1	-1	2
704	7	1344.9	1	-1	2
704	7	3545.4	1	-1	2
704	7	1337.2	1	-1	2
704	7	1096.8	1	-1	2
704	7	1339.6	1	-1	2
704	7	1144	1	-1	2
704	7	1275.7	1	-1	2
704	7	921.99	1	-1	2
704	7	1204.2	1	-1	2
704	7	1067.3	1	-1	2
704	7	1346.8	1	-1	2
704	7	1280.4	1	-1	2
704	7	969.82	1	-1	2
704	7	1019.1	1	-1	2
704	7	1148.5	1	-1	2
704	7	951.02	1	-1	2
704	7	702.22	1	-1	2
704	7	1159.3	1	-1	2
704	7	1009	1	-1	2
704	7	1212.2	1	-1	2
704	7	1582.3	1	-1	2
704	7	1268.3	1	-1	2
704	7	1537.8	1	-1	2
704	7	932.82	1	-1	2
704	7	997.72	1	-1	2
704	7	973.99	1	-1	2
704	7	878.43	1	-1	2
704	7	1137.2	1	-1	2
704	7	1675.7	1	-1	2
704	7	1151.6	1	-1	2
704	7	1313.6	1	-1	2
704	7	2775.8	1	-1	2
704	7	1390.3	1	-1	2
704	7	1227	1	-1	2
704	7	1482.4	1	-1	2
704	7	1832.4	1	-1	2
704	7	1042.7	1	-1	2
704	7	1554.2	1	-1	2
704	7	1278.3	1	-1	2
704	7	2682.6	1	-1	2
704	7	1132.3	1	-1	2
704	7	1193.1	1	-1	2
704	7	1148.7	1	-1	2
704	7	1140.4	1	-1	2
704	7	1013.1	1	-1	2
704	7	2711.9	0	-1	2
704	7	1191.8	1	-1	2
704	7	1553.6	1	-1	2
704	7	861.61	1	-1	2
704	7	1534.2	1	-1	2
704	7	1225.8	1	-1	2
704	7	767.96	1	-1	2
704	7	943.06	1	-1	2
704	7	1083.4	1	-1	2
704	7	1158.8	1	-1	2
704	7	1176.1	1	-1	2
704	7	1263.3	1	-1	2
704	7	1098.5	1	-1	2
704	7	2257.8	1	-1	2
704	7	2772.3	1	-1	2
704	7	1304.1	1	-1	2
704	7	1235.7	1	-1	2
704	7	1048.9	1	-1	2
704	7	1993.3	1	-1	2
704	7	1282.5	1	-1	2
704	7	932.28	1	-1	2
704	7	1132.2	1	-1	2
704	7	4000.1	0	-1	2
704	7	1032	1	-1	2
704	7	1256.3	1	-1	2
704	7	1217.3	1	-1	2
704	7	1107.8	1	-1	2
704	7	1009.6	1	-1	2
704	7	1950.3	0	-1	2
704	7	1005	1	-1	2
704	7	1095.2	1	-1	2
704	7	973.53	1	-1	2
704	7	930.02	1	-1	2
704	7	1022.1	1	-1	2
704	7	1114.1	1	-1	2
704	7	871.41	1	-1	2
704	7	1036.9	1	-1	2
704	7	975.4	1	-1	2
704	7	841.49	1	-1	2
704	7	903.96	1	-1	2
704	7	873.68	1	-1	2
704	7	1158	1	-1	2
704	7	1108	1	-1	2
704	7	1111.2	1	-1	2
704	7	1553.4	1	-1	2
704	7	841.63	1	-1	2
704	7	1146.6	1	-1	2
704	7	1222.1	1	-1	2
704	7	697.31	1	-1	2
704	7	783.59	1	-1	2
704	7	993.41	1	-1	2
704	7	1024.7	1	-1	2
704	7	955.38	1	-1	2
704	7	1221.2	1	-1	2
704	7	925.54	1	-1	2
704	7	1890.5	1	-1	2
704	7	1501.4	1	-1	2
704	7	2900.3	1	-1	2
704	7	1500.9	1	-1	2
704	7	646.7	1	-1	2
704	7	1206.2	1	-1	2
704	7	971.62	1	-1	2
704	7	827.88	1	-1	2
704	7	1214.9	1	-1	2
704	7	912.09	1	-1	2
704	7	1416.6	1	-1	2
704	7	890.74	1	-1	2
704	7	902.86	1	-1	2
704	7	633.52	1	-1	1
704	7	703.13	0	-1	1
704	7	753.85	1	-1	1
704	7	755.88	1	-1	1
704	7	885.24	1	-1	1
704	7	787.43	1	-1	1
704	7	823.56	1	-1	1
704	7	978.38	0	-1	1
704	7	564.87	1	-1	1
704	7	777.36	0	-1	1
704	7	2117.4	1	-1	1
704	7	1007.2	1	-1	1
704	7	495.83	1	-1	1
704	7	1470.2	1	-1	1
704	7	1032.5	1	-1	1
704	7	1138.8	1	-1	1
704	7	978.94	1	-1	1
704	7	861.02	1	-1	1
704	7	805.95	1	-1	1
704	7	1138.8	1	-1	1
704	7	623.76	1	-1	1
704	7	876.97	1	-1	1
704	7	926.55	1	-1	1
704	7	797.7	1	-1	1
704	7	762.66	1	-1	1
704	7	1070.8	1	-1	1
704	7	809.11	1	-1	1
704	7	939.22	1	-1	1
704	7	670.12	1	-1	1
704	7	1087	1	-1	1
704	7	712.05	1	-1	1
704	7	1917.2	1	-1	1
704	7	964.3	1	-1	1
704	7	741.3	1	-1	1
704	7	735.65	1	-1	1
704	7	907.88	1	-1	1
704	7	800.4	1	-1	1
704	7	822.79	1	-1	1
704	7	1166.4	1	-1	1
704	7	795.39	1	-1	1
704	7	826.66	1	-1	1
704	7	1539.2	1	-1	1
704	7	664.65	1	-1	1
704	7	1078.1	1	-1	1
704	7	902.24	1	-1	1
704	7	1496.4	1	-1	1
704	7	1564	0	-1	1
704	7	1440.2	1	-1	1
704	7	974.81	1	-1	1
704	7	2183.9	1	-1	1
704	7	1329.8	0	-1	1
704	7	961.19	1	-1	1
704	7	748.53	1	-1	1
704	7	749.14	1	-1	1
704	7	1437.9	1	-1	1
704	7	1327.8	1	-1	1
704	7	810.76	1	-1	1
704	7	832.14	1	-1	1
704	7	1066.9	1	-1	1
704	7	839.19	1	-1	1
704	7	1056.1	1	-1	1
704	7	637.99	1	-1	1
704	7	669.53	1	-1	1
704	7	1163.5	1	-1	1
704	7	883.04	1	-1	1
704	7	679.45	1	-1	1
704	7	706.74	1	-1	1
704	7	1210.9	1	-1	1
704	7	955.17	1	-1	1
704	7	844.07	1	-1	1
704	7	1012.1	1	-1	1
704	7	964.02	1	-1	1
704	7	1268.3	1	-1	1
704	7	667.71	1	-1	1
704	7	749.18	1	-1	1
704	7	794.91	1	-1	1
704	7	697.2	1	-1	1
704	7	751.49	1	-1	1
704	7	1166.8	1	-1	1
704	7	1879.8	1	-1	1
704	7	1119.1	1	-1	1
704	7	1350.3	1	-1	1
704	7	986.58	1	-1	1
704	7	925.88	1	-1	1
704	7	720.7	1	-1	1
704	7	709.82	1	-1	1
704	7	863.72	1	-1	1
704	7	648.5	1	-1	1
704	7	946.7	1	-1	1
704	7	681.97	1	-1	1
704	7	1194.8	1	-1	1
704	7	657.91	1	-1	1
704	7	787.16	1	-1	1
704	7	626.5	1	-1	1
704	7	932.6	1	-1	1
704	7	750.51	1	-1	1
704	7	1246.8	1	-1	1
704	7	757.94	1	-1	1
704	7	606.93	1	-1	1
704	7	774.54	1	-1	1
704	7	1093.6	1	-1	1
704	7	721.03	1	-1	1
704	7	817.72	1	-1	1
704	7	1363.6	1	-1	1
704	7	1132.2	1	-1	1
704	7	777.51	1	-1	1
704	7	907.41	1	-1	1
704	7	1242.2	1	-1	1
704	7	900.75	1	-1	1
704	7	683.23	1	-1	1
704	7	845.53	1	-1	1
704	7	1278.4	1	-1	1
704	7	1445.5	1	-1	1
704	7	1037.9	1	-1	1
704	7	821.34	1	-1	1
704	7	1370	1	-1	1
704	7	1218.8	1	-1	1
704	7	1093.3	1	-1	1
704	7	890.09	1	-1	1
704	7	820.72	1	-1	1
704	7	815.44	1	-1	1
704	7	920.61	1	-1	1
704	7	728.03	1	-1	1
704	7	859.59	1	-1	1
704	7	1032.7	1	-1	1
704	7	2278.7	1	-1	1
704	7	1649.4	1	-1	1
704	7	1317.4	1	-1	1
704	7	1831	1	-1	1
704	7	843.42	1	-1	1
704	7	2331.8	0	-1	1
704	7	1582	1	-1	1
704	7	1668	1	-1	1
704	7	919.22	1	-1	1
704	7	2249.3	1	-1	1
704	7	849.26	1	-1	1
704	7	1785.2	1	-1	1
704	7	1506.4	1	-1	1
704	7	1250.3	1	-1	1
704	7	563.39	1	-1	1
704	7	1694.6	1	-1	1
704	7	1340.3	1	-1	1
704	7	1742.3	1	-1	1
704	7	1436.5	1	-1	1
704	7	982.68	1	-1	1
704	7	1533.4	1	-1	1
704	7	1634.4	1	-1	1
704	7	1499.8	1	-1	1
704	7	1162.2	1	-1	1
704	7	665.96	1	-1	1
704	7	1596.5	1	-1	1
704	7	1802	1	-1	1
704	7	1322.3	1	-1	1
704	7	1644.9	1	-1	1
704	7	1752.4	1	-1	1
704	7	1648.2	1	-1	1
704	7	1371	1	-1	1
704	7	1251.3	1	-1	1
704	7	1103.4	1	-1	1
704	7	1784.3	1	-1	1
704	7	1357.8	1	-1	1
704	7	827.89	1	-1	1
704	7	1589.5	1	-1	1
704	7	1066.4	1	-1	1
704	7	862.1	1	-1	1
704	7	2350.1	1	-1	1
704	7	1684.7	1	-1	1
704	7	761.99	1	-1	1
704	7	1632.9	1	-1	1
704	7	1098.6	1	-1	1
704	7	1314.7	1	-1	1
704	7	1256.6	1	-1	1
704	7	1506.6	1	-1	1
704	7	1215	1	-1	1
704	7	1217.8	1	-1	1
704	7	1470.7	1	-1	1
704	7	1246.4	1	-1	1
704	7	1463.6	1	-1	1
704	7	1239.2	1	-1	1
704	7	1093	1	-1	1
704	7	1194.5	1	-1	1
704	7	2336.5	1	-1	1
704	7	1821.9	1	-1	1
704	7	1175	1	-1	1
704	7	909.77	1	-1	1
704	7	665.72	1	-1	1
704	7	771.84	1	-1	1
704	7	688.55	1	-1	1
704	7	1507.6	1	-1	1
704	7	1072	1	-1	1
704	7	845.31	1	-1	1
704	7	3138.8	1	-1	1
704	7	1462	1	-1	1
704	7	1351.5	1	-1	1
704	7	976.35	1	-1	1
704	7	990.32	1	-1	1
704	7	1938.7	1	-1	1
704	7	835.59	1	-1	1
704	7	1500.8	1	-1	1
704	7	1924.2	1	-1	1
704	7	2353.9	1	-1	1
704	7	1472.3	1	-1	1
704	7	1867	1	-1	1
704	7	891	1	-1	1
704	7	1282.7	1	-1	1
704	7	764.62	1	-1	1
704	7	1241.8	1	-1	1
704	7	1300	1	-1	1
704	7	1571.4	1	-1	1
704	7	920.94	1	-1	1
704	7	1039.7	1	-1	1
704	7	1523.3	1	-1	1
704	7	1096.7	1	-1	1
704	7	1705.6	1	-1	1
704	7	1010.9	1	-1	1
704	7	1073.4	1	-1	1
704	7	837.57	1	-1	1
704	7	1168.6	1	-1	1
704	7	765.69	1	-1	1
704	7	726.58	1	-1	1
704	7	1237	1	-1	1
704	7	1375	1	-1	1
704	7	1164.8	1	-1	1
704	7	1042.3	1	-1	1
704	7	834.46	1	-1	1
704	7	936.85	1	-1	1
704	7	716.82	1	-1	1
704	7	1300.3	1	-1	1
704	7	1038.5	1	-1	1
704	7	1206.5	1	-1	1
704	7	1149.3	1	-1	1
704	7	1289.8	1	-1	1
704	7	1113.6	1	-1	1
704	7	1127.5	1	-1	1
704	7	1034.7	1	-1	1
704	7	914.52	1	-1	1
704	7	2515.6	1	-1	1
704	7	1458.2	1	-1	1
704	7	1277	1	-1	1
704	7	1159.5	1	-1	1
704	7	1272.5	1	-1	1
704	7	1020	1	-1	1
704	7	916.95	1	-1	1
704	7	1086.6	1	-1	1
704	7	1960.9	1	-1	1
704	7	1529.3	1	-1	1
704	7	1278.5	1	-1	1
704	7	784.02	1	-1	1
704	7	1324	1	-1	1
704	7	1813.7	0	-1	1
704	7	2621.6	1	-1	1
704	7	794.63	1	-1	1
704	7	736.5	1	-1	1
704	7	1359.5	1	-1	1
704	7	1254.4	1	-1	1
704	7	1241.9	1	-1	1
704	7	1096	1	-1	1
704	7	1222.1	1	-1	1
704	7	2409.4	1	-1	1
704	7	1550	1	-1	1
704	7	1724.2	1	-1	1
704	7	917.89	1	-1	1
704	7	1273.2	1	-1	1
704	7	1725.4	1	-1	1
704	7	1439.7	1	-1	1
704	7	972.33	1	-1	1
704	7	902.6	1	-1	1
704	7	1398.7	1	-1	1
704	7	1518.2	1	-1	1
704	7	1055.3	1	-1	1
704	7	952.92	1	-1	1
704	7	1164.7	1	-1	1
704	7	1483.4	1	-1	1
704	7	1349.6	1	-1	1
704	7	1278.8	1	-1	1
704	7	624.24	1	-1	1
704	7	991.15	1	-1	1
704	7	1090	1	-1	1
704	7	2756	1	-1	1
704	7	861.11	1	-1	1
704	7	1100	1	-1	1
704	7	833.71	1	-1	1
704	7	1230.9	1	-1	1
704	7	1194.3	1	-1	1
704	7	1033.9	1	-1	1
704	7	1665	1	-1	1
704	7	2156.3	1	-1	1
704	7	2282.5	1	-1	1
704	7	1105.9	1	-1	1
704	7	1141.4	1	-1	1
704	7	2077.3	1	-1	1
704	7	710.4	1	-1	1
704	7	1610.6	1	-1	1
704	7	1383.8	1	-1	1
704	7	1286.9	1	-1	1
704	7	996.63	1	-1	1
704	7	1034.1	1	-1	1
704	7	598.81	1	-1	1
704	7	1102.5	1	-1	1
704	7	830.84	1	-1	1
704	7	773.1	0	-1	1
704	7	1103.9	1	-1	1
704	7	1175.8	1	-1	1
704	7	1978.3	1	-1	1
704	7	1434.5	1	-1	1
704	7	1016.2	1	-1	1
704	7	864.18	1	-1	1
704	7	2473.7	0	-1	1
704	7	676.4	1	-1	1
704	7	1233.5	1	-1	1
704	7	2852.9	0	-1	1
704	7	747.99	1	-1	1
704	7	1240.8	1	-1	1
704	7	1460.2	1	-1	1
704	7	908.28	1	-1	1
704	7	1164.2	1	-1	1
704	7	776.53	1	-1	1
704	7	1040	1	-1	1
704	7	966.81	1	-1	1
704	7	1044	1	-1	1
704	7	1112.2	1	-1	1
704	7	2047.8	1	-1	1
704	7	1596.3	1	-1	1
704	7	830.75	1	-1	1
704	7	1798.5	1	-1	1
704	7	993.18	1	-1	1
704	7	1143.8	1	-1	1
704	7	1077.3	1	-1	1
704	7	920.3	1	-1	1
704	7	912.8	1	-1	1
704	7	904.46	1	-1	1
704	7	1171.5	1	-1	1
704	7	1140.8	1	-1	1
704	7	857.72	1	-1	1
704	7	1039.3	1	-1	1
704	7	1350	1	-1	1
704	7	1712	1	-1	1
704	7	1427.3	1	-1	1
704	7	1553	1	-1	1
704	7	1457.8	1	-1	1
704	7	761.19	1	-1	1
704	7	756.49	1	-1	1
704	7	1045.5	1	-1	1
704	7	1076.4	1	-1	1
704	7	761.66	1	-1	1
704	7	1564.6	1	-1	1
704	7	1453.6	1	-1	1
704	7	1618.3	1	-1	1
704	7	1549.2	1	-1	1
704	7	1569	1	-1	1
704	7	645.72	1	-1	-1
704	7	1016.9	1	-1	-1
704	7	653.65	1	-1	-1
704	7	625.83	1	-1	-1
704	7	760.18	1	-1	-1
704	7	847.13	1	-1	-1
704	7	688.69	1	-1	-1
704	7	819.6	1	-1	-1
704	7	858.93	0	-1	-1
704	7	692.36	0	-1	-1
704	7	993	1	-1	-1
704	7	1740.3	0	-1	-1
704	7	709.49	1	-1	-1
704	7	761.72	1	-1	-1
704	7	845.3	1	-1	-1
704	7	601.72	1	-1	-1
704	7	1279.2	1	-1	-1
704	7	1175.1	1	-1	-1
704	7	720.43	1	-1	-1
704	7	759.44	1	-1	-1
704	7	655.02	1	-1	-1
704	7	1102.6	1	-1	-1
704	7	787.76	1	-1	-1
704	7	928.27	1	-1	-1
704	7	811.61	1	-1	-1
704	7	1058.5	1	-1	-1
704	7	1090.8	1	-1	-1
704	7	935.2	1	-1	-1
704	7	835.41	1	-1	-1
704	7	1277.2	1	-1	-1
704	7	930.34	1	-1	-1
704	7	852.29	1	-1	-1
704	7	1011.8	1	-1	-1
704	7	780.69	1	-1	-1
704	7	694.15	1	-1	-1
704	7	622.94	1	-1	-1
704	7	1449.9	1	-1	-1
704	7	1071.5	1	-1	-1
704	7	588.78	1	-1	-1
704	7	1215.2	1	-1	-1
704	7	940.1	1	-1	-1
704	7	920.75	1	-1	-1
704	7	656.81	1	-1	-1
704	7	753.49	1	-1	-1
704	7	1321.8	1	-1	-1
704	7	954.7	1	-1	-1
704	7	1654.5	1	-1	-1
704	7	893.62	1	-1	-1
704	7	2078.4	1	-1	-1
704	7	1111.5	1	-1	-1
704	7	920.63	1	-1	-1
704	7	1012.7	1	-1	-1
704	7	665.3	1	-1	-1
704	7	713.89	1	-1	-1
704	7	895.68	1	-1	-1
704	7	830.97	1	-1	-1
704	7	844.08	1	-1	-1
704	7	617.51	1	-1	-1
704	7	627.21	1	-1	-1
704	7	989.11	1	-1	-1
704	7	1412.7	1	-1	-1
704	7	772.35	1	-1	-1
704	7	964.03	1	-1	-1
704	7	901.82	1	-1	-1
704	7	868.35	1	-1	-1
704	7	659.54	1	-1	-1
704	7	880.7	1	-1	-1
704	7	1202.7	1	-1	-1
704	7	1242.1	1	-1	-1
704	7	1049.7	1	-1	-1
704	7	896.26	1	-1	-1
704	7	1491.4	1	-1	-1
704	7	965.2	1	-1	-1
704	7	1413.3	1	-1	-1
704	7	743.69	1	-1	-1
704	7	842.15	1	-1	-1
704	7	745.3	1	-1	-1
704	7	1088.8	1	-1	-1
704	7	940.71	1	-1	-1
704	7	861.7	1	-1	-1
704	7	1019.7	1	-1	-1
704	7	1341.2	1	-1	-1
704	7	764.45	1	-1	-1
704	7	987.45	1	-1	-1
704	7	774.66	1	-1	-1
704	7	704.55	1	-1	-1
704	7	984.13	1	-1	-1
704	7	909.6	1	-1	-1
704	7	719.34	1	-1	-1
704	7	887.42	1	-1	-1
704	7	1001.7	1	-1	-1
704	7	757.49	1	-1	-1
704	7	816.47	1	-1	-1
704	7	822.5	1	-1	-1
704	7	882.73	1	-1	-1
704	7	856.2	1	-1	-1
704	7	817.15	1	-1	-1
704	7	680.44	1	-1	-1
704	7	886.22	1	-1	-1
704	7	790.38	1	-1	-1
704	7	1127.4	1	-1	-1
704	7	1190.9	1	-1	-1
704	7	1224.5	1	-1	-1
704	7	884.14	1	-1	-1
704	7	2390.9	1	-1	-1
704	7	1361.7	1	-1	-1
704	7	895.3	1	-1	-1
704	7	788.57	1	-1	-1
704	7	869.39	1	-1	-1
704	7	933.05	1	-1	-1
704	7	1155.4	1	-1	-1
704	7	868.22	1	-1	-1
704	7	889.49	1	-1	-1
704	7	1481.7	1	-1	-1
704	7	1470.2	1	-1	-1
704	7	1208.3	1	-1	-1
704	7	916.85	1	-1	-1
704	7	771.89	1	-1	-1
704	7	659.9	1	-1	-1
704	7	805.47	1	-1	-1
704	7	1721.6	1	-1	-1
704	7	872.6	1	-1	-1
704	7	1145.9	1	-1	-1
704	7	1017.1	1	-1	-1
704	7	1637.7	0	-1	-1
704	7	903.82	1	-1	-1
704	7	692.47	1	-1	-1
704	7	807.55	1	-1	-1
704	7	1129.5	1	-1	-1
704	7	828.64	1	-1	-1
704	7	1282.6	1	-1	-1
704	7	1166.2	1	-1	-1
704	7	836.55	1	-1	-1
704	7	884.39	1	-1	-1
704	7	818.06	1	-1	-1
704	7	866.12	1	-1	-1
704	7	835.62	1	-1	-1
704	7	881.37	1	-1	-1
704	7	2148.1	1	-1	-1
704	7	657.52	1	-1	-1
704	7	1289.9	1	-1	-1
704	7	1482.6	1	-1	-1
704	7	955.27	1	-1	-1
704	7	763.1	1	-1	-1
704	7	851.59	1	-1	-1
704	7	997.32	1	-1	-1
704	7	731.91	1	-1	-1
704	7	694.27	1	-1	-1
704	7	715.25	1	-1	-1
704	7	778	1	-1	-1
704	7	836.04	0	-1	-1
704	7	657.88	1	-1	-1
704	7	848.04	1	-1	-1
704	7	3230.9	1	-1	-1
704	7	711.46	1	-1	-1
704	7	780.36	1	-1	-1
704	7	975.92	1	-1	-1
704	7	796.4	1	-1	-1
704	7	2179.8	1	-1	-1
704	7	782.34	1	-1	-1
704	7	810.85	1	-1	-1
704	7	899.02	1	-1	-1
704	7	1498.5	1	-1	-1
704	7	731.26	1	-1	-1
704	7	810.94	1	-1	-1
704	7	729.49	1	-1	-1
704	7	1511	1	-1	-1
704	7	1163.6	1	-1	-1
704	7	781.27	1	-1	-1
704	7	880.41	1	-1	-1
704	7	909.29	1	-1	-1
704	7	766.86	1	-1	-1
704	7	880.53	1	-1	-1
704	7	2347.1	1	-1	-1
704	7	677.71	1	-1	-1
704	7	741.2	1	-1	-1
704	7	1053.2	1	-1	-1
704	7	720.53	1	-1	-1
704	7	722.54	1	-1	-1
704	7	1227.7	1	-1	-1
704	7	1507.4	1	-1	-1
704	7	752.34	1	-1	-1
704	7	809.64	1	-1	-1
704	7	1146.5	1	-1	-1
704	7	2215.5	1	-1	-1
704	7	1129.7	1	-1	-1
704	7	738.93	1	-1	-1
704	7	775.56	1	-1	-1
704	7	807.36	1	-1	-1
704	7	1498.4	1	-1	-1
704	7	1211.6	1	-1	-1
704	7	871.74	1	-1	-1
704	7	804.46	1	-1	-1
704	7	715.64	1	-1	-1
704	7	1020.2	1	-1	-1
704	7	738.4	1	-1	-1
704	7	960.43	1	-1	-1
704	7	1732.8	1	-1	-1
704	7	2246.7	1	-1	-1
704	7	1335.7	1	-1	-1
704	7	944.01	1	-1	-1
704	7	1470	1	-1	-1
704	7	723.29	1	-1	-1
704	7	977.24	1	-1	-1
704	7	716.84	1	-1	-1
704	7	838.49	1	-1	-1
704	7	660.86	1	-1	-1
704	7	741.62	1	-1	-1
704	7	725.16	1	-1	-1
704	7	673.26	1	-1	-1
704	7	1468.7	1	-1	-1
704	7	900.69	1	-1	-1
704	7	679.33	1	-1	-1
704	7	825.29	1	-1	-1
704	7	703.66	1	-1	-1
704	7	913.82	1	-1	-1
704	7	724.14	1	-1	-1
704	7	682.68	1	-1	-1
704	7	2287.3	1	-1	-1
704	7	762.31	1	-1	-1
704	7	1090	1	-1	-1
704	7	1239.3	1	-1	-1
704	7	655.14	1	-1	-1
704	7	1724.7	1	-1	-1
704	7	681.66	1	-1	-1
704	7	928.55	1	-1	-1
704	7	1192.7	1	-1	-1
704	7	901.49	1	-1	-1
704	7	1493.6	1	-1	-1
704	7	1292.7	1	-1	-1
704	7	1191.6	1	-1	-1
704	7	1346.1	1	-1	-1
704	7	1156.7	1	-1	-1
704	7	1161.5	1	-1	-1
704	7	1874	1	-1	-1
704	7	832.73	1	-1	-1
704	7	688.24	1	-1	-1
704	7	796.76	1	-1	-1
704	7	1077.7	1	-1	-1
704	7	695.69	1	-1	-1
704	7	650.67	1	-1	-1
704	7	776.97	1	-1	-1
704	7	1303.4	1	-1	-1
704	7	659.25	1	-1	-1
704	7	685.19	1	-1	-1
704	7	927.14	1	-1	-1
704	7	759.57	1	-1	-1
704	7	706.63	1	-1	-1
704	7	700.74	1	-1	-1
704	7	669.85	1	-1	-1
704	7	858.8	1	-1	-1
704	7	740.14	1	-1	-1
704	7	1353.9	1	-1	-1
704	7	666.44	1	-1	-1
704	7	1068.7	1	-1	-1
704	7	929.84	1	-1	-1
704	7	1057.6	1	-1	-1
704	7	1177.5	1	-1	-1
704	7	1492.6	1	-1	-1
704	7	827.09	1	-1	-1
704	7	825.64	1	-1	-1
704	7	1683.5	1	-1	-1
704	7	776.16	1	-1	-1
704	7	814.28	1	-1	-1
704	7	1261.4	1	-1	-1
704	7	913	1	-1	-1
704	7	1263.5	1	-1	-1
704	7	1211	1	-1	-1
704	7	793.93	1	-1	-1
704	7	1863.4	1	-1	-1
704	7	1369.2	1	-1	-1
704	7	1354.2	1	-1	-1
704	7	701.25	1	-1	-1
704	7	1343	1	-1	-1
704	7	885.21	1	-1	-1
704	7	992.29	1	-1	-1
704	7	802.6	1	-1	-1
704	7	970.73	1	-1	-1
704	7	759.11	1	-1	-1
704	7	1047.9	1	-1	-1
704	7	1137.6	1	-1	-1
704	7	833.62	1	-1	-1
704	7	1574.6	1	-1	-1
704	7	795.3	1	-1	-1
704	7	1006.9	1	-1	-1
704	7	631.77	1	-1	-1
704	7	682.86	1	-1	-1
704	7	1069.6	1	-1	-1
704	7	707.68	1	-1	-1
704	7	790.36	1	-1	-1
704	7	2747.7	1	-1	-1
704	7	1239.8	1	-1	-1
704	7	1241.6	1	-1	-1
704	7	807.93	1	-1	-1
704	7	854.96	1	-1	-1
704	7	873.76	1	-1	-1
704	7	2377.1	1	-1	-1
704	7	895.58	1	-1	-1
704	7	925.31	1	-1	-1
704	7	1184.2	1	-1	-1
704	7	839.08	1	-1	-1
704	7	711.83	1	-1	-1
704	7	691.6	1	-1	-1
704	7	1124.8	1	-1	-1
704	7	804.52	1	-1	-1
704	7	809.9	1	-1	-1
704	7	706.85	1	-1	-1
704	7	565.18	1	-1	-1
704	7	1185.1	1	-1	-1
704	7	679.43	1	-1	-1
704	7	976.21	1	-1	-1
704	7	713.62	1	-1	-1
704	7	1536.7	1	-1	-1
704	7	657.55	1	-1	-1
704	7	803.81	1	-1	-1
704	7	889.77	1	-1	-1
704	7	635.67	1	-1	-1
704	7	889.21	1	-1	-1
704	7	713.13	1	-1	-1
704	7	732.8	1	-1	-1
704	7	785.72	1	-1	-1
704	7	838.23	1	-1	-1
704	7	1257.1	1	-1	-1
704	7	697.22	1	-1	-1
704	7	1312.6	1	-1	-1
704	7	1220.2	1	-1	-1
704	7	714.74	1	-1	-1
704	7	673.59	1	-1	-1
704	7	730.16	1	-1	-1
704	7	1674.9	1	-1	-1
704	7	834.48	1	-1	-1
704	7	635.46	1	-1	-1
704	7	634.43	1	-1	-1
704	7	1233.4	1	-1	-1
704	7	577.12	1	-1	-1
704	7	665.22	1	-1	-1
704	7	1160.1	1	-1	-1
704	7	861.95	1	-1	-1
704	7	694.66	1	-1	-1
704	7	1739.8	1	-1	-1
704	7	948.61	1	-1	-1
704	7	1377.1	1	-1	-1
704	7	711.22	1	-1	-1
704	7	708.97	1	-1	-1
704	7	2401.3	1	-1	-1
704	7	1589.7	1	-1	-1
704	7	2725.9	1	-1	-1
704	7	803.34	1	-1	-1
704	7	1405.5	1	-1	-1
704	7	952.68	1	-1	-1
