702	7	779.72	1	2	2
702	7	746.84	1	2	2
702	7	766.92	1	2	2
702	7	898.32	1	2	2
702	7	859.52	1	2	2
702	7	1008.6	1	2	2
702	7	865.76	1	2	2
702	7	763.4	1	2	2
702	7	739.9	1	2	2
702	7	1401.1	1	2	2
702	7	1077.7	1	2	2
702	7	986.78	1	2	2
702	7	1135.7	1	2	2
702	7	804.97	1	2	2
702	7	929.38	1	2	2
702	7	1068.2	1	2	2
702	7	1179.6	1	2	2
702	7	838.07	1	2	2
702	7	872.22	1	2	2
702	7	797.41	1	2	2
702	7	838.45	1	2	2
702	7	821.31	1	2	2
702	7	1034.6	1	2	2
702	7	843.75	1	2	2
702	7	801.91	1	2	2
702	7	897.5	1	2	2
702	7	917.31	1	2	2
702	7	757.5	1	2	2
702	7	872.35	1	2	2
702	7	823.99	1	2	2
702	7	1154.2	1	2	2
702	7	989.63	1	2	2
702	7	1633.5	1	2	2
702	7	888.58	1	2	2
702	7	937.64	1	2	2
702	7	1124.7	1	2	2
702	7	1591.4	1	2	2
702	7	2014.1	1	2	2
702	7	953.59	1	2	2
702	7	738.03	1	2	2
702	7	1475.5	1	2	2
702	7	711.54	1	2	2
702	7	834.05	1	2	2
702	7	1081.1	1	2	2
702	7	777.54	1	2	2
702	7	918.18	1	2	2
702	7	733.8	1	2	2
702	7	839.65	1	2	2
702	7	834.86	1	2	2
702	7	947.61	1	2	2
702	7	872.86	1	2	2
702	7	683.31	1	2	2
702	7	684.51	1	2	2
702	7	744.16	1	2	2
702	7	1451.4	1	2	2
702	7	797.18	1	2	2
702	7	737.61	1	2	2
702	7	728.98	1	2	2
702	7	1206.1	1	2	2
702	7	795.66	1	2	2
702	7	692.42	1	2	2
702	7	757.62	1	2	2
702	7	749.26	1	2	2
702	7	872.61	1	2	2
702	7	783.56	1	2	2
702	7	853.13	1	2	2
702	7	951.04	1	2	2
702	7	742.96	1	2	2
702	7	871.29	1	2	2
702	7	896.84	1	2	2
702	7	906.16	1	2	2
702	7	951.92	1	2	2
702	7	785.19	1	2	2
702	7	864.67	1	2	2
702	7	899.53	1	2	2
702	7	739.27	1	2	2
702	7	1678.6	1	2	2
702	7	827.34	1	2	2
702	7	1230.8	1	2	2
702	7	1162.6	1	2	2
702	7	1178.6	1	2	2
702	7	922.91	1	2	2
702	7	763.07	1	2	2
702	7	785.18	1	2	2
702	7	846.37	1	2	2
702	7	922.43	1	2	2
702	7	827.03	1	2	2
702	7	785.67	1	2	2
702	7	782.22	1	2	2
702	7	700.65	1	2	2
702	7	752.17	1	2	2
702	7	718.62	1	2	2
702	7	679.92	1	2	2
702	7	704.53	1	2	2
702	7	789.7	1	2	2
702	7	830.38	1	2	2
702	7	761.47	1	2	2
702	7	695.18	1	2	2
702	7	810.09	1	2	2
702	7	894.12	1	2	2
702	7	755.18	1	2	2
702	7	830.66	1	2	2
702	7	701.79	1	2	2
702	7	776.17	1	2	2
702	7	781.03	1	2	2
702	7	757.93	1	2	2
702	7	741.28	1	2	2
702	7	943.54	1	2	2
702	7	849.93	1	2	2
702	7	797.17	1	2	2
702	7	818.7	1	2	2
702	7	737.28	1	2	2
702	7	677.86	1	2	2
702	7	722.49	1	2	2
702	7	1043.1	1	2	2
702	7	1052.8	1	2	2
702	7	820.76	1	2	2
702	7	892.15	1	2	2
702	7	887.36	1	2	2
702	7	803.63	1	2	2
702	7	1115.2	1	2	2
702	7	772.4	1	2	2
702	7	1467.6	1	2	2
702	7	737.23	1	2	2
702	7	795.17	1	2	2
702	7	725.55	1	2	2
702	7	747.49	1	2	2
702	7	717.78	1	2	2
702	7	743.12	1	2	2
702	7	665.61	1	2	2
702	7	1036.2	1	2	2
702	7	930.48	1	2	2
702	7	687.4	1	2	2
702	7	958.41	1	2	2
702	7	801.82	1	2	2
702	7	676.83	1	2	2
702	7	1029.7	1	2	2
702	7	693.46	1	2	2
702	7	748.09	1	2	2
702	7	753.49	1	2	2
702	7	806.15	1	2	2
702	7	792.35	1	2	2
702	7	927.35	1	2	2
702	7	989.13	1	2	2
702	7	788.4	1	2	2
702	7	797.34	1	2	2
702	7	737.95	1	2	2
702	7	757.65	1	2	2
702	7	706.98	1	2	2
702	7	1078.7	1	2	2
702	7	1001.4	1	2	2
702	7	1948.5	1	2	2
702	7	845.93	1	2	2
702	7	856.13	1	2	2
702	7	780.43	1	2	2
702	7	913.95	1	2	2
702	7	746.29	1	2	2
702	7	755.26	1	2	2
702	7	1042.8	1	2	2
702	7	750.14	1	2	2
702	7	948.2	1	2	2
702	7	842.1	1	2	2
702	7	1196.1	1	2	2
702	7	905.39	1	2	2
702	7	903.06	1	2	2
702	7	935.27	1	2	2
702	7	790.34	1	2	2
702	7	1268.5	1	2	2
702	7	964.27	1	2	2
702	7	1160.1	1	2	2
702	7	1131.7	1	2	2
702	7	1419.4	1	2	2
702	7	833.2	1	2	2
702	7	995.81	1	2	2
702	7	702.28	1	2	2
702	7	1313	1	2	2
702	7	803.44	1	2	2
702	7	1194.2	1	2	2
702	7	997.58	1	2	2
702	7	819.15	1	2	2
702	7	797.13	1	2	2
702	7	1016	1	2	2
702	7	950.54	1	2	2
702	7	777.36	1	2	2
702	7	868.02	1	2	2
702	7	812.46	1	2	2
702	7	919.41	1	2	2
702	7	1123.7	1	2	2
702	7	1168.7	1	2	2
702	7	818.76	1	2	2
702	7	833.57	1	2	2
702	7	690.82	1	2	2
702	7	744.34	1	2	2
702	7	880.97	1	2	2
702	7	944.56	1	2	2
702	7	748.98	1	2	2
702	7	758.69	1	2	2
702	7	1006.5	1	2	2
702	7	799.37	1	2	2
702	7	680.08	1	2	2
702	7	753.89	1	2	2
702	7	907.57	1	2	2
702	7	1065.6	1	2	2
702	7	726.22	1	2	2
702	7	788.18	1	2	2
702	7	956.71	1	2	2
702	7	794.42	1	2	2
702	7	949.63	1	2	2
702	7	819.6	1	2	2
702	7	774.19	1	2	2
702	7	1182.8	1	2	2
702	7	817.85	1	2	2
702	7	1002.5	1	2	2
702	7	1221	1	2	2
702	7	972.53	1	2	2
702	7	744.95	1	2	2
702	7	772.78	1	2	2
702	7	899.95	1	2	2
702	7	1123.6	1	2	2
702	7	904.36	1	2	2
702	7	765.01	1	2	2
702	7	689.87	1	2	2
702	7	728.67	1	2	2
702	7	1106.5	1	2	2
702	7	795.71	1	2	2
702	7	1043.4	1	2	2
702	7	1337.9	1	2	2
702	7	794.57	1	2	2
702	7	669.79	1	2	2
702	7	768.87	1	2	2
702	7	689.39	1	2	2
702	7	1292.3	1	2	2
702	7	678.47	1	2	2
702	7	684.73	1	2	2
702	7	737.94	1	2	2
702	7	732.15	1	2	2
702	7	791.12	1	2	2
702	7	847.75	1	2	2
702	7	547.42	1	2	2
702	7	588.77	1	2	2
702	7	738.44	1	2	2
702	7	777.58	1	2	2
702	7	679.26	1	2	2
702	7	813.84	1	2	2
702	7	736.19	1	2	2
702	7	978.44	1	2	2
702	7	680.86	1	2	2
702	7	653.74	1	2	2
702	7	1149.2	1	2	2
702	7	676.64	1	2	2
702	7	1037.9	1	2	2
702	7	1089	1	2	2
702	7	729.61	1	2	2
702	7	792.29	1	2	2
702	7	846.08	1	2	2
702	7	726.96	1	2	2
702	7	891.51	1	2	2
702	7	678.82	1	2	2
702	7	759.17	1	2	2
702	7	861.04	1	2	2
702	7	677.03	1	2	2
702	7	1311.4	1	2	2
702	7	964.56	1	2	2
702	7	703.83	1	2	2
702	7	633.69	1	2	2
702	7	650.08	1	2	2
702	7	723.61	1	2	2
702	7	716.95	1	2	2
702	7	703.51	1	2	2
702	7	707.66	1	2	2
702	7	805.29	1	2	2
702	7	606.8	1	2	2
702	7	645.99	1	2	2
702	7	820.26	1	2	2
702	7	697.27	1	2	2
702	7	710	1	2	2
702	7	958.68	1	2	2
702	7	746.09	1	2	2
702	7	671.01	1	2	2
702	7	1026.1	1	2	2
702	7	765.66	1	2	2
702	7	835.99	1	2	2
702	7	825.01	1	2	2
702	7	1222.7	1	2	2
702	7	793.68	1	2	2
702	7	876.18	1	2	2
702	7	1333.2	1	2	2
702	7	752.58	1	2	2
702	7	756.7	1	2	2
702	7	759.33	1	2	2
702	7	721.58	1	2	2
702	7	990.99	1	2	2
702	7	660.62	1	2	2
702	7	708.47	1	2	2
702	7	861.15	1	2	2
702	7	779.05	1	2	2
702	7	642.83	1	2	2
702	7	805.55	1	2	2
702	7	821.99	1	2	2
702	7	1165.7	1	2	2
702	7	784.87	1	2	2
702	7	864.84	1	2	2
702	7	634.86	1	2	2
702	7	668.6	1	2	2
702	7	679.25	1	2	2
702	7	1071.7	1	2	2
702	7	907.24	1	2	2
702	7	671.52	1	2	2
702	7	671.94	1	2	2
702	7	657.8	1	2	2
702	7	873.41	1	2	2
702	7	1070	1	2	2
702	7	742.3	1	2	2
702	7	762.4	1	2	2
702	7	733.88	1	2	2
702	7	736.7	1	2	2
702	7	824.77	1	2	2
702	7	688.41	1	2	2
702	7	634.67	1	2	2
702	7	809.81	1	2	2
702	7	701.65	1	2	2
702	7	756.98	1	2	2
702	7	707.86	1	2	2
702	7	855.71	1	2	2
702	7	670.31	1	2	2
702	7	892.82	1	2	2
702	7	701.43	1	2	2
702	7	902.38	1	2	2
702	7	652.08	1	2	2
702	7	1030.5	1	2	2
702	7	694.41	1	2	2
702	7	656.12	1	2	2
702	7	843.87	1	2	2
702	7	785.34	1	2	2
702	7	698.56	1	2	2
702	7	697.22	1	2	2
702	7	732.18	1	2	2
702	7	828.92	1	2	2
702	7	744.93	1	2	2
702	7	714.79	1	2	2
702	7	668.2	1	2	2
702	7	945.81	1	2	2
702	7	735.81	1	2	2
702	7	772.65	1	2	2
702	7	746.01	1	2	2
702	7	603.13	1	2	2
702	7	1523.8	1	2	2
702	7	691.07	1	2	2
702	7	646.28	1	2	2
702	7	846.93	1	2	2
702	7	762.57	1	2	1
702	7	1389.1	0	2	1
702	7	950.3	0	2	1
702	7	997.05	0	2	1
702	7	783.21	1	2	1
702	7	1036.1	1	2	1
702	7	975.32	1	2	1
702	7	744.43	1	2	1
702	7	905.9	1	2	1
702	7	1480.6	1	2	1
702	7	1144.8	0	2	1
702	7	1079.1	1	2	1
702	7	1022.5	1	2	1
702	7	1822	1	2	1
702	7	1138.4	1	2	1
702	7	866.81	1	2	1
702	7	1168.4	1	2	1
702	7	1177.2	1	2	1
702	7	1270.3	1	2	1
702	7	1316.2	1	2	1
702	7	1103.1	1	2	1
702	7	1161.3	1	2	1
702	7	1111.1	1	2	1
702	7	892.16	1	2	1
702	7	961.22	1	2	1
702	7	1268.2	1	2	1
702	7	1476.7	1	2	1
702	7	1077.9	1	2	1
702	7	974.23	1	2	1
702	7	1201.1	1	2	1
702	7	969.21	1	2	1
702	7	1212	1	2	1
702	7	1028.3	1	2	1
702	7	906.05	1	2	1
702	7	1091.3	1	2	1
702	7	2047.8	1	2	1
702	7	1915.7	1	2	1
702	7	2035.2	1	2	1
702	7	1283.1	1	2	1
702	7	1188.5	1	2	1
702	7	967.5	1	2	1
702	7	1084	1	2	1
702	7	1190.9	1	2	1
702	7	990.25	1	2	1
702	7	1007.1	1	2	1
702	7	1205.1	1	2	1
702	7	1389.5	1	2	1
702	7	808.51	1	2	1
702	7	1057.2	1	2	1
702	7	1181.3	1	2	1
702	7	925.86	1	2	1
702	7	893.98	1	2	1
702	7	737.81	1	2	1
702	7	1082.6	1	2	1
702	7	1002	1	2	1
702	7	1055.3	1	2	1
702	7	678.19	1	2	1
702	7	803.22	1	2	1
702	7	1317.2	1	2	1
702	7	1026.6	1	2	1
702	7	753.32	1	2	1
702	7	775.94	1	2	1
702	7	941.02	1	2	1
702	7	817.58	1	2	1
702	7	1468.9	1	2	1
702	7	873.15	1	2	1
702	7	1325.5	0	2	1
702	7	919.3	1	2	1
702	7	970.51	1	2	1
702	7	965.78	1	2	1
702	7	1477	1	2	1
702	7	1552	1	2	1
702	7	990.38	1	2	1
702	7	795.83	1	2	1
702	7	845.2	1	2	1
702	7	819.12	1	2	1
702	7	990.62	1	2	1
702	7	1471.9	1	2	1
702	7	1789.6	1	2	1
702	7	1023.9	1	2	1
702	7	793.18	1	2	1
702	7	1362.8	1	2	1
702	7	1266.9	1	2	1
702	7	1027.3	1	2	1
702	7	1226.3	1	2	1
702	7	916.75	1	2	1
702	7	863.14	1	2	1
702	7	1015.8	0	2	1
702	7	1317.8	1	2	1
702	7	895.33	1	2	1
702	7	818.2	1	2	1
702	7	856.87	1	2	1
702	7	948.81	1	2	1
702	7	1210.4	1	2	1
702	7	1179.6	0	2	1
702	7	729.18	1	2	1
702	7	810.19	1	2	1
702	7	1334.6	0	2	1
702	7	1125.5	1	2	1
702	7	674.63	1	2	1
702	7	990.7	1	2	1
702	7	1321.1	1	2	1
702	7	902.43	1	2	1
702	7	878.44	1	2	1
702	7	1245.3	1	2	1
702	7	1467.3	1	2	1
702	7	858.34	1	2	1
702	7	1166.2	1	2	1
702	7	1223.1	1	2	1
702	7	877.73	1	2	1
702	7	1139	1	2	1
702	7	643.97	1	2	1
702	7	901.84	1	2	1
702	7	1003.3	1	2	1
702	7	731.11	1	2	1
702	7	1135	1	2	1
702	7	1004.5	1	2	1
702	7	1286.3	1	2	1
702	7	776.03	1	2	1
702	7	852.47	1	2	1
702	7	834.73	1	2	1
702	7	899.87	1	2	1
702	7	997.48	1	2	1
702	7	999.07	1	2	1
702	7	1177	1	2	1
702	7	1087.8	1	2	1
702	7	887.71	1	2	1
702	7	820.99	1	2	1
702	7	899.49	1	2	1
702	7	1024.5	1	2	1
702	7	833.76	1	2	1
702	7	1123	1	2	1
702	7	1884.1	1	2	1
702	7	989.27	1	2	1
702	7	908.11	1	2	1
702	7	824.09	1	2	1
702	7	913.34	1	2	1
702	7	1053.6	1	2	1
702	7	1270.4	1	2	1
702	7	850.98	1	2	1
702	7	989.2	1	2	1
702	7	791.87	1	2	1
702	7	1214.6	1	2	1
702	7	955.18	1	2	1
702	7	963.51	1	2	1
702	7	1406.7	1	2	1
702	7	944.23	1	2	1
702	7	993.48	1	2	1
702	7	1363.1	1	2	1
702	7	923.11	1	2	1
702	7	1400.8	1	2	1
702	7	796.63	1	2	1
702	7	1153.4	1	2	1
702	7	983.36	1	2	1
702	7	690.41	1	2	1
702	7	1199.4	1	2	1
702	7	897.42	1	2	1
702	7	1079.9	1	2	1
702	7	790.78	1	2	1
702	7	920.51	1	2	1
702	7	1140.9	1	2	1
702	7	794.62	1	2	1
702	7	893.43	1	2	1
702	7	805.81	1	2	1
702	7	1003.6	1	2	1
702	7	900.26	1	2	1
702	7	1375.6	1	2	1
702	7	1050.3	1	2	1
702	7	823.7	1	2	1
702	7	1167.1	1	2	1
702	7	1512.8	1	2	1
702	7	1093.5	1	2	1
702	7	779.81	1	2	1
702	7	972.05	1	2	1
702	7	795.9	1	2	1
702	7	925.54	1	2	1
702	7	1050.5	1	2	1
702	7	1203.2	1	2	1
702	7	912.84	1	2	1
702	7	897.12	1	2	1
702	7	1620.9	1	2	1
702	7	922.88	1	2	1
702	7	861.21	1	2	1
702	7	1009.7	1	2	1
702	7	844.4	1	2	1
702	7	825.27	1	2	1
702	7	923.32	1	2	1
702	7	1219.4	1	2	1
702	7	1541.9	1	2	1
702	7	1144.2	1	2	1
702	7	1009.8	1	2	1
702	7	875.58	1	2	1
702	7	994.08	1	2	1
702	7	1050.3	1	2	1
702	7	1079.2	1	2	1
702	7	888.94	1	2	1
702	7	1194.9	1	2	1
702	7	1110.3	1	2	1
702	7	890.46	1	2	1
702	7	913.49	1	2	1
702	7	1017.2	1	2	1
702	7	1192.7	1	2	1
702	7	1042.6	1	2	1
702	7	792.8	1	2	1
702	7	1323.8	1	2	1
702	7	857.5	1	2	1
702	7	1022.2	1	2	1
702	7	811.12	1	2	1
702	7	849.49	1	2	1
702	7	824.08	1	2	1
702	7	1662.7	1	2	1
702	7	1602.3	1	2	1
702	7	1592.8	1	2	1
702	7	1720.7	1	2	1
702	7	858.13	1	2	1
702	7	786.84	1	2	1
702	7	719.69	1	2	1
702	7	1097.6	1	2	1
702	7	764.46	1	2	1
702	7	667.74	1	2	1
702	7	882.8	1	2	1
702	7	1296.3	1	2	1
702	7	763.86	1	2	1
702	7	1038.9	1	2	1
702	7	1073.5	1	2	1
702	7	643.92	1	2	1
702	7	1110.6	1	2	1
702	7	798.29	1	2	1
702	7	957	1	2	1
702	7	741.71	1	2	1
702	7	804.06	1	2	1
702	7	1208.3	1	2	1
702	7	918.43	1	2	1
702	7	666.47	1	2	1
702	7	994.26	1	2	1
702	7	1057.1	1	2	1
702	7	795.01	1	2	1
702	7	943.83	1	2	1
702	7	1154.9	1	2	1
702	7	1107.3	1	2	1
702	7	1040.6	1	2	1
702	7	1185.4	1	2	1
702	7	797.25	1	2	1
702	7	759.44	1	2	1
702	7	741.74	1	2	1
702	7	601.86	1	2	1
702	7	771.95	1	2	1
702	7	795.87	1	2	1
702	7	659.59	1	2	1
702	7	667.31	1	2	1
702	7	915.89	1	2	1
702	7	1166.3	1	2	1
702	7	1350.5	1	2	1
702	7	935.71	1	2	1
702	7	721.75	1	2	1
702	7	879.5	1	2	1
702	7	741.98	1	2	1
702	7	1000.4	1	2	1
702	7	735.43	1	2	1
702	7	741.74	1	2	1
702	7	822.1	0	2	1
702	7	809.12	1	2	1
702	7	743.68	1	2	1
702	7	1263.8	1	2	1
702	7	697.43	1	2	1
702	7	753.85	1	2	1
702	7	849.53	1	2	1
702	7	938.98	1	2	1
702	7	1118.4	1	2	1
702	7	1023.1	1	2	1
702	7	1123.1	1	2	1
702	7	643.97	1	2	1
702	7	722.23	1	2	1
702	7	1200.7	1	2	1
702	7	675.42	1	2	1
702	7	872.39	1	2	1
702	7	778.73	1	2	1
702	7	907.56	1	2	1
702	7	907.49	1	2	1
702	7	1479.3	1	2	1
702	7	1012.2	1	2	1
702	7	888.32	1	2	1
702	7	1050.4	1	2	1
702	7	949.31	1	2	1
702	7	989.3	1	2	1
702	7	889.62	1	2	1
702	7	936.69	1	2	1
702	7	921.22	1	2	1
702	7	867.66	1	2	1
702	7	891.6	1	2	1
702	7	830.92	1	2	1
702	7	1027.2	1	2	1
702	7	776.59	1	2	1
702	7	1028.6	1	2	1
702	7	859.44	1	2	1
702	7	967.68	1	2	1
702	7	956.36	1	2	1
702	7	716.6	1	2	1
702	7	705.76	1	2	1
702	7	866.98	1	2	1
702	7	1074	1	2	1
702	7	1642.1	1	2	1
702	7	945.04	1	2	1
702	7	850.89	1	2	1
702	7	751.92	1	2	1
702	7	892.27	1	2	1
702	7	772.95	1	2	1
702	7	903.02	1	2	1
702	7	756.74	1	2	1
702	7	892.85	1	2	1
702	7	963.61	1	2	1
702	7	630.46	1	2	1
702	7	944.69	1	2	1
702	7	595.76	1	2	1
702	7	920.42	1	2	1
702	7	884.98	1	2	1
702	7	642.98	1	2	1
702	7	867.77	1	2	1
702	7	1101	1	2	1
702	7	782.21	0	2	1
702	7	866.39	1	2	1
702	7	745.63	1	2	1
702	7	962.35	1	2	1
702	7	775.36	1	2	1
702	7	802.98	1	2	1
702	7	805.98	1	2	1
702	7	741.09	1	2	1
702	7	1526.8	1	2	1
702	7	972.97	1	2	1
702	7	721.85	1	2	1
702	7	838.58	1	2	1
702	7	1107.2	1	2	1
702	7	708.77	1	2	1
702	7	1076.4	1	2	1
702	7	1165.6	1	2	1
702	7	1120	1	2	1
702	7	841.16	1	2	1
702	7	1179	1	2	1
702	7	844.41	1	2	1
702	7	1434.2	1	2	1
702	7	1188.1	1	2	1
702	7	667.66	1	2	1
702	7	897.46	1	2	1
702	7	1113.9	1	2	1
702	7	782.91	1	2	1
702	7	968.93	1	2	1
702	7	603.75	1	2	1
702	7	783.68	1	2	1
702	7	1265.4	1	2	1
702	7	981.43	1	2	1
702	7	645.17	0	1	2
702	7	1077.3	1	1	2
702	7	1671	1	1	2
702	7	1590.8	0	1	2
702	7	623.15	0	1	2
702	7	1190	1	1	2
702	7	899.8	1	1	2
702	7	994.66	1	1	2
702	7	1036.1	1	1	2
702	7	996.48	1	1	2
702	7	870.83	1	1	2
702	7	963.39	1	1	2
702	7	1470	1	1	2
702	7	858.15	1	1	2
702	7	1231.6	1	1	2
702	7	824.62	1	1	2
702	7	1532.9	1	1	2
702	7	912.46	1	1	2
702	7	1253.5	1	1	2
702	7	763.75	1	1	2
702	7	869.4	1	1	2
702	7	865.56	1	1	2
702	7	935.8	1	1	2
702	7	1603.7	1	1	2
702	7	947.16	1	1	2
702	7	1013.2	1	1	2
702	7	901.64	1	1	2
702	7	1131.5	0	1	2
702	7	857.61	1	1	2
702	7	836.09	1	1	2
702	7	1336.9	1	1	2
702	7	918.49	1	1	2
702	7	1975.9	1	1	2
702	7	853.87	1	1	2
702	7	968.7	1	1	2
702	7	944.9	1	1	2
702	7	2048.2	1	1	2
702	7	1029.3	1	1	2
702	7	1638.8	1	1	2
702	7	1507.7	1	1	2
702	7	851.03	1	1	2
702	7	975.85	1	1	2
702	7	756.67	1	1	2
702	7	1301.3	1	1	2
702	7	999.59	1	1	2
702	7	1572.8	1	1	2
702	7	950.99	1	1	2
702	7	882.06	1	1	2
702	7	847.27	1	1	2
702	7	1532.3	1	1	2
702	7	749.72	1	1	2
702	7	1041.8	0	1	2
702	7	962.54	1	1	2
702	7	970	1	1	2
702	7	864.26	1	1	2
702	7	1152.6	1	1	2
702	7	856.97	1	1	2
702	7	813.7	0	1	2
702	7	951.45	1	1	2
702	7	979.74	1	1	2
702	7	797.67	0	1	2
702	7	951.45	1	1	2
702	7	803.52	1	1	2
702	7	1760.1	1	1	2
702	7	1276.6	1	1	2
702	7	831.45	1	1	2
702	7	1513.5	1	1	2
702	7	722.4	1	1	2
702	7	1578	1	1	2
702	7	980.63	1	1	2
702	7	804.81	1	1	2
702	7	793.97	1	1	2
702	7	809.01	1	1	2
702	7	900.59	1	1	2
702	7	1566.2	1	1	2
702	7	755.27	1	1	2
702	7	1054.3	1	1	2
702	7	1088.7	1	1	2
702	7	1050	1	1	2
702	7	997.86	1	1	2
702	7	1316.2	0	1	2
702	7	767.37	1	1	2
702	7	1271.8	1	1	2
702	7	1145.9	1	1	2
702	7	1282.7	1	1	2
702	7	1005.5	1	1	2
702	7	770.43	1	1	2
702	7	742.62	1	1	2
702	7	803.95	1	1	2
702	7	944.46	1	1	2
702	7	1402	1	1	2
702	7	871.15	1	1	2
702	7	811.2	1	1	2
702	7	1301.4	1	1	2
702	7	1089.7	1	1	2
702	7	839.6	1	1	2
702	7	818.15	1	1	2
702	7	773.33	1	1	2
702	7	1540.5	1	1	2
702	7	891.79	1	1	2
702	7	835.97	1	1	2
702	7	1904.9	1	1	2
702	7	1400.1	1	1	2
702	7	1140.2	1	1	2
702	7	1202.4	1	1	2
702	7	789.63	1	1	2
702	7	774.74	1	1	2
702	7	843.06	1	1	2
702	7	788.51	1	1	2
702	7	694.62	1	1	2
702	7	1017.5	1	1	2
702	7	1113.1	1	1	2
702	7	1160.9	1	1	2
702	7	1265.6	1	1	2
702	7	1113.6	1	1	2
702	7	2066.1	0	1	2
702	7	957.44	1	1	2
702	7	1266.5	1	1	2
702	7	1791.7	1	1	2
702	7	1221.9	1	1	2
702	7	1096.8	1	1	2
702	7	1316.5	1	1	2
702	7	737.91	1	1	2
702	7	830.81	1	1	2
702	7	722.75	1	1	2
702	7	858.66	1	1	2
702	7	770.2	1	1	2
702	7	788.23	1	1	2
702	7	837.79	1	1	2
702	7	766.66	1	1	2
702	7	856.92	1	1	2
702	7	990.5	1	1	2
702	7	1907.5	1	1	2
702	7	840.33	1	1	2
702	7	758.11	1	1	2
702	7	787.91	1	1	2
702	7	865.58	1	1	2
702	7	833.22	1	1	2
702	7	1606	1	1	2
702	7	1334.1	1	1	2
702	7	1030.3	1	1	2
702	7	1787.6	1	1	2
702	7	963.69	1	1	2
702	7	1009.1	1	1	2
702	7	870.42	1	1	2
702	7	861.04	1	1	2
702	7	827.8	1	1	2
702	7	836.85	1	1	2
702	7	809.26	1	1	2
702	7	1078.5	1	1	2
702	7	863.34	1	1	2
702	7	1010.7	1	1	2
702	7	1098.7	1	1	2
702	7	1393.8	1	1	2
702	7	1091.6	1	1	2
702	7	1163.8	1	1	2
702	7	777.04	1	1	2
702	7	1313.5	1	1	2
702	7	751.73	1	1	2
702	7	790.12	1	1	2
702	7	920.63	1	1	2
702	7	894.5	1	1	2
702	7	875.44	1	1	2
702	7	827.52	1	1	2
702	7	1317.5	1	1	2
702	7	1420.4	1	1	2
702	7	1164.2	1	1	2
702	7	803.04	1	1	2
702	7	1110.4	1	1	2
702	7	1907.5	1	1	2
702	7	1270	1	1	2
702	7	696.32	1	1	2
702	7	990.23	1	1	2
702	7	839.97	1	1	2
702	7	1553.9	1	1	2
702	7	1159.8	1	1	2
702	7	1152.3	1	1	2
702	7	748.27	1	1	2
702	7	892.18	1	1	2
702	7	1289.4	1	1	2
702	7	847.4	1	1	2
702	7	838.73	1	1	2
702	7	1084.5	1	1	2
702	7	1155.4	1	1	2
702	7	923.25	1	1	2
702	7	1171.5	1	1	2
702	7	1440.6	1	1	2
702	7	1191.7	1	1	2
702	7	791.38	1	1	2
702	7	889.99	1	1	2
702	7	700.32	1	1	2
702	7	821.92	1	1	2
702	7	1192.7	1	1	2
702	7	1179.6	1	1	2
702	7	1034.2	1	1	2
702	7	854.12	1	1	2
702	7	945.18	1	1	2
702	7	864.37	1	1	2
702	7	944.41	1	1	2
702	7	1232.9	1	1	2
702	7	1216.6	1	1	2
702	7	1496.4	1	1	2
702	7	796.28	1	1	2
702	7	979.84	1	1	2
702	7	965.47	1	1	2
702	7	1059.2	1	1	2
702	7	1312.2	1	1	2
702	7	1414.5	1	1	2
702	7	908.15	1	1	2
702	7	1497.3	0	1	2
702	7	1283.4	1	1	2
702	7	1028.8	1	1	2
702	7	921.77	1	1	2
702	7	2113.4	1	1	2
702	7	1143	1	1	2
702	7	994.74	1	1	2
702	7	966.06	1	1	2
702	7	705.7	1	1	2
702	7	684.95	1	1	2
702	7	951.97	1	1	2
702	7	885.2	1	1	2
702	7	1063.2	1	1	2
702	7	826.46	1	1	2
702	7	768.12	1	1	2
702	7	949.46	1	1	2
702	7	936.47	1	1	2
702	7	1199.1	1	1	2
702	7	702.84	1	1	2
702	7	986.48	1	1	2
702	7	1410.3	1	1	2
702	7	1237.8	1	1	2
702	7	634.47	1	1	2
702	7	790.28	1	1	2
702	7	1111.6	1	1	2
702	7	1075.1	1	1	2
702	7	813.73	1	1	2
702	7	1076.4	1	1	2
702	7	689.21	1	1	2
702	7	583.52	1	1	2
702	7	1651.5	1	1	2
702	7	1038.9	1	1	2
702	7	770.74	1	1	2
702	7	653.5	1	1	2
702	7	1195.9	1	1	2
702	7	748.24	1	1	2
702	7	749.09	1	1	2
702	7	1123.5	1	1	2
702	7	644.88	1	1	2
702	7	619.81	1	1	2
702	7	950.85	1	1	2
702	7	1984.4	1	1	2
702	7	731.8	1	1	2
702	7	835.67	1	1	2
702	7	1189.9	1	1	2
702	7	758.02	1	1	2
702	7	781.47	1	1	2
702	7	1114.9	1	1	2
702	7	725.83	1	1	2
702	7	1057.6	1	1	2
702	7	845.29	1	1	2
702	7	859.88	1	1	2
702	7	965.09	1	1	2
702	7	741.14	1	1	2
702	7	941.53	1	1	2
702	7	1194.6	1	1	2
702	7	832.4	1	1	2
702	7	668.66	1	1	2
702	7	864.95	1	1	2
702	7	1835.4	1	1	2
702	7	1013.4	1	1	2
702	7	944.39	1	1	2
702	7	706.96	1	1	2
702	7	787.6	1	1	2
702	7	2108.2	1	1	2
702	7	1132.6	1	1	2
702	7	1552.4	1	1	2
702	7	1185.5	1	1	2
702	7	1611.7	1	1	2
702	7	812.81	1	1	2
702	7	1276.5	1	1	2
702	7	1015.6	1	1	2
702	7	1354.1	1	1	2
702	7	1323.7	1	1	2
702	7	1999	1	1	2
702	7	1108.7	1	1	2
702	7	1038	1	1	2
702	7	1289.8	1	1	2
702	7	754.62	1	1	2
702	7	1043.7	1	1	2
702	7	835.41	1	1	2
702	7	982.74	1	1	2
702	7	1596.3	1	1	2
702	7	1323.4	1	1	2
702	7	1261.5	1	1	2
702	7	1347.8	1	1	2
702	7	863.75	1	1	2
702	7	905.89	1	1	2
702	7	844.95	1	1	2
702	7	812.09	1	1	2
702	7	924.74	1	1	2
702	7	798.18	1	1	2
702	7	1026.1	1	1	2
702	7	741.74	1	1	2
702	7	1753.4	1	1	2
702	7	995.95	1	1	2
702	7	1085.4	1	1	2
702	7	812.78	1	1	2
702	7	970.12	1	1	2
702	7	1322.3	1	1	2
702	7	1117.9	1	1	2
702	7	692.44	1	1	2
702	7	1665.8	1	1	2
702	7	673.99	1	1	2
702	7	737.54	1	1	2
702	7	945.32	1	1	2
702	7	914.62	1	1	2
702	7	1330.4	1	1	2
702	7	721.95	1	1	2
702	7	887.82	1	1	2
702	7	811.01	1	1	2
702	7	709.49	1	1	2
702	7	645.89	1	1	2
702	7	1107.7	1	1	2
702	7	1038.6	1	1	2
702	7	818.83	1	1	2
702	7	969.56	1	1	2
702	7	1756.8	1	1	2
702	7	721.07	1	1	2
702	7	876.12	1	1	2
702	7	648.03	1	1	2
702	7	742.92	1	1	2
702	7	926.13	1	1	2
702	7	680.11	1	1	2
702	7	1252.8	1	1	2
702	7	859.17	1	1	2
702	7	905.5	1	1	2
702	7	755.9	1	1	2
702	7	1675.4	1	1	2
702	7	1247.7	1	1	2
702	7	774.21	1	1	2
702	7	868.19	1	1	2
702	7	1092.4	1	1	2
702	7	836.86	1	1	2
702	7	786.91	1	1	2
702	7	948.44	1	1	2
702	7	799.58	1	1	2
702	7	740.58	1	1	2
702	7	662.75	1	1	2
702	7	915.41	1	1	2
702	7	939.36	1	1	1
702	7	1234.2	1	1	1
702	7	944.52	1	1	1
702	7	832.45	1	1	1
702	7	773.26	1	1	1
702	7	768.4	0	1	1
702	7	1389.1	1	1	1
702	7	973.53	1	1	1
702	7	837.49	0	1	1
702	7	1108.8	1	1	1
702	7	1057.7	0	1	1
702	7	1095.6	0	1	1
702	7	1448.7	1	1	1
702	7	828.5	0	1	1
702	7	1415.3	0	1	1
702	7	1055.4	1	1	1
702	7	906.84	1	1	1
702	7	1184.4	1	1	1
702	7	1601.8	1	1	1
702	7	1543.5	1	1	1
702	7	1387	1	1	1
702	7	1163.8	1	1	1
702	7	1118.2	1	1	1
702	7	1762.9	1	1	1
702	7	1501	1	1	1
702	7	1198.1	0	1	1
702	7	1502.1	1	1	1
702	7	1475.1	1	1	1
702	7	1501	1	1	1
702	7	894.33	0	1	1
702	7	1127.9	1	1	1
702	7	1190.8	1	1	1
702	7	1875.6	1	1	1
702	7	1174.2	1	1	1
702	7	1448.6	0	1	1
702	7	1690.4	1	1	1
702	7	2074.1	1	1	1
702	7	1502.8	1	1	1
702	7	1899.4	1	1	1
702	7	1615.5	1	1	1
702	7	1106.6	1	1	1
702	7	1649	1	1	1
702	7	879.81	1	1	1
702	7	996.82	1	1	1
702	7	1433.3	1	1	1
702	7	893.35	1	1	1
702	7	1168.5	1	1	1
702	7	1250.3	1	1	1
702	7	1305.1	1	1	1
702	7	1262.1	1	1	1
702	7	832.46	1	1	1
702	7	953.33	1	1	1
702	7	776.33	0	1	1
702	7	1216	0	1	1
702	7	1041.9	0	1	1
702	7	1290.2	1	1	1
702	7	1082.3	1	1	1
702	7	861.93	1	1	1
702	7	1311.2	1	1	1
702	7	947.26	1	1	1
702	7	1498.2	1	1	1
702	7	1460.3	0	1	1
702	7	1223.6	0	1	1
702	7	1132.8	1	1	1
702	7	1004.8	1	1	1
702	7	1117.9	1	1	1
702	7	1072	1	1	1
702	7	805.03	0	1	1
702	7	949.63	1	1	1
702	7	1300.5	1	1	1
702	7	863.63	0	1	1
702	7	1576.5	1	1	1
702	7	1018.9	1	1	1
702	7	1013.7	1	1	1
702	7	1225.2	1	1	1
702	7	990.7	1	1	1
702	7	969.26	1	1	1
702	7	923.21	1	1	1
702	7	1282.2	1	1	1
702	7	2365	1	1	1
702	7	1193.3	1	1	1
702	7	1010.6	1	1	1
702	7	1145	0	1	1
702	7	1330.7	0	1	1
702	7	1206.8	1	1	1
702	7	1724.3	1	1	1
702	7	944.01	1	1	1
702	7	899.87	1	1	1
702	7	1529.3	1	1	1
702	7	944.45	1	1	1
702	7	1018.9	1	1	1
702	7	1063.8	1	1	1
702	7	1095.7	1	1	1
702	7	801.8	1	1	1
702	7	1170	1	1	1
702	7	1059.3	1	1	1
702	7	1305.1	1	1	1
702	7	1333.8	0	1	1
702	7	785.3	1	1	1
702	7	983.29	1	1	1
702	7	1396.6	1	1	1
702	7	1171.5	1	1	1
702	7	762.85	1	1	1
702	7	916.32	1	1	1
702	7	919.53	1	1	1
702	7	1002.8	1	1	1
702	7	985.07	1	1	1
702	7	1900.5	1	1	1
702	7	937.26	1	1	1
702	7	1088.5	1	1	1
702	7	1102.9	1	1	1
702	7	1297.2	1	1	1
702	7	1685	1	1	1
702	7	1211.1	1	1	1
702	7	890.37	1	1	1
702	7	698.6	0	1	1
702	7	1003.3	1	1	1
702	7	1046.7	1	1	1
702	7	2072.5	1	1	1
702	7	2274.7	1	1	1
702	7	1115.9	1	1	1
702	7	1165.1	1	1	1
702	7	1246.7	1	1	1
702	7	727.6	1	1	1
702	7	813.24	1	1	1
702	7	747.65	1	1	1
702	7	1516.8	0	1	1
702	7	812.01	1	1	1
702	7	1128.2	1	1	1
702	7	1288.6	1	1	1
702	7	982.89	1	1	1
702	7	1250.9	1	1	1
702	7	850.94	1	1	1
702	7	1246.5	1	1	1
702	7	944.98	1	1	1
702	7	1555.6	1	1	1
702	7	1931.8	1	1	1
702	7	890.4	1	1	1
702	7	1149.9	1	1	1
702	7	988.9	1	1	1
702	7	889.83	1	1	1
702	7	2005.5	1	1	1
702	7	1050.2	1	1	1
702	7	814.65	1	1	1
702	7	1941.9	1	1	1
702	7	982.83	1	1	1
702	7	847.36	1	1	1
702	7	958	1	1	1
702	7	1027.9	1	1	1
702	7	1046.9	1	1	1
702	7	1196.8	1	1	1
702	7	878.66	1	1	1
702	7	1570.1	1	1	1
702	7	1091	1	1	1
702	7	1335.2	1	1	1
702	7	1630	1	1	1
702	7	1010.4	1	1	1
702	7	1169.7	1	1	1
702	7	1032.4	1	1	1
702	7	1052.5	1	1	1
702	7	1034.1	1	1	1
702	7	990.36	1	1	1
702	7	1016.3	1	1	1
702	7	1183	1	1	1
702	7	1023.6	1	1	1
702	7	1846.5	1	1	1
702	7	919.9	1	1	1
702	7	925.06	1	1	1
702	7	658.22	1	1	1
702	7	2135.6	0	1	1
702	7	1871.2	1	1	1
702	7	1564.3	1	1	1
702	7	1003.8	1	1	1
702	7	1105.2	1	1	1
702	7	1774	1	1	1
702	7	1021.4	1	1	1
702	7	1239.9	1	1	1
702	7	986.42	1	1	1
702	7	929.81	1	1	1
702	7	1160.5	1	1	1
702	7	976.79	0	1	1
702	7	1449.2	1	1	1
702	7	1087.3	1	1	1
702	7	870.56	1	1	1
702	7	1402.6	1	1	1
702	7	980.95	1	1	1
702	7	803.18	1	1	1
702	7	975.47	1	1	1
702	7	1432	1	1	1
702	7	1095	1	1	1
702	7	1168.6	1	1	1
702	7	1041.4	0	1	1
702	7	1084.1	1	1	1
702	7	1396.9	1	1	1
702	7	1112.2	1	1	1
702	7	955.71	1	1	1
702	7	1253.9	1	1	1
702	7	1569.2	1	1	1
702	7	1829.1	1	1	1
702	7	1430.6	1	1	1
702	7	1070	1	1	1
702	7	1124.8	1	1	1
702	7	1268.4	1	1	1
702	7	760.15	1	1	1
702	7	1591.4	1	1	1
702	7	2354	1	1	1
702	7	1122.9	1	1	1
702	7	2188.1	0	1	1
702	7	1043.8	1	1	1
702	7	1002.2	1	1	1
702	7	1941.2	0	1	1
702	7	1256.5	1	1	1
702	7	994.32	1	1	1
702	7	989.55	1	1	1
702	7	978.12	1	1	1
702	7	1025.6	1	1	1
702	7	872.6	1	1	1
702	7	1300.3	1	1	1
702	7	1676	1	1	1
702	7	908.54	1	1	1
702	7	886.11	1	1	1
702	7	1306.4	1	1	1
702	7	837.88	1	1	1
702	7	1377.6	1	1	1
702	7	1662.2	1	1	1
702	7	862.7	1	1	1
702	7	725.63	1	1	1
702	7	760.23	1	1	1
702	7	1236	1	1	1
702	7	981.02	1	1	1
702	7	1759.7	1	1	1
702	7	2547.2	1	1	1
702	7	1273.9	1	1	1
702	7	1305.9	1	1	1
702	7	822	1	1	1
702	7	883.48	1	1	1
702	7	781.74	1	1	1
702	7	828.12	1	1	1
702	7	1302.8	1	1	1
702	7	872.36	1	1	1
702	7	974.2	1	1	1
702	7	1086.7	1	1	1
702	7	821.74	1	1	1
702	7	990.27	0	1	1
702	7	850.19	1	1	1
702	7	1635	1	1	1
702	7	802.86	1	1	1
702	7	688.08	1	1	1
702	7	1507.5	1	1	1
702	7	1040.1	1	1	1
702	7	1133	1	1	1
702	7	862.77	1	1	1
702	7	2013.7	1	1	1
702	7	756.57	1	1	1
702	7	880.39	1	1	1
702	7	1565.9	1	1	1
702	7	1019.9	1	1	1
702	7	1348.9	1	1	1
702	7	1607.4	1	1	1
702	7	1501.7	1	1	1
702	7	943.6	1	1	1
702	7	1067.1	1	1	1
702	7	783.91	1	1	1
702	7	1381.9	1	1	1
702	7	880.54	1	1	1
702	7	1171.1	1	1	1
702	7	779.66	1	1	1
702	7	1976.8	1	1	1
702	7	1336.3	1	1	1
702	7	1069.4	1	1	1
702	7	743.78	1	1	1
702	7	1088.9	1	1	1
702	7	1058.2	1	1	1
702	7	1633.8	1	1	1
702	7	1213.9	1	1	1
702	7	1372.9	1	1	1
702	7	1134.5	1	1	1
702	7	979.55	1	1	1
702	7	1463.3	1	1	1
702	7	2035.9	1	1	1
702	7	1206.2	1	1	1
702	7	2076.5	1	1	1
702	7	1305.7	1	1	1
702	7	1622.5	1	1	1
702	7	963.26	1	1	1
702	7	1451.4	1	1	1
702	7	1124.5	1	1	1
702	7	1067.5	1	1	1
702	7	851.19	1	1	1
702	7	955.37	1	1	1
702	7	1582	1	1	1
702	7	1081.8	1	1	1
702	7	903.26	1	1	1
702	7	1096.4	1	1	1
702	7	993.3	1	1	1
702	7	996.1	1	1	1
702	7	862.83	1	1	1
702	7	799.21	1	1	1
702	7	1069.7	1	1	1
702	7	1267.9	1	1	1
702	7	1051.7	1	1	1
702	7	894.4	1	1	1
702	7	1944.5	1	1	1
702	7	1024.2	1	1	1
702	7	1249.5	1	1	1
702	7	976.15	1	1	1
702	7	881.12	1	1	1
702	7	1291.5	1	1	1
702	7	1021.4	1	1	1
702	7	1448.5	1	1	1
702	7	1146.8	1	1	1
702	7	997.32	1	1	1
702	7	1102.4	1	1	1
702	7	1367.3	1	1	1
702	7	2445.4	1	1	1
702	7	1696.5	1	1	1
702	7	860.85	1	1	1
702	7	677.48	1	1	1
702	7	807.87	1	1	1
702	7	868.6	1	1	1
702	7	861.17	1	1	1
702	7	722.04	1	1	1
702	7	822.91	1	1	1
702	7	947.96	1	1	1
702	7	1236.4	1	1	1
702	7	1015.4	1	1	1
702	7	1149.2	1	1	1
702	7	1037.4	1	1	1
702	7	1033.4	1	1	1
702	7	906.13	1	1	1
702	7	1635.5	1	1	1
702	7	812.46	1	1	1
702	7	1290.3	1	1	1
702	7	1083.3	1	1	1
702	7	1390.7	1	1	1
702	7	1147.5	0	1	1
702	7	1030	1	1	1
702	7	1592.8	1	1	1
702	7	923.38	1	1	1
702	7	1046	1	1	1
702	7	1314.6	1	1	1
702	7	881.64	1	1	1
702	7	1068	1	1	1
702	7	1348.4	1	1	1
702	7	1488.6	1	1	1
702	7	1220.7	1	1	1
702	7	1607.3	1	1	1
702	7	1398.7	1	1	1
702	7	644.5	1	2	-1
702	7	776.58	1	2	-1
702	7	642.19	1	2	-1
702	7	441.96	1	2	-1
702	7	630.58	1	2	-1
702	7	620.18	0	2	-1
702	7	676.9	1	2	-1
702	7	1200.3	1	2	-1
702	7	1070	1	2	-1
702	7	1076.4	1	2	-1
702	7	892.31	1	2	-1
702	7	1131	1	2	-1
702	7	895.98	1	2	-1
702	7	702.42	1	2	-1
702	7	1332.8	1	2	-1
702	7	1005.7	1	2	-1
702	7	1233.9	1	2	-1
702	7	1098.8	1	2	-1
702	7	1004.7	0	2	-1
702	7	1560.2	1	2	-1
702	7	1015.1	1	2	-1
702	7	1247.8	1	2	-1
702	7	1417.8	1	2	-1
702	7	918.82	1	2	-1
702	7	1095	1	2	-1
702	7	1212.5	1	2	-1
702	7	1236.6	1	2	-1
702	7	1709.9	1	2	-1
702	7	947.88	1	2	-1
702	7	1355.4	1	2	-1
702	7	1308.7	1	2	-1
702	7	1484.4	1	2	-1
702	7	1699	1	2	-1
702	7	1159.3	1	2	-1
702	7	1335.5	1	2	-1
702	7	1799.3	1	2	-1
702	7	986.64	1	2	-1
702	7	1345.7	1	2	-1
702	7	1539.9	1	2	-1
702	7	982.12	0	2	-1
702	7	1337.2	1	2	-1
702	7	1286.3	1	2	-1
702	7	914.87	1	2	-1
702	7	1108.1	1	2	-1
702	7	1172.1	1	2	-1
702	7	1128.3	1	2	-1
702	7	1203.7	1	2	-1
702	7	1585.3	1	2	-1
702	7	1021.3	1	2	-1
702	7	1070.6	1	2	-1
702	7	921.8	1	2	-1
702	7	1213.8	1	2	-1
702	7	945.94	1	2	-1
702	7	940.54	1	2	-1
702	7	1001.5	1	2	-1
702	7	817.53	1	2	-1
702	7	795.56	1	2	-1
702	7	1256.6	1	2	-1
702	7	903.77	1	2	-1
702	7	985.82	1	2	-1
702	7	1351.4	1	2	-1
702	7	1252.6	1	2	-1
702	7	1111.5	1	2	-1
702	7	1007.2	1	2	-1
702	7	843.09	1	2	-1
702	7	960.16	1	2	-1
702	7	1019.1	1	2	-1
702	7	908.59	1	2	-1
702	7	921.96	1	2	-1
702	7	1052.9	1	2	-1
702	7	1530.8	1	2	-1
702	7	1252.8	1	2	-1
702	7	943.7	1	2	-1
702	7	1213.3	1	2	-1
702	7	1256	1	2	-1
702	7	1218.6	1	2	-1
702	7	795.57	0	2	-1
702	7	1024.6	1	2	-1
702	7	868.92	1	2	-1
702	7	1144.6	1	2	-1
702	7	1156	1	2	-1
702	7	1333.1	1	2	-1
702	7	912.67	1	2	-1
702	7	1282	1	2	-1
702	7	931.11	1	2	-1
702	7	941.21	1	2	-1
702	7	832.38	1	2	-1
702	7	1231.6	1	2	-1
702	7	1035.4	1	2	-1
702	7	856.54	1	2	-1
702	7	734.63	1	2	-1
702	7	1320.5	1	2	-1
702	7	832.32	1	2	-1
702	7	774.81	1	2	-1
702	7	857.79	1	2	-1
702	7	931.53	1	2	-1
702	7	1587.3	1	2	-1
702	7	1026.4	1	2	-1
702	7	967.35	1	2	-1
702	7	852.39	1	2	-1
702	7	876.85	1	2	-1
702	7	906.78	1	2	-1
702	7	926.52	1	2	-1
702	7	878.76	0	2	-1
702	7	858.23	1	2	-1
702	7	998.18	1	2	-1
702	7	880.1	1	2	-1
702	7	925.45	1	2	-1
702	7	1854.6	1	2	-1
702	7	904.75	1	2	-1
702	7	842.72	1	2	-1
702	7	897.6	1	2	-1
702	7	895.28	1	2	-1
702	7	1008.5	1	2	-1
702	7	859.71	1	2	-1
702	7	1274.3	1	2	-1
702	7	1040.3	1	2	-1
702	7	1764.7	0	2	-1
702	7	942.37	1	2	-1
702	7	1546.8	1	2	-1
702	7	1031.4	1	2	-1
702	7	926.23	1	2	-1
702	7	1793.4	1	2	-1
702	7	803.7	1	2	-1
702	7	1015.3	1	2	-1
702	7	851.61	1	2	-1
702	7	930.93	0	2	-1
702	7	792.83	1	2	-1
702	7	1272.5	1	2	-1
702	7	1480.9	1	2	-1
702	7	961.37	1	2	-1
702	7	1049.4	1	2	-1
702	7	964.01	1	2	-1
702	7	1021.2	1	2	-1
702	7	1082.1	1	2	-1
702	7	786.06	1	2	-1
702	7	1050.6	1	2	-1
702	7	814.01	1	2	-1
702	7	830.94	1	2	-1
702	7	1104.8	1	2	-1
702	7	1277.8	1	2	-1
702	7	867.69	1	2	-1
702	7	964.9	1	2	-1
702	7	1307.3	1	2	-1
702	7	1899.9	1	2	-1
702	7	1086.2	1	2	-1
702	7	1005.2	1	2	-1
702	7	1362.4	1	2	-1
702	7	929.15	1	2	-1
702	7	884.49	1	2	-1
702	7	988.99	1	2	-1
702	7	795.33	1	2	-1
702	7	978.54	1	2	-1
702	7	753.03	1	2	-1
702	7	873.85	1	2	-1
702	7	1012.2	1	2	-1
702	7	789.21	1	2	-1
702	7	1218.7	1	2	-1
702	7	937.77	1	2	-1
702	7	833.18	1	2	-1
702	7	913.03	1	2	-1
702	7	873.18	1	2	-1
702	7	919.57	1	2	-1
702	7	1285.6	1	2	-1
702	7	859.27	1	2	-1
702	7	958.05	1	2	-1
702	7	939.91	1	2	-1
702	7	912.31	1	2	-1
702	7	1014.3	1	2	-1
702	7	967.24	1	2	-1
702	7	1156.1	1	2	-1
702	7	828.99	1	2	-1
702	7	657.68	1	2	-1
702	7	1115.3	1	2	-1
702	7	773.2	1	2	-1
702	7	1134.2	0	2	-1
702	7	1290.4	1	2	-1
702	7	826.83	1	2	-1
702	7	1008.1	1	2	-1
702	7	904.31	1	2	-1
702	7	1035.3	1	2	-1
702	7	939.5	1	2	-1
702	7	890.73	1	2	-1
702	7	1373.6	1	2	-1
702	7	947.95	1	2	-1
702	7	1060.4	1	2	-1
702	7	904.1	1	2	-1
702	7	1030	1	2	-1
702	7	1012.1	1	2	-1
702	7	762	1	2	-1
702	7	868.34	1	2	-1
702	7	850.11	1	2	-1
702	7	868.66	1	2	-1
702	7	951.85	1	2	-1
702	7	1500.4	1	2	-1
702	7	1082.7	1	2	-1
702	7	1231.9	1	2	-1
702	7	874.31	1	2	-1
702	7	891.51	1	2	-1
702	7	821.76	1	2	-1
702	7	881.05	1	2	-1
702	7	920.47	1	2	-1
702	7	818.31	1	2	-1
702	7	924.36	1	2	-1
702	7	954.5	1	2	-1
702	7	1576.9	1	2	-1
702	7	1047.4	1	2	-1
702	7	918.38	1	2	-1
702	7	859.58	1	2	-1
702	7	942.99	1	2	-1
702	7	1153.7	1	2	-1
702	7	1035.1	1	2	-1
702	7	980.03	1	2	-1
702	7	1126	1	2	-1
702	7	1267.8	1	2	-1
702	7	914.85	1	2	-1
702	7	857.18	1	2	-1
702	7	797.45	1	2	-1
702	7	947.67	1	2	-1
702	7	1138.3	1	2	-1
702	7	887.32	1	2	-1
702	7	1922.4	1	2	-1
702	7	872.5	1	2	-1
702	7	804.19	1	2	-1
702	7	872.32	1	2	-1
702	7	739.76	1	2	-1
702	7	913.67	1	2	-1
702	7	1080.7	1	2	-1
702	7	818.64	1	2	-1
702	7	871.03	1	2	-1
702	7	1020.6	1	2	-1
702	7	877.05	1	2	-1
702	7	700.67	1	2	-1
702	7	982.3	1	2	-1
702	7	807.87	1	2	-1
702	7	834.62	1	2	-1
702	7	657.99	1	2	-1
702	7	700.35	1	2	-1
702	7	755.51	1	2	-1
702	7	902.24	1	2	-1
702	7	1024.2	1	2	-1
702	7	928	1	2	-1
702	7	877.42	1	2	-1
702	7	864.85	1	2	-1
702	7	848.48	1	2	-1
702	7	1141.9	1	2	-1
702	7	889.01	1	2	-1
702	7	884.32	1	2	-1
702	7	1206.2	1	2	-1
702	7	1139.9	1	2	-1
702	7	943.72	1	2	-1
702	7	801.69	1	2	-1
702	7	856.07	1	2	-1
702	7	1019.9	1	2	-1
702	7	993.15	1	2	-1
702	7	992.92	1	2	-1
702	7	942.68	1	2	-1
702	7	923.67	1	2	-1
702	7	922.54	1	2	-1
702	7	836.85	1	2	-1
702	7	1122.3	1	2	-1
702	7	929.46	1	2	-1
702	7	1097.9	1	2	-1
702	7	892.49	1	2	-1
702	7	819.85	1	2	-1
702	7	1021.7	1	2	-1
702	7	880.5	1	2	-1
702	7	726.97	1	2	-1
702	7	755.26	1	2	-1
702	7	712.67	1	2	-1
702	7	967.21	1	2	-1
702	7	795.73	1	2	-1
702	7	1040.2	1	2	-1
702	7	872.07	1	2	-1
702	7	757.23	1	2	-1
702	7	700.1	1	2	-1
702	7	1080.6	1	2	-1
702	7	874.82	1	2	-1
702	7	876	1	2	-1
702	7	1265.6	1	2	-1
702	7	981.3	1	2	-1
702	7	1048.9	1	2	-1
702	7	938.11	1	2	-1
702	7	820.13	1	2	-1
702	7	1000.8	1	2	-1
702	7	714.19	1	2	-1
702	7	928.58	1	2	-1
702	7	1574.4	1	2	-1
702	7	783.55	1	2	-1
702	7	769.52	1	2	-1
702	7	1028.9	1	2	-1
702	7	840.94	1	2	-1
702	7	1038.2	1	2	-1
702	7	998.77	1	2	-1
702	7	884.3	1	2	-1
702	7	779.55	1	2	-1
702	7	765.83	1	2	-1
702	7	895.6	1	2	-1
702	7	881.96	1	2	-1
702	7	819.06	1	2	-1
702	7	768.62	1	2	-1
702	7	758.57	1	2	-1
702	7	817.38	1	2	-1
702	7	672.06	1	2	-1
702	7	775.96	1	2	-1
702	7	678.34	1	2	-1
702	7	854.35	1	2	-1
702	7	871.35	1	2	-1
702	7	1295.3	1	2	-1
702	7	876.42	1	2	-1
702	7	1247.9	1	2	-1
702	7	796	1	2	-1
702	7	1118.7	1	2	-1
702	7	755.82	1	2	-1
702	7	825.1	1	2	-1
702	7	708.04	1	2	-1
702	7	726.13	1	2	-1
702	7	837.72	1	2	-1
702	7	1044.3	1	2	-1
702	7	665.35	1	2	-1
702	7	649.07	1	2	-1
702	7	900.86	1	2	-1
702	7	774.15	1	2	-1
702	7	725.84	1	2	-1
702	7	689.72	1	2	-1
702	7	748.07	1	2	-1
702	7	753.84	1	2	-1
702	7	768.08	1	2	-1
702	7	1142.7	1	2	-1
702	7	989.7	1	2	-1
702	7	807.72	1	2	-1
702	7	732.96	1	2	-1
702	7	880.61	1	2	-1
702	7	680.13	1	2	-1
702	7	720.11	1	2	-1
702	7	936.72	1	2	-1
702	7	728.16	1	2	-1
702	7	891.4	1	2	-1
702	7	1046.7	1	2	-1
702	7	734.82	1	2	-1
702	7	1230.9	1	2	-1
702	7	972.19	1	2	-1
702	7	592.34	1	2	-1
702	7	855.09	1	2	-1
702	7	1100.5	1	2	-1
702	7	656.6	1	2	-1
702	7	1150.2	1	2	-1
702	7	1858.1	1	2	-1
702	7	683	1	2	-1
702	7	642.58	1	2	-1
702	7	807.75	1	1	-1
702	7	717.78	1	1	-1
702	7	949.98	1	1	-1
702	7	731.98	1	1	-1
702	7	802.79	0	1	-1
702	7	1337	1	1	-1
702	7	1264.3	0	1	-1
702	7	734.32	1	1	-1
702	7	951.5	1	1	-1
702	7	1091.8	1	1	-1
702	7	1237.9	1	1	-1
702	7	1149	1	1	-1
702	7	1298.2	1	1	-1
702	7	830.19	1	1	-1
702	7	1198.3	1	1	-1
702	7	1538.6	1	1	-1
702	7	1167	1	1	-1
702	7	1143.5	1	1	-1
702	7	1262	1	1	-1
702	7	1091.7	1	1	-1
702	7	856.24	1	1	-1
702	7	1221.7	1	1	-1
702	7	1090.9	1	1	-1
702	7	1617	1	1	-1
702	7	961.99	1	1	-1
702	7	1251	1	1	-1
702	7	1796.3	1	1	-1
702	7	1209.4	0	1	-1
702	7	1987.7	1	1	-1
702	7	1399.8	1	1	-1
702	7	1135.8	1	1	-1
702	7	1956	1	1	-1
702	7	1220.7	1	1	-1
702	7	996.09	1	1	-1
702	7	1790.9	1	1	-1
702	7	1828	1	1	-1
702	7	1189.5	1	1	-1
702	7	1361.9	1	1	-1
702	7	1546.2	1	1	-1
702	7	1659	1	1	-1
702	7	1190.9	1	1	-1
702	7	1462	1	1	-1
702	7	1200.8	1	1	-1
702	7	1220.5	1	1	-1
702	7	1084.4	1	1	-1
702	7	1348.5	1	1	-1
702	7	1281.5	1	1	-1
702	7	982.23	1	1	-1
702	7	1026.2	1	1	-1
702	7	2167.4	1	1	-1
702	7	1031.7	1	1	-1
702	7	937.04	1	1	-1
702	7	983.69	1	1	-1
702	7	792.14	1	1	-1
702	7	805.43	1	1	-1
702	7	1132.8	1	1	-1
702	7	1017.9	1	1	-1
702	7	659.79	1	1	-1
702	7	1635.5	1	1	-1
702	7	1313	1	1	-1
702	7	1565	1	1	-1
702	7	838.49	1	1	-1
702	7	1520.7	1	1	-1
702	7	1287.4	1	1	-1
702	7	931.21	1	1	-1
702	7	1006.7	1	1	-1
702	7	1620	1	1	-1
702	7	1189.5	1	1	-1
702	7	1081.5	1	1	-1
702	7	1575.9	1	1	-1
702	7	1173.9	1	1	-1
702	7	1169.2	1	1	-1
702	7	1197.3	1	1	-1
702	7	1524.6	1	1	-1
702	7	1476.4	1	1	-1
702	7	1229.3	0	1	-1
702	7	945.77	1	1	-1
702	7	1078.2	1	1	-1
702	7	997.86	1	1	-1
702	7	996.8	1	1	-1
702	7	1149.5	1	1	-1
702	7	1203.9	1	1	-1
702	7	894.38	1	1	-1
702	7	1842.9	1	1	-1
702	7	948.21	1	1	-1
702	7	1112.8	1	1	-1
702	7	1473.3	1	1	-1
702	7	979.93	1	1	-1
702	7	1258.8	1	1	-1
702	7	1146.9	1	1	-1
702	7	1051.4	1	1	-1
702	7	902.05	1	1	-1
702	7	826.22	1	1	-1
702	7	919.29	0	1	-1
702	7	906.21	1	1	-1
702	7	990.13	1	1	-1
702	7	1010.4	1	1	-1
702	7	819.38	1	1	-1
702	7	768.62	1	1	-1
702	7	801.14	1	1	-1
702	7	974.62	1	1	-1
702	7	1065.5	1	1	-1
702	7	888.02	1	1	-1
702	7	857.6	1	1	-1
702	7	1347.4	1	1	-1
702	7	878.71	1	1	-1
702	7	1673.7	1	1	-1
702	7	1129.2	1	1	-1
702	7	1480.3	1	1	-1
702	7	1303.2	1	1	-1
702	7	1017.6	1	1	-1
702	7	852.66	1	1	-1
702	7	1333.5	1	1	-1
702	7	862.99	1	1	-1
702	7	1090.9	1	1	-1
702	7	1477.1	1	1	-1
702	7	1046.2	1	1	-1
702	7	1125.6	0	1	-1
702	7	1839	1	1	-1
702	7	820.05	1	1	-1
702	7	1062.9	1	1	-1
702	7	1046.3	1	1	-1
702	7	816.41	1	1	-1
702	7	1097.5	1	1	-1
702	7	797.08	1	1	-1
702	7	1102.6	1	1	-1
702	7	968.49	1	1	-1
702	7	952.84	1	1	-1
702	7	1234.7	1	1	-1
702	7	1151.1	1	1	-1
702	7	1151.3	1	1	-1
702	7	1211.2	1	1	-1
702	7	814.33	1	1	-1
702	7	1145.4	1	1	-1
702	7	1159.7	1	1	-1
702	7	1836.7	1	1	-1
702	7	1052.2	1	1	-1
702	7	918.29	1	1	-1
702	7	856.49	1	1	-1
702	7	1053.5	1	1	-1
702	7	841.87	1	1	-1
702	7	1109	1	1	-1
702	7	1109.5	1	1	-1
702	7	942.26	1	1	-1
702	7	1088.5	1	1	-1
702	7	1163.4	1	1	-1
702	7	778.59	1	1	-1
702	7	1378	1	1	-1
702	7	990.43	1	1	-1
702	7	1632.4	1	1	-1
702	7	1125.4	1	1	-1
702	7	1430.2	1	1	-1
702	7	929.81	1	1	-1
702	7	938.78	1	1	-1
702	7	932.07	1	1	-1
702	7	1269.7	1	1	-1
702	7	986.55	1	1	-1
702	7	789.68	1	1	-1
702	7	784.45	1	1	-1
702	7	888	1	1	-1
702	7	1304.4	1	1	-1
702	7	1109.5	1	1	-1
702	7	1014	1	1	-1
702	7	811.75	1	1	-1
702	7	1014.7	1	1	-1
702	7	890.91	1	1	-1
702	7	903.53	1	1	-1
702	7	944.01	1	1	-1
702	7	1100.3	1	1	-1
702	7	1072.5	1	1	-1
702	7	1254.3	1	1	-1
702	7	870.59	1	1	-1
702	7	923.24	1	1	-1
702	7	1877.9	1	1	-1
702	7	954.58	1	1	-1
702	7	737.1	1	1	-1
702	7	1104.5	1	1	-1
702	7	1161.6	1	1	-1
702	7	980.6	1	1	-1
702	7	913.56	1	1	-1
702	7	825.34	1	1	-1
702	7	761.91	1	1	-1
702	7	900.65	1	1	-1
702	7	983.37	1	1	-1
702	7	1031.1	1	1	-1
702	7	1130.9	1	1	-1
702	7	822.94	1	1	-1
702	7	844.48	1	1	-1
702	7	934.46	1	1	-1
702	7	917.64	1	1	-1
702	7	937.64	1	1	-1
702	7	767.41	1	1	-1
702	7	842.19	1	1	-1
702	7	958.88	1	1	-1
702	7	825.91	1	1	-1
702	7	1253.2	1	1	-1
702	7	877.31	1	1	-1
702	7	756.12	1	1	-1
702	7	944.25	1	1	-1
702	7	888.3	1	1	-1
702	7	875.75	1	1	-1
702	7	871.45	1	1	-1
702	7	807.87	1	1	-1
702	7	1023.8	1	1	-1
702	7	956.68	1	1	-1
702	7	1111.6	1	1	-1
702	7	983.59	1	1	-1
702	7	838.22	1	1	-1
702	7	889.68	1	1	-1
702	7	850.04	1	1	-1
702	7	1096.4	1	1	-1
702	7	1344.2	1	1	-1
702	7	1531	1	1	-1
702	7	1269.5	1	1	-1
702	7	1300.7	1	1	-1
702	7	1023.7	1	1	-1
702	7	1737.2	1	1	-1
702	7	1075.8	1	1	-1
702	7	842.65	1	1	-1
702	7	784.73	1	1	-1
702	7	721.1	1	1	-1
702	7	839.08	1	1	-1
702	7	979.2	1	1	-1
702	7	679.95	1	1	-1
702	7	1045.6	1	1	-1
702	7	863.95	1	1	-1
702	7	1353.1	1	1	-1
702	7	931.96	1	1	-1
702	7	982.22	1	1	-1
702	7	1030.6	1	1	-1
702	7	762.53	1	1	-1
702	7	922.32	1	1	-1
702	7	856.56	1	1	-1
702	7	947.27	1	1	-1
702	7	1272.4	1	1	-1
702	7	911.03	1	1	-1
702	7	789.28	1	1	-1
702	7	1040.5	1	1	-1
702	7	1310.3	1	1	-1
702	7	1170.4	1	1	-1
702	7	874.68	1	1	-1
702	7	1003.7	1	1	-1
702	7	963.19	1	1	-1
702	7	794.94	1	1	-1
702	7	961.06	1	1	-1
702	7	860.41	1	1	-1
702	7	716.19	1	1	-1
702	7	925.45	1	1	-1
702	7	827.02	1	1	-1
702	7	667.28	1	1	-1
702	7	1024	1	1	-1
702	7	804.72	1	1	-1
702	7	1042.8	1	1	-1
702	7	761.96	1	1	-1
702	7	827.14	1	1	-1
702	7	759.33	1	1	-1
702	7	1154.2	1	1	-1
702	7	937.4	1	1	-1
702	7	874.77	1	1	-1
702	7	806.34	1	1	-1
702	7	883.76	1	1	-1
702	7	843.72	1	1	-1
702	7	913.88	1	1	-1
702	7	1171.3	1	1	-1
702	7	944.57	1	1	-1
702	7	757.22	1	1	-1
702	7	963.97	1	1	-1
702	7	771	1	1	-1
702	7	864.08	1	1	-1
702	7	1175.7	1	1	-1
702	7	886.93	1	1	-1
702	7	847.98	1	1	-1
702	7	975.77	1	1	-1
702	7	840.26	1	1	-1
702	7	968.85	1	1	-1
702	7	1552.9	0	1	-1
702	7	808.6	1	1	-1
702	7	1385.7	1	1	-1
702	7	787.53	1	1	-1
702	7	851.4	1	1	-1
702	7	924.82	1	1	-1
702	7	785.38	1	1	-1
702	7	908.32	1	1	-1
702	7	854.34	1	1	-1
702	7	1048.2	1	1	-1
702	7	990.65	1	1	-1
702	7	915.45	1	1	-1
702	7	804.55	1	1	-1
702	7	878.53	1	1	-1
702	7	1243.7	1	1	-1
702	7	739.62	1	1	-1
702	7	1333.8	1	1	-1
702	7	1060.9	1	1	-1
702	7	909.2	1	1	-1
702	7	1101.7	1	1	-1
702	7	699.82	1	1	-1
702	7	621.39	1	1	-1
702	7	947.91	1	1	-1
702	7	923.44	1	1	-1
702	7	807.15	1	1	-1
702	7	756.22	1	1	-1
702	7	700.25	1	1	-1
702	7	907.89	1	1	-1
702	7	747.57	1	1	-1
702	7	1287.8	1	1	-1
702	7	833.75	1	1	-1
702	7	697.12	1	1	-1
702	7	779.05	1	1	-1
702	7	806.15	1	1	-1
702	7	941.72	1	1	-1
702	7	1118.8	1	1	-1
702	7	874.7	1	1	-1
702	7	963.22	1	1	-1
702	7	905.22	1	1	-1
702	7	807.75	1	1	-1
702	7	887.66	1	1	-1
702	7	642.97	1	1	-1
702	7	590.07	1	1	-1
702	7	668.29	1	1	-1
702	7	758.22	1	1	-1
702	7	657.78	1	1	-1
702	7	748.94	1	1	-1
702	7	716.36	1	1	-1
702	7	990.16	1	1	-1
702	7	938.15	1	1	-1
702	7	668.53	1	1	-1
702	7	797.09	1	1	-1
702	7	772.52	1	1	-1
702	7	1021.3	1	1	-1
702	7	735.51	1	1	-1
702	7	783.58	1	1	-1
702	7	740.62	1	1	-1
702	7	1055	1	1	-1
702	7	1058.2	1	1	-1
702	7	901.52	1	1	-1
702	7	778.4	1	1	-1
702	7	1130.2	1	1	-1
702	7	997.19	1	1	-1
702	7	846.1	1	1	-1
702	7	834.17	1	1	-1
702	7	970.82	1	1	-1
702	7	817.74	1	1	-1
702	7	1052.2	1	1	-1
702	7	1166	1	1	-1
702	7	665.43	1	1	-1
702	7	737.99	1	1	-1
702	7	680.86	1	1	-1
702	7	732.61	1	1	-1
702	7	1058.6	1	1	-1
702	7	845.13	1	1	-1
702	7	774.16	0	-1	2
702	7	602.32	0	-1	2
702	7	746.54	0	-1	2
702	7	798.46	1	-1	2
702	7	670.51	1	-1	2
702	7	794.39	0	-1	2
702	7	771.77	1	-1	2
702	7	882.06	0	-1	2
702	7	922.64	1	-1	2
702	7	809.07	1	-1	2
702	7	961.31	1	-1	2
702	7	999.59	1	-1	2
702	7	683.73	1	-1	2
702	7	1284.7	0	-1	2
702	7	1551.3	0	-1	2
702	7	889.32	1	-1	2
702	7	1279.1	1	-1	2
702	7	886	1	-1	2
702	7	1118.4	0	-1	2
702	7	924.87	1	-1	2
702	7	953.17	1	-1	2
702	7	864.36	1	-1	2
702	7	798.1	1	-1	2
702	7	692.26	1	-1	2
702	7	617.7	1	-1	2
702	7	999.92	1	-1	2
702	7	749.12	1	-1	2
702	7	972.7	1	-1	2
702	7	1908.9	1	-1	2
702	7	776.11	1	-1	2
702	7	876.08	1	-1	2
702	7	774.08	1	-1	2
702	7	871.34	1	-1	2
702	7	1029.4	0	-1	2
702	7	1395.9	1	-1	2
702	7	1064.9	1	-1	2
702	7	1108	1	-1	2
702	7	1460	1	-1	2
702	7	1216.7	0	-1	2
702	7	938.23	1	-1	2
702	7	954.94	1	-1	2
702	7	738.88	1	-1	2
702	7	1479.2	1	-1	2
702	7	1442.7	1	-1	2
702	7	1013.2	1	-1	2
702	7	864.13	1	-1	2
702	7	798.38	1	-1	2
702	7	793.31	1	-1	2
702	7	733.86	1	-1	2
702	7	742.07	1	-1	2
702	7	763.7	1	-1	2
702	7	666.03	1	-1	2
702	7	899.22	1	-1	2
702	7	689.59	1	-1	2
702	7	1052.1	1	-1	2
702	7	617.72	1	-1	2
702	7	491.63	1	-1	2
702	7	1037	1	-1	2
702	7	630.67	1	-1	2
702	7	1206.5	1	-1	2
702	7	628.77	1	-1	2
702	7	1218.6	1	-1	2
702	7	874.49	1	-1	2
702	7	654.73	1	-1	2
702	7	949.02	1	-1	2
702	7	697.83	1	-1	2
702	7	893.83	1	-1	2
702	7	710.95	1	-1	2
702	7	689.53	1	-1	2
702	7	784.14	1	-1	2
702	7	693.32	1	-1	2
702	7	1990.8	1	-1	2
702	7	2440.9	0	-1	2
702	7	1453.1	1	-1	2
702	7	1247.2	1	-1	2
702	7	1405.6	1	-1	2
702	7	1153.1	1	-1	2
702	7	850.18	1	-1	2
702	7	741.19	1	-1	2
702	7	628.16	1	-1	2
702	7	590.75	1	-1	2
702	7	1067.6	1	-1	2
702	7	804.21	1	-1	2
702	7	701.68	1	-1	2
702	7	1486.4	1	-1	2
702	7	747.62	1	-1	2
702	7	731.41	1	-1	2
702	7	809.58	1	-1	2
702	7	1050.3	1	-1	2
702	7	1609	1	-1	2
702	7	793.92	1	-1	2
702	7	624.4	1	-1	2
702	7	686.47	1	-1	2
702	7	1775.2	1	-1	2
702	7	670.58	1	-1	2
702	7	666.42	1	-1	2
702	7	627.31	1	-1	2
702	7	705.17	1	-1	2
702	7	740.91	1	-1	2
702	7	620.46	1	-1	2
702	7	1299.2	0	-1	2
702	7	977.33	1	-1	2
702	7	757.06	1	-1	2
702	7	972.13	1	-1	2
702	7	744.61	1	-1	2
702	7	751.42	1	-1	2
702	7	973.89	1	-1	2
702	7	593.72	1	-1	2
702	7	783.84	1	-1	2
702	7	806.18	1	-1	2
702	7	672.13	1	-1	2
702	7	911.02	1	-1	2
702	7	880.16	1	-1	2
702	7	1331.6	1	-1	2
702	7	1127.8	0	-1	2
702	7	1436.9	1	-1	2
702	7	984.18	1	-1	2
702	7	1559.9	1	-1	2
702	7	1498.3	1	-1	2
702	7	1075.6	1	-1	2
702	7	807.28	1	-1	2
702	7	919.49	1	-1	2
702	7	879.64	1	-1	2
702	7	912.73	1	-1	2
702	7	696.01	1	-1	2
702	7	588.25	1	-1	2
702	7	760.31	1	-1	2
702	7	865.32	1	-1	2
702	7	705.97	1	-1	2
702	7	1266	0	-1	2
702	7	542.13	1	-1	2
702	7	638.3	1	-1	2
702	7	1123.8	1	-1	2
702	7	1041.8	1	-1	2
702	7	614.24	1	-1	2
702	7	832.53	1	-1	2
702	7	589.58	1	-1	2
702	7	604.81	1	-1	2
702	7	974	1	-1	2
702	7	629.05	1	-1	2
702	7	671.46	1	-1	2
702	7	713.13	1	-1	2
702	7	1037.8	1	-1	2
702	7	625.4	1	-1	2
702	7	715.79	1	-1	2
702	7	671.46	1	-1	2
702	7	565.93	1	-1	2
702	7	1288.5	1	-1	2
702	7	847.13	1	-1	2
702	7	986.87	1	-1	2
702	7	911	1	-1	2
702	7	824.62	1	-1	2
702	7	686.9	1	-1	2
702	7	574.84	1	-1	2
702	7	867.9	1	-1	2
702	7	689.45	1	-1	2
702	7	667.22	1	-1	2
702	7	919.71	1	-1	2
702	7	667.86	1	-1	2
702	7	766.22	1	-1	2
702	7	598.43	1	-1	2
702	7	684.69	1	-1	2
702	7	1060.2	1	-1	2
702	7	986.17	1	-1	2
702	7	795.49	1	-1	2
702	7	956.4	1	-1	2
702	7	1008.9	1	-1	2
702	7	728.65	1	-1	2
702	7	787	1	-1	2
702	7	717.25	1	-1	2
702	7	712.26	1	-1	2
702	7	652.49	1	-1	2
702	7	691.78	1	-1	2
702	7	743.89	1	-1	2
702	7	629.22	1	-1	2
702	7	733.91	1	-1	2
702	7	1010	1	-1	2
702	7	1253.9	1	-1	2
702	7	635.89	1	-1	2
702	7	616.46	1	-1	2
702	7	1195.2	1	-1	2
702	7	917.63	1	-1	2
702	7	674.48	1	-1	2
702	7	620.63	1	-1	2
702	7	830.72	1	-1	2
702	7	1145.9	1	-1	2
702	7	680.35	1	-1	2
702	7	974.11	1	-1	2
702	7	665.33	1	-1	2
702	7	637.13	1	-1	2
702	7	781.77	1	-1	2
702	7	1302.4	1	-1	2
702	7	688.93	1	-1	2
702	7	2083.5	0	-1	2
702	7	1158.2	1	-1	2
702	7	970.72	1	-1	2
702	7	798.13	1	-1	2
702	7	1831.7	1	-1	2
702	7	880.89	1	-1	2
702	7	718.2	1	-1	2
702	7	2071.3	1	-1	2
702	7	878.5	1	-1	2
702	7	744.2	1	-1	2
702	7	1742.6	1	-1	2
702	7	697.67	1	-1	2
702	7	614.82	1	-1	2
702	7	602.46	1	-1	2
702	7	566.84	1	-1	2
702	7	1598	1	-1	2
702	7	731.99	1	-1	2
702	7	648.36	1	-1	2
702	7	800.85	1	-1	2
702	7	700.22	1	-1	2
702	7	1277.6	1	-1	2
702	7	640	1	-1	2
702	7	649.95	1	-1	2
702	7	660.23	1	-1	2
702	7	1655.7	1	-1	2
702	7	654.01	1	-1	2
702	7	641.25	1	-1	2
702	7	679.81	1	-1	2
702	7	667.93	1	-1	2
702	7	742.48	1	-1	2
702	7	733.46	1	-1	2
702	7	1325	1	-1	2
702	7	880.34	1	-1	2
702	7	712.65	1	-1	2
702	7	861.26	1	-1	2
702	7	676.6	1	-1	2
702	7	665.65	1	-1	2
702	7	954.18	1	-1	2
702	7	606.6	1	-1	2
702	7	992.83	1	-1	2
702	7	672.92	1	-1	2
702	7	565.59	1	-1	2
702	7	907.42	1	-1	2
702	7	650.51	1	-1	2
702	7	636	1	-1	2
702	7	927.86	1	-1	2
702	7	672.7	1	-1	2
702	7	645.67	1	-1	2
702	7	952.94	1	-1	2
702	7	1045.5	1	-1	2
702	7	718.84	1	-1	2
702	7	708.93	1	-1	2
702	7	963.57	1	-1	2
702	7	1342.5	1	-1	2
702	7	791.27	1	-1	2
702	7	1545.2	1	-1	2
702	7	894.15	1	-1	2
702	7	937.33	1	-1	2
702	7	651.29	1	-1	2
702	7	1343.7	1	-1	2
702	7	593.41	1	-1	2
702	7	1397.2	1	-1	2
702	7	734.27	1	-1	2
702	7	951.27	1	-1	2
702	7	965.13	1	-1	2
702	7	676.9	1	-1	2
702	7	619.34	1	-1	2
702	7	1223.4	1	-1	2
702	7	606.89	1	-1	2
702	7	627.26	1	-1	2
702	7	848.33	1	-1	2
702	7	582.61	1	-1	2
702	7	668.91	1	-1	2
702	7	549.78	1	-1	2
702	7	733.56	1	-1	2
702	7	1528.2	1	-1	2
702	7	1075	1	-1	2
702	7	621.02	1	-1	2
702	7	835.21	1	-1	2
702	7	722.45	1	-1	2
702	7	717.36	1	-1	2
702	7	586.58	1	-1	2
702	7	666.02	1	-1	2
702	7	658.24	1	-1	2
702	7	670.25	1	-1	2
702	7	877.15	1	-1	2
702	7	727.57	1	-1	2
702	7	697.95	1	-1	2
702	7	735.18	1	-1	2
702	7	657.87	1	-1	2
702	7	959.3	1	-1	2
702	7	807.11	1	-1	2
702	7	783.78	1	-1	2
702	7	793	1	-1	2
702	7	1496.7	1	-1	2
702	7	694.92	1	-1	2
702	7	782.55	1	-1	2
702	7	631.89	1	-1	2
702	7	651.31	1	-1	2
702	7	655.24	1	-1	2
702	7	845.79	1	-1	2
702	7	1012.4	1	-1	2
702	7	767.57	1	-1	2
702	7	713.85	1	-1	2
702	7	1487.1	1	-1	2
702	7	631.14	1	-1	2
702	7	703.28	1	-1	2
702	7	1517.1	1	-1	2
702	7	613.68	1	-1	2
702	7	668.7	1	-1	2
702	7	672.38	1	-1	2
702	7	1168.6	1	-1	2
702	7	695.02	1	-1	2
702	7	550.55	1	-1	2
702	7	663.24	1	-1	2
702	7	650.08	1	-1	2
702	7	609.5	1	-1	2
702	7	658.18	1	-1	2
702	7	1016.2	1	-1	2
702	7	821.03	1	-1	2
702	7	675.24	1	-1	2
702	7	705.74	1	-1	2
702	7	710.87	1	-1	2
702	7	735.43	1	-1	2
702	7	844.68	1	-1	2
702	7	810.14	1	-1	2
702	7	1000.9	1	-1	2
702	7	656.87	1	-1	2
702	7	1098.6	1	-1	2
702	7	697.69	1	-1	2
702	7	654.21	1	-1	2
702	7	668.46	1	-1	2
702	7	812.48	1	-1	2
702	7	783.23	1	-1	2
702	7	703.92	1	-1	2
702	7	776.1	1	-1	2
702	7	752.59	1	-1	2
702	7	691.24	1	-1	2
702	7	835.7	1	-1	2
702	7	632.34	1	-1	2
702	7	836.6	1	-1	2
702	7	925.04	1	-1	2
702	7	635.58	1	-1	2
702	7	783.75	1	-1	2
702	7	898.15	1	-1	2
702	7	705.02	1	-1	2
702	7	659.73	1	-1	2
702	7	699.06	1	-1	2
702	7	851.01	1	-1	2
702	7	720.26	1	-1	2
702	7	833.72	1	-1	2
702	7	873.4	1	-1	2
702	7	722.83	1	-1	2
702	7	636.66	1	-1	2
702	7	910.24	1	-1	2
702	7	892.68	1	-1	2
702	7	613.42	1	-1	2
702	7	503.02	1	-1	1
702	7	1054.2	0	-1	1
702	7	1517.8	1	-1	1
702	7	1097.4	1	-1	1
702	7	828.42	1	-1	1
702	7	834.92	1	-1	1
702	7	885.29	1	-1	1
702	7	670.81	1	-1	1
702	7	775.39	1	-1	1
702	7	1433.7	1	-1	1
702	7	955.33	1	-1	1
702	7	827.32	1	-1	1
702	7	928.79	1	-1	1
702	7	943.23	1	-1	1
702	7	784.29	1	-1	1
702	7	967.57	1	-1	1
702	7	692.55	1	-1	1
702	7	1119.6	1	-1	1
702	7	772.69	1	-1	1
702	7	548.15	1	-1	1
702	7	991.55	1	-1	1
702	7	1009.1	1	-1	1
702	7	1280.9	1	-1	1
702	7	1164.4	1	-1	1
702	7	634.23	1	-1	1
702	7	828.93	1	-1	1
702	7	696.85	1	-1	1
702	7	916.87	1	-1	1
702	7	761.04	1	-1	1
702	7	1219.8	1	-1	1
702	7	1095.8	1	-1	1
702	7	753.46	1	-1	1
702	7	877.17	1	-1	1
702	7	888.41	1	-1	1
702	7	1097.7	1	-1	1
702	7	1135.9	1	-1	1
702	7	768.75	1	-1	1
702	7	846.04	1	-1	1
702	7	2014.8	1	-1	1
702	7	763.59	1	-1	1
702	7	1017.9	1	-1	1
702	7	732.81	1	-1	1
702	7	1034.7	1	-1	1
702	7	2140.6	1	-1	1
702	7	1062.6	1	-1	1
702	7	1337	1	-1	1
702	7	965.65	1	-1	1
702	7	1219.4	1	-1	1
702	7	1922.7	1	-1	1
702	7	1092.3	1	-1	1
702	7	724.52	1	-1	1
702	7	734.04	1	-1	1
702	7	600.19	1	-1	1
702	7	661.07	1	-1	1
702	7	709.41	1	-1	1
702	7	1273.9	1	-1	1
702	7	774.83	1	-1	1
702	7	657.43	1	-1	1
702	7	659.28	1	-1	1
702	7	545	1	-1	1
702	7	728.74	1	-1	1
702	7	926.01	1	-1	1
702	7	657.54	1	-1	1
702	7	733.72	1	-1	1
702	7	773.69	1	-1	1
702	7	948.01	0	-1	1
702	7	869.16	1	-1	1
702	7	802.49	1	-1	1
702	7	1264.2	1	-1	1
702	7	996.55	1	-1	1
702	7	600.48	1	-1	1
702	7	699.75	1	-1	1
702	7	1267.4	1	-1	1
702	7	1556.4	0	-1	1
702	7	807.63	1	-1	1
702	7	690.19	1	-1	1
702	7	862.33	1	-1	1
702	7	746.02	1	-1	1
702	7	810.47	1	-1	1
702	7	814.02	1	-1	1
702	7	802.28	1	-1	1
702	7	657.7	1	-1	1
702	7	701.76	1	-1	1
702	7	885.11	1	-1	1
702	7	1885.4	1	-1	1
702	7	744.9	1	-1	1
702	7	811.62	1	-1	1
702	7	661.13	1	-1	1
702	7	1162.3	1	-1	1
702	7	674.42	1	-1	1
702	7	1870	1	-1	1
702	7	560.14	1	-1	1
702	7	862.62	1	-1	1
702	7	1092.3	1	-1	1
702	7	865.9	1	-1	1
702	7	888.48	1	-1	1
702	7	812.37	1	-1	1
702	7	743.48	1	-1	1
702	7	883.02	1	-1	1
702	7	1328	1	-1	1
702	7	1344.1	1	-1	1
702	7	1084.4	1	-1	1
702	7	1648.4	1	-1	1
702	7	1119.5	1	-1	1
702	7	886.95	1	-1	1
702	7	745.99	1	-1	1
702	7	647.1	1	-1	1
702	7	624.95	1	-1	1
702	7	517.5	1	-1	1
702	7	685.73	1	-1	1
702	7	1026.5	0	-1	1
702	7	709.31	1	-1	1
702	7	890.43	1	-1	1
702	7	650.55	1	-1	1
702	7	774.34	1	-1	1
702	7	814.28	1	-1	1
702	7	641.89	1	-1	1
702	7	929.56	1	-1	1
702	7	1239.9	1	-1	1
702	7	1280.2	1	-1	1
702	7	824.59	1	-1	1
702	7	601.53	1	-1	1
702	7	1230	0	-1	1
702	7	661.68	1	-1	1
702	7	1457.7	1	-1	1
702	7	976.33	1	-1	1
702	7	695.38	1	-1	1
702	7	614.62	1	-1	1
702	7	607.5	1	-1	1
702	7	759.88	1	-1	1
702	7	1246	1	-1	1
702	7	1415.7	1	-1	1
702	7	652.01	1	-1	1
702	7	721.83	1	-1	1
702	7	701.26	1	-1	1
702	7	593.76	1	-1	1
702	7	631.89	1	-1	1
702	7	623.82	1	-1	1
702	7	583.13	1	-1	1
702	7	760.52	1	-1	1
702	7	730.46	1	-1	1
702	7	1841.9	1	-1	1
702	7	644.92	1	-1	1
702	7	748.69	1	-1	1
702	7	727.2	1	-1	1
702	7	608.69	1	-1	1
702	7	1165.7	1	-1	1
702	7	632.03	1	-1	1
702	7	1003.8	1	-1	1
702	7	1745.1	1	-1	1
702	7	834.88	1	-1	1
702	7	879.12	1	-1	1
702	7	615.23	1	-1	1
702	7	709.83	1	-1	1
702	7	1219.5	1	-1	1
702	7	624.06	1	-1	1
702	7	702.79	1	-1	1
702	7	682.34	1	-1	1
702	7	537.17	1	-1	1
702	7	1251.4	1	-1	1
702	7	651.93	1	-1	1
702	7	639.21	1	-1	1
702	7	647.1	1	-1	1
702	7	639.69	1	-1	1
702	7	689.31	1	-1	1
702	7	857.25	1	-1	1
702	7	596.36	1	-1	1
702	7	1324.6	1	-1	1
702	7	823.88	1	-1	1
702	7	743.12	1	-1	1
702	7	751.65	1	-1	1
702	7	817.32	1	-1	1
702	7	635.99	1	-1	1
702	7	698.22	1	-1	1
702	7	606.87	1	-1	1
702	7	1162.5	1	-1	1
702	7	1111	1	-1	1
702	7	734.96	1	-1	1
702	7	1355.4	1	-1	1
702	7	783.79	1	-1	1
702	7	1350.6	1	-1	1
702	7	818.03	1	-1	1
702	7	702.65	1	-1	1
702	7	582.35	1	-1	1
702	7	792.94	1	-1	1
702	7	655.92	1	-1	1
702	7	1425	1	-1	1
702	7	886.04	1	-1	1
702	7	631.53	1	-1	1
702	7	692.37	1	-1	1
702	7	586.97	1	-1	1
702	7	1191	1	-1	1
702	7	1945.8	1	-1	1
702	7	838.21	1	-1	1
702	7	766.68	1	-1	1
702	7	718.73	1	-1	1
702	7	709.52	1	-1	1
702	7	1232.8	1	-1	1
702	7	1604.7	1	-1	1
702	7	623.06	1	-1	1
702	7	1531.8	0	-1	1
702	7	665.49	1	-1	1
702	7	706.24	1	-1	1
702	7	752.58	1	-1	1
702	7	1377.3	1	-1	1
702	7	888.61	1	-1	1
702	7	662.72	1	-1	1
702	7	712.88	1	-1	1
702	7	586.22	1	-1	1
702	7	765.87	1	-1	1
702	7	661.26	1	-1	1
702	7	712.4	1	-1	1
702	7	1048.2	1	-1	1
702	7	631.86	1	-1	1
702	7	1435.1	1	-1	1
702	7	717.46	1	-1	1
702	7	617.71	1	-1	1
702	7	723.38	1	-1	1
702	7	583.86	1	-1	1
702	7	668.46	1	-1	1
702	7	1084.2	1	-1	1
702	7	755.01	1	-1	1
702	7	585.07	1	-1	1
702	7	755.55	1	-1	1
702	7	901.22	1	-1	1
702	7	987.72	1	-1	1
702	7	1016.3	1	-1	1
702	7	628.09	1	-1	1
702	7	732.41	1	-1	1
702	7	728.38	1	-1	1
702	7	828.47	1	-1	1
702	7	821.55	1	-1	1
702	7	633.76	1	-1	1
702	7	656.56	1	-1	1
702	7	699.41	1	-1	1
702	7	682.27	1	-1	1
702	7	661.26	1	-1	1
702	7	842.42	1	-1	1
702	7	2376.1	1	-1	1
702	7	1335.2	1	-1	1
702	7	1200.9	1	-1	1
702	7	915	1	-1	1
702	7	1016.5	1	-1	1
702	7	915.09	1	-1	1
702	7	1598.6	1	-1	1
702	7	601.69	1	-1	1
702	7	927.35	1	-1	1
702	7	1507.3	1	-1	1
702	7	873.31	1	-1	1
702	7	1020.1	1	-1	1
702	7	745.82	1	-1	1
702	7	758.84	1	-1	1
702	7	674.59	1	-1	1
702	7	628.9	1	-1	1
702	7	688.72	1	-1	1
702	7	1078.9	1	-1	1
702	7	880.87	1	-1	1
702	7	656.26	1	-1	1
702	7	1119.6	1	-1	1
702	7	1386.9	1	-1	1
702	7	646.78	1	-1	1
702	7	734.1	1	-1	1
702	7	1092.6	1	-1	1
702	7	887.96	1	-1	1
702	7	603	1	-1	1
702	7	639.52	1	-1	1
702	7	583.08	1	-1	1
702	7	1103.5	1	-1	1
702	7	663.46	1	-1	1
702	7	624.1	1	-1	1
702	7	947.56	1	-1	1
702	7	583.79	1	-1	1
702	7	644.46	1	-1	1
702	7	663.39	1	-1	1
702	7	578.02	1	-1	1
702	7	623.79	1	-1	1
702	7	667.81	1	-1	1
702	7	714.5	1	-1	1
702	7	686.27	1	-1	1
702	7	1095.8	1	-1	1
702	7	643.01	1	-1	1
702	7	713.66	1	-1	1
702	7	689.18	1	-1	1
702	7	819.46	1	-1	1
702	7	786.16	1	-1	1
702	7	1663	1	-1	1
702	7	646.44	1	-1	1
702	7	1172.4	1	-1	1
702	7	860.32	1	-1	1
702	7	1081	1	-1	1
702	7	930.95	1	-1	1
702	7	903.9	1	-1	1
702	7	938.53	1	-1	1
702	7	739.21	1	-1	1
702	7	658.07	1	-1	1
702	7	624.31	1	-1	1
702	7	575.54	1	-1	1
702	7	1258.2	1	-1	1
702	7	682.43	1	-1	1
702	7	658.49	1	-1	1
702	7	990.64	1	-1	1
702	7	777.87	1	-1	1
702	7	596.61	1	-1	1
702	7	718.65	1	-1	1
702	7	592.8	1	-1	1
702	7	2637.8	1	-1	1
702	7	949.83	1	-1	1
702	7	1307.1	1	-1	1
702	7	753.43	1	-1	1
702	7	628.63	1	-1	1
702	7	776.43	1	-1	1
702	7	699.61	1	-1	1
702	7	1161.8	1	-1	1
702	7	1201.4	1	-1	1
702	7	1101.7	1	-1	1
702	7	598.57	1	-1	1
702	7	618.06	1	-1	1
702	7	733.75	1	-1	1
702	7	522.48	1	-1	1
702	7	790.22	1	-1	1
702	7	886.22	1	-1	1
702	7	737.86	1	-1	1
702	7	656.06	1	-1	1
702	7	909.68	1	-1	1
702	7	1053.1	1	-1	1
702	7	611.54	1	-1	1
702	7	785.99	1	-1	1
702	7	686.26	1	-1	1
702	7	1373.2	1	-1	1
702	7	576.2	1	-1	1
702	7	889.43	1	-1	1
702	7	597.18	1	-1	1
702	7	604.61	1	-1	1
702	7	1034.4	1	-1	1
702	7	694.32	1	-1	1
702	7	647.34	1	-1	1
702	7	784.46	1	-1	1
702	7	648.55	1	-1	1
702	7	654.04	1	-1	1
702	7	670.9	1	-1	1
702	7	721.82	1	-1	1
702	7	1210.1	1	-1	1
702	7	639.71	1	-1	1
702	7	723.58	1	-1	1
702	7	661.7	1	-1	1
702	7	701.81	1	-1	1
702	7	670.95	1	-1	1
702	7	727.62	1	-1	1
702	7	713.38	1	-1	1
702	7	709.56	1	-1	1
702	7	1283	0	-1	-1
702	7	939.56	0	-1	-1
702	7	908.31	1	-1	-1
702	7	940.2	0	-1	-1
702	7	804.14	1	-1	-1
702	7	913.66	1	-1	-1
702	7	820.91	1	-1	-1
702	7	856.59	1	-1	-1
702	7	754.45	1	-1	-1
702	7	1188.2	1	-1	-1
702	7	741.9	1	-1	-1
702	7	898.44	1	-1	-1
702	7	759.69	1	-1	-1
702	7	728.32	1	-1	-1
702	7	885.43	0	-1	-1
702	7	792.9	1	-1	-1
702	7	743.24	1	-1	-1
702	7	920.88	1	-1	-1
702	7	681.98	1	-1	-1
702	7	757.42	1	-1	-1
702	7	804.35	1	-1	-1
702	7	828.01	1	-1	-1
702	7	770.41	1	-1	-1
702	7	1254.5	1	-1	-1
702	7	794	1	-1	-1
702	7	818.04	1	-1	-1
702	7	674.86	1	-1	-1
702	7	900.72	1	-1	-1
702	7	786.92	1	-1	-1
702	7	1362.8	1	-1	-1
702	7	753.45	1	-1	-1
702	7	861.75	1	-1	-1
702	7	1024.6	1	-1	-1
702	7	766.42	1	-1	-1
702	7	692.97	1	-1	-1
702	7	844.18	1	-1	-1
702	7	1527.3	1	-1	-1
702	7	870.18	1	-1	-1
702	7	910.26	1	-1	-1
702	7	962.1	1	-1	-1
702	7	631	1	-1	-1
702	7	864.87	1	-1	-1
702	7	1530.4	1	-1	-1
702	7	1136.3	1	-1	-1
702	7	669.07	1	-1	-1
702	7	619.16	1	-1	-1
702	7	923.04	1	-1	-1
702	7	1245	1	-1	-1
702	7	765.14	1	-1	-1
702	7	708.32	1	-1	-1
702	7	631.53	1	-1	-1
702	7	607.72	1	-1	-1
702	7	580.39	1	-1	-1
702	7	590.07	1	-1	-1
702	7	518.32	1	-1	-1
702	7	1178.6	1	-1	-1
702	7	711.37	1	-1	-1
702	7	616.22	1	-1	-1
702	7	592.58	1	-1	-1
702	7	697.35	1	-1	-1
702	7	633.83	1	-1	-1
702	7	938.61	1	-1	-1
702	7	621.58	1	-1	-1
702	7	728.22	1	-1	-1
702	7	653.71	1	-1	-1
702	7	659.5	1	-1	-1
702	7	718.77	1	-1	-1
702	7	771.11	1	-1	-1
702	7	643.34	1	-1	-1
702	7	721.75	1	-1	-1
702	7	788.58	1	-1	-1
702	7	747.42	1	-1	-1
702	7	655.02	1	-1	-1
702	7	687.46	1	-1	-1
702	7	737.19	1	-1	-1
702	7	656.87	1	-1	-1
702	7	554.25	1	-1	-1
702	7	692.94	1	-1	-1
702	7	946.93	1	-1	-1
702	7	754.25	1	-1	-1
702	7	689.5	1	-1	-1
702	7	645.52	1	-1	-1
702	7	924.01	1	-1	-1
702	7	810.54	1	-1	-1
702	7	696.73	1	-1	-1
702	7	683.66	1	-1	-1
702	7	797.65	1	-1	-1
702	7	759.8	1	-1	-1
702	7	682.24	1	-1	-1
702	7	859.26	1	-1	-1
702	7	669.41	1	-1	-1
702	7	843.86	1	-1	-1
702	7	1082.8	1	-1	-1
702	7	720.29	1	-1	-1
702	7	843.09	1	-1	-1
702	7	803.76	1	-1	-1
702	7	579.29	1	-1	-1
702	7	628.09	1	-1	-1
702	7	862.38	1	-1	-1
702	7	1033.2	1	-1	-1
702	7	605.76	1	-1	-1
702	7	797.91	1	-1	-1
702	7	787.5	1	-1	-1
702	7	1163.5	1	-1	-1
702	7	712.83	1	-1	-1
702	7	692.31	1	-1	-1
702	7	745.8	1	-1	-1
702	7	970.81	1	-1	-1
702	7	645.72	1	-1	-1
702	7	611.22	1	-1	-1
702	7	681.67	1	-1	-1
702	7	739.28	1	-1	-1
702	7	700.81	1	-1	-1
702	7	701.89	1	-1	-1
702	7	576.01	1	-1	-1
702	7	791.51	1	-1	-1
702	7	921.25	1	-1	-1
702	7	1028.4	1	-1	-1
702	7	706.41	1	-1	-1
702	7	957.84	1	-1	-1
702	7	767.94	1	-1	-1
702	7	578.17	1	-1	-1
702	7	698	1	-1	-1
702	7	1260.5	1	-1	-1
702	7	662.25	1	-1	-1
702	7	597.85	1	-1	-1
702	7	540.63	1	-1	-1
702	7	991.72	1	-1	-1
702	7	628.82	1	-1	-1
702	7	600.38	1	-1	-1
702	7	659.65	1	-1	-1
702	7	676.54	1	-1	-1
702	7	648.74	1	-1	-1
702	7	750.8	1	-1	-1
702	7	560.36	1	-1	-1
702	7	1074.3	1	-1	-1
702	7	563.54	1	-1	-1
702	7	614.79	1	-1	-1
702	7	676.31	1	-1	-1
702	7	713.35	1	-1	-1
702	7	675.72	1	-1	-1
702	7	630.1	1	-1	-1
702	7	731.19	1	-1	-1
702	7	699.94	1	-1	-1
702	7	663.4	1	-1	-1
702	7	1164.5	1	-1	-1
702	7	694.93	1	-1	-1
702	7	1026.1	1	-1	-1
702	7	608.46	1	-1	-1
702	7	1218.9	1	-1	-1
702	7	820.34	1	-1	-1
702	7	635.97	1	-1	-1
702	7	879.18	1	-1	-1
702	7	663.5	1	-1	-1
702	7	642.45	1	-1	-1
702	7	666.6	1	-1	-1
702	7	676.2	1	-1	-1
702	7	752.44	1	-1	-1
702	7	688.01	1	-1	-1
702	7	621.88	1	-1	-1
702	7	717.97	1	-1	-1
702	7	665.98	1	-1	-1
702	7	750.7	1	-1	-1
702	7	653.61	1	-1	-1
702	7	1035.8	1	-1	-1
702	7	880.58	1	-1	-1
702	7	603.31	1	-1	-1
702	7	980.5	1	-1	-1
702	7	1064.1	1	-1	-1
702	7	650.67	1	-1	-1
702	7	795.1	1	-1	-1
702	7	1129.9	1	-1	-1
702	7	681.24	1	-1	-1
702	7	655.13	1	-1	-1
702	7	574.03	1	-1	-1
702	7	823.93	1	-1	-1
702	7	628.21	1	-1	-1
702	7	539.21	1	-1	-1
702	7	653.75	1	-1	-1
702	7	602.41	1	-1	-1
702	7	650.03	1	-1	-1
702	7	829.37	1	-1	-1
702	7	722.2	1	-1	-1
702	7	592.53	1	-1	-1
702	7	1150.1	1	-1	-1
702	7	836.86	1	-1	-1
702	7	1028.8	1	-1	-1
702	7	779.64	1	-1	-1
702	7	645.18	1	-1	-1
702	7	639.49	1	-1	-1
702	7	675.79	1	-1	-1
702	7	674.81	1	-1	-1
702	7	838.65	1	-1	-1
702	7	787.23	1	-1	-1
702	7	738.64	1	-1	-1
702	7	699.87	1	-1	-1
702	7	690.03	1	-1	-1
702	7	694.46	1	-1	-1
702	7	816.05	1	-1	-1
702	7	754.79	1	-1	-1
702	7	697.02	1	-1	-1
702	7	723.85	1	-1	-1
702	7	613.09	1	-1	-1
702	7	780.7	1	-1	-1
702	7	611.14	1	-1	-1
702	7	644.3	1	-1	-1
702	7	797.2	1	-1	-1
702	7	592.22	1	-1	-1
702	7	690.2	1	-1	-1
702	7	753.87	1	-1	-1
702	7	619.47	1	-1	-1
702	7	740.42	1	-1	-1
702	7	893.52	1	-1	-1
702	7	1181.3	1	-1	-1
702	7	950.71	1	-1	-1
702	7	654.85	1	-1	-1
702	7	996.31	1	-1	-1
702	7	1426.7	1	-1	-1
702	7	867.86	1	-1	-1
702	7	829.93	1	-1	-1
702	7	725.07	1	-1	-1
702	7	655.79	1	-1	-1
702	7	675.26	1	-1	-1
702	7	592.1	1	-1	-1
702	7	511.71	1	-1	-1
702	7	633.22	1	-1	-1
702	7	616.08	1	-1	-1
702	7	665.1	1	-1	-1
702	7	675.48	1	-1	-1
702	7	625.45	1	-1	-1
702	7	685.26	1	-1	-1
702	7	698.83	1	-1	-1
702	7	587.62	1	-1	-1
702	7	552.7	1	-1	-1
702	7	550.73	1	-1	-1
702	7	608.69	1	-1	-1
702	7	724.92	1	-1	-1
702	7	594.03	1	-1	-1
702	7	755.07	1	-1	-1
702	7	598.71	1	-1	-1
702	7	654.99	1	-1	-1
702	7	616.58	1	-1	-1
702	7	630.36	1	-1	-1
702	7	653.79	1	-1	-1
702	7	637.24	1	-1	-1
702	7	851.66	1	-1	-1
702	7	691.41	1	-1	-1
702	7	606.05	1	-1	-1
702	7	605.84	1	-1	-1
702	7	760.35	1	-1	-1
702	7	669.9	1	-1	-1
702	7	799.61	1	-1	-1
702	7	719.4	1	-1	-1
702	7	1443.9	1	-1	-1
702	7	832.95	1	-1	-1
702	7	662.75	1	-1	-1
702	7	576.27	1	-1	-1
702	7	572.49	1	-1	-1
702	7	720.35	1	-1	-1
702	7	1323.8	1	-1	-1
702	7	607.1	1	-1	-1
702	7	798.92	1	-1	-1
702	7	638.22	1	-1	-1
702	7	619.32	1	-1	-1
702	7	695.62	1	-1	-1
702	7	698.78	1	-1	-1
702	7	622.52	1	-1	-1
702	7	683.28	1	-1	-1
702	7	602.84	1	-1	-1
702	7	562.34	1	-1	-1
702	7	602.41	1	-1	-1
702	7	599.96	1	-1	-1
702	7	633.04	1	-1	-1
702	7	627.18	1	-1	-1
702	7	544.24	1	-1	-1
702	7	598.4	1	-1	-1
702	7	613.24	1	-1	-1
702	7	686.92	1	-1	-1
702	7	624.72	1	-1	-1
702	7	658.19	1	-1	-1
702	7	731.99	1	-1	-1
702	7	674.44	1	-1	-1
702	7	1226	1	-1	-1
702	7	760.74	1	-1	-1
702	7	787.51	1	-1	-1
702	7	718.45	1	-1	-1
702	7	870.89	1	-1	-1
702	7	700.95	1	-1	-1
702	7	642.74	1	-1	-1
702	7	848.67	1	-1	-1
702	7	1145.4	1	-1	-1
702	7	784.17	1	-1	-1
702	7	782.05	1	-1	-1
702	7	1089	1	-1	-1
702	7	616.48	1	-1	-1
702	7	652.9	1	-1	-1
702	7	853.55	1	-1	-1
702	7	779.66	1	-1	-1
702	7	602.63	1	-1	-1
702	7	656.83	1	-1	-1
702	7	784.98	1	-1	-1
702	7	774.54	1	-1	-1
702	7	740.71	1	-1	-1
702	7	587.88	1	-1	-1
702	7	591.13	1	-1	-1
702	7	639.2	1	-1	-1
702	7	675.89	1	-1	-1
702	7	623.44	1	-1	-1
702	7	663.97	1	-1	-1
702	7	621.57	1	-1	-1
702	7	609.33	1	-1	-1
702	7	615.72	1	-1	-1
702	7	602.39	1	-1	-1
702	7	740.15	1	-1	-1
702	7	606.75	1	-1	-1
702	7	822.26	1	-1	-1
702	7	590.96	1	-1	-1
702	7	1011.8	1	-1	-1
702	7	631.38	1	-1	-1
702	7	561.59	1	-1	-1
702	7	631.63	1	-1	-1
702	7	711.87	1	-1	-1
702	7	565.52	1	-1	-1
702	7	800.13	1	-1	-1
702	7	521.9	1	-1	-1
702	7	650.31	1	-1	-1
702	7	556.86	1	-1	-1
702	7	764.27	1	-1	-1
702	7	654.67	1	-1	-1
702	7	635.48	1	-1	-1
702	7	612.78	1	-1	-1
702	7	774.98	1	-1	-1
702	7	1164.8	1	-1	-1
702	7	729.2	1	-1	-1
702	7	653.51	1	-1	-1
702	7	795.57	1	-1	-1
702	7	674.63	1	-1	-1
702	7	614.71	1	-1	-1
702	7	660.17	1	-1	-1
702	7	735.16	1	-1	-1
702	7	582.47	1	-1	-1
702	7	666.45	1	-1	-1
702	7	660.02	1	-1	-1
702	7	787.18	1	-1	-1
702	7	758.8	1	-1	-1
702	7	655.99	1	-1	-1
702	7	1220.7	1	-1	-1
702	7	692.18	1	-1	-1
702	7	919.15	1	-1	-1
702	7	752.71	1	-1	-1
