504	5	1892	0	2	2
504	5	2334.6	1	2	2
504	5	2542.2	1	2	2
504	5	1056.2	1	2	2
504	5	1330.4	1	2	2
504	5	1048	1	2	2
504	5	1511.7	1	2	2
504	5	753.71	1	2	2
504	5	1169.1	1	2	2
504	5	2051.4	0	2	2
504	5	1625.6	1	2	2
504	5	1342.6	1	2	2
504	5	1429	1	2	2
504	5	2172.8	1	2	2
504	5	1340.4	1	2	2
504	5	842.2	1	2	2
504	5	1643.8	0	2	2
504	5	763.31	0	2	2
504	5	1125.1	1	2	2
504	5	1135.5	1	2	2
504	5	972.66	0	2	2
504	5	1447.4	1	2	2
504	5	1604.3	1	2	2
504	5	1249.7	1	2	2
504	5	1150.4	1	2	2
504	5	980.84	1	2	2
504	5	2433.6	1	2	2
504	5	1000.7	1	2	2
504	5	1483.7	1	2	2
504	5	2896.3	0	2	2
504	5	1168.9	1	2	2
504	5	1366.9	1	2	2
504	5	1197.6	1	2	2
504	5	1482.4	1	2	2
504	5	1342.1	1	2	2
504	5	2399.4	1	2	2
504	5	1537.3	1	2	2
504	5	1856.9	1	2	2
504	5	1256.8	1	2	2
504	5	2416.5	1	2	2
504	5	2334.8	1	2	2
504	5	1316	1	2	2
504	5	1282.8	1	2	2
504	5	1331	1	2	2
504	5	1286.5	1	2	2
504	5	1665.9	1	2	2
504	5	3318.5	1	2	2
504	5	1473.2	1	2	2
504	5	1650.5	1	2	2
504	5	1044.8	1	2	2
504	5	2728.8	1	2	2
504	5	1334.9	1	2	2
504	5	3026.6	0	2	2
504	5	1212.5	0	2	2
504	5	1363.7	1	2	2
504	5	1699.6	1	2	2
504	5	1566.1	0	2	2
504	5	1060.6	1	2	2
504	5	2002.2	1	2	2
504	5	2623.4	1	2	2
504	5	1485.9	1	2	2
504	5	2893	1	2	2
504	5	1822	1	2	2
504	5	2850	1	2	2
504	5	1709.9	1	2	2
504	5	1739	1	2	2
504	5	1110.8	1	2	2
504	5	1522.8	1	2	2
504	5	1196.4	1	2	2
504	5	1104.5	1	2	2
504	5	1405.1	1	2	2
504	5	1602.2	1	2	2
504	5	1314.4	1	2	2
504	5	1853	1	2	2
504	5	2204.6	1	2	2
504	5	2476.3	1	2	2
504	5	1174.8	1	2	2
504	5	1117.1	1	2	2
504	5	1589.7	1	2	2
504	5	1279.3	1	2	2
504	5	1452.3	1	2	2
504	5	861.97	1	2	2
504	5	2194.7	1	2	2
504	5	3436.9	1	2	2
504	5	1579.3	1	2	2
504	5	1034.9	1	2	2
504	5	1681.1	1	2	2
504	5	892.49	1	2	2
504	5	1154.7	1	2	2
504	5	1232.5	1	2	2
504	5	959.68	1	2	2
504	5	1097.7	1	2	2
504	5	974.54	1	2	2
504	5	1530.7	1	2	2
504	5	2577.1	1	2	2
504	5	815.36	1	2	2
504	5	1190	1	2	2
504	5	1035.3	1	2	2
504	5	1538.7	1	2	2
504	5	1446.2	1	2	2
504	5	1857.4	0	2	2
504	5	1074.9	1	2	2
504	5	1552.6	0	2	2
504	5	1180	1	2	2
504	5	911.72	1	2	2
504	5	2464.6	1	2	2
504	5	1088.5	1	2	2
504	5	1391.4	1	2	2
504	5	1114.9	1	2	2
504	5	1586.2	1	2	2
504	5	1279.6	1	2	2
504	5	2586.5	1	2	2
504	5	1413.1	1	2	2
504	5	1071.5	1	2	2
504	5	3575.3	1	2	2
504	5	1488.7	1	2	2
504	5	1131.7	1	2	2
504	5	1478.1	1	2	2
504	5	2163.7	1	2	2
504	5	2322.4	1	2	2
504	5	1674.2	1	2	2
504	5	1196.7	1	2	2
504	5	1006.5	1	2	2
504	5	799.15	1	2	2
504	5	1744.7	1	2	2
504	5	1189.5	1	2	2
504	5	1042.4	1	2	2
504	5	2427.5	0	2	2
504	5	958.07	1	2	2
504	5	1609.8	1	2	2
504	5	1737.2	1	2	2
504	5	2156.5	1	2	2
504	5	913.32	1	2	2
504	5	960.07	1	2	2
504	5	1139.1	1	2	2
504	5	3331.3	1	2	2
504	5	1676.3	1	2	2
504	5	787.16	1	2	2
504	5	2405.4	1	2	2
504	5	1304.3	1	2	2
504	5	1079.8	1	2	2
504	5	1403.6	1	2	2
504	5	958.94	1	2	2
504	5	1142.4	1	2	2
504	5	1065.4	1	2	2
504	5	939.49	1	2	2
504	5	666.6	1	2	2
504	5	676.14	1	2	2
504	5	793.45	1	2	2
504	5	942.23	1	2	2
504	5	1159.2	1	2	2
504	5	934.5	1	2	2
504	5	1253.9	1	2	2
504	5	1097.2	0	2	2
504	5	985.94	1	2	2
504	5	1058.8	1	2	2
504	5	1035.2	1	2	2
504	5	896.67	1	2	2
504	5	714.07	1	2	2
504	5	669.9	1	2	2
504	5	764.94	1	2	2
504	5	843.04	1	2	2
504	5	1318.9	1	2	2
504	5	846.84	1	2	2
504	5	691.67	1	2	2
504	5	795.5	1	2	2
504	5	845.82	1	2	2
504	5	1137	1	2	2
504	5	994.85	1	2	2
504	5	1418	1	2	2
504	5	855.82	1	2	2
504	5	1083.6	1	2	2
504	5	958.29	1	2	2
504	5	874.99	1	2	2
504	5	894.15	1	2	2
504	5	1751.2	1	2	2
504	5	800.11	1	2	2
504	5	790.89	1	2	2
504	5	2384.4	1	2	2
504	5	712.51	1	2	2
504	5	1037.6	1	2	2
504	5	818.08	1	2	2
504	5	751.63	1	2	2
504	5	2776.9	0	2	2
504	5	691.52	1	2	2
504	5	719.58	1	2	2
504	5	737.28	1	2	2
504	5	908.62	1	2	2
504	5	682.39	1	2	2
504	5	834.48	1	2	2
504	5	1312.1	1	2	2
504	5	1221.6	1	2	2
504	5	938.77	1	2	2
504	5	818.57	1	2	2
504	5	1296.7	1	2	2
504	5	705.11	1	2	2
504	5	1326.1	1	2	2
504	5	1344.8	1	2	2
504	5	862.12	1	2	2
504	5	1103.5	1	2	2
504	5	947.21	1	2	2
504	5	769.94	1	2	2
504	5	1066.6	1	2	2
504	5	1385.5	1	2	2
504	5	1105	1	2	2
504	5	1499.2	0	2	2
504	5	1141.9	1	2	2
504	5	835.01	1	2	2
504	5	974.17	1	2	2
504	5	976.39	1	2	2
504	5	673.02	1	2	2
504	5	779.6	1	2	2
504	5	658.88	1	2	2
504	5	1186.4	1	2	2
504	5	828.48	1	2	2
504	5	845.4	1	2	2
504	5	801.28	1	2	2
504	5	1319	1	2	2
504	5	804.61	1	2	2
504	5	1419.6	1	2	2
504	5	968.32	1	2	2
504	5	658	1	2	2
504	5	757.47	1	2	2
504	5	813.52	1	2	2
504	5	732.77	1	2	2
504	5	951.02	1	2	2
504	5	1292.3	1	2	2
504	5	1005.5	1	2	2
504	5	690.85	1	2	2
504	5	945.4	1	2	2
504	5	784.74	1	2	2
504	5	883.06	1	2	2
504	5	1186.5	1	2	2
504	5	768.09	1	2	2
504	5	732.39	1	2	2
504	5	1384.9	1	2	2
504	5	760.41	1	2	2
504	5	920.25	1	2	2
504	5	698.88	1	2	2
504	5	827.06	1	2	2
504	5	1162.9	0	2	2
504	5	936.63	1	2	2
504	5	1063.2	1	2	2
504	5	844.49	1	2	2
504	5	788.77	1	2	2
504	5	765.05	1	2	2
504	5	714.56	1	2	2
504	5	1695.9	1	2	2
504	5	1759.2	1	2	2
504	5	1287	1	2	2
504	5	705.46	1	2	2
504	5	619.99	1	2	2
504	5	1236.4	1	2	2
504	5	742.76	1	2	2
504	5	976.25	1	2	2
504	5	1268.6	1	2	2
504	5	986.93	1	2	2
504	5	828.35	1	2	2
504	5	878.46	1	2	2
504	5	731.02	1	2	2
504	5	723.34	1	2	2
504	5	1723.6	1	2	2
504	5	927.93	1	2	2
504	5	731.65	1	2	2
504	5	712.7	1	2	2
504	5	722.31	1	2	2
504	5	1318.7	1	2	2
504	5	826.91	1	2	2
504	5	813.07	1	2	2
504	5	763.2	1	2	2
504	5	739.76	1	2	2
504	5	1035.5	1	2	2
504	5	1126.2	1	2	2
504	5	815.45	1	2	2
504	5	800.87	1	2	2
504	5	1055	1	2	2
504	5	1232.6	1	2	2
504	5	711.69	1	2	2
504	5	1028.2	1	2	2
504	5	691.99	1	2	2
504	5	747.62	1	2	2
504	5	1176.8	1	2	2
504	5	951.73	1	2	2
504	5	853.6	1	2	2
504	5	1397.4	1	2	2
504	5	1071.9	1	2	2
504	5	790.44	1	2	2
504	5	1061.6	1	2	2
504	5	1290.9	1	2	2
504	5	940.87	1	2	2
504	5	821.43	1	2	2
504	5	1304.9	1	2	2
504	5	1057.8	1	2	2
504	5	868.13	1	2	2
504	5	1931.4	1	2	2
504	5	915.45	1	2	2
504	5	679.79	1	2	2
504	5	723.76	1	2	2
504	5	661.87	1	2	2
504	5	767.1	1	2	2
504	5	790.72	1	2	2
504	5	1219.1	1	2	2
504	5	1763.7	1	2	2
504	5	814.06	1	2	2
504	5	667.32	1	2	2
504	5	870.15	1	2	2
504	5	1159.9	1	2	2
504	5	818.65	1	2	2
504	5	624.74	1	2	2
504	5	671.86	1	2	2
504	5	727.05	1	2	2
504	5	885.38	1	2	2
504	5	746.47	1	2	2
504	5	935.09	1	2	2
504	5	1349.4	1	2	2
504	5	945.04	1	2	2
504	5	999.35	1	2	2
504	5	1026.3	1	2	2
504	5	898.12	1	2	2
504	5	1629.5	1	2	2
504	5	812.53	1	2	2
504	5	1270.5	1	2	2
504	5	784.38	1	2	2
504	5	854.99	1	2	2
504	5	784.7	1	2	2
504	5	754.18	1	2	2
504	5	678.21	1	2	2
504	5	934.38	1	2	2
504	5	2073.7	1	2	2
504	5	2414.6	1	2	2
504	5	2119.2	1	2	2
504	5	1428.4	1	2	2
504	5	801.67	1	2	2
504	5	699.18	1	2	2
504	5	854.04	1	2	2
504	5	799.42	1	2	2
504	5	859.68	1	2	2
504	5	767.32	1	2	2
504	5	1156.6	1	2	2
504	5	865.86	1	2	2
504	5	811.24	1	2	2
504	5	1020.9	1	2	2
504	5	715.61	1	2	2
504	5	1042.1	1	2	2
504	5	692.48	1	2	2
504	5	949.87	1	2	2
504	5	628.63	1	2	2
504	5	1468.7	1	2	2
504	5	2045.4	1	2	2
504	5	967.07	1	2	2
504	5	794.72	1	2	2
504	5	937.14	1	2	2
504	5	704.76	1	2	2
504	5	1081.6	1	2	2
504	5	828.02	1	2	2
504	5	925.89	1	2	2
504	5	798.72	1	2	2
504	5	2147.4	1	2	1
504	5	1379.7	1	2	1
504	5	1504.7	1	2	1
504	5	1417.7	1	2	1
504	5	1337.7	0	2	1
504	5	1726.4	0	2	1
504	5	2210.1	0	2	1
504	5	1938.4	1	2	1
504	5	1282.4	1	2	1
504	5	882.86	1	2	1
504	5	1054.4	1	2	1
504	5	2489.4	1	2	1
504	5	1440	1	2	1
504	5	1692.7	1	2	1
504	5	732.52	1	2	1
504	5	2191.1	0	2	1
504	5	1023.7	1	2	1
504	5	1667.6	1	2	1
504	5	1097.9	1	2	1
504	5	1151.4	1	2	1
504	5	1154.8	1	2	1
504	5	1505.2	1	2	1
504	5	1034.5	1	2	1
504	5	1498	1	2	1
504	5	3180.2	1	2	1
504	5	1632.9	1	2	1
504	5	1773.6	1	2	1
504	5	2630.1	1	2	1
504	5	1826.5	0	2	1
504	5	1846.1	1	2	1
504	5	1689.9	1	2	1
504	5	1261.2	1	2	1
504	5	1712.7	1	2	1
504	5	2018.5	1	2	1
504	5	1309.1	1	2	1
504	5	906.51	1	2	1
504	5	1403.1	1	2	1
504	5	1297	1	2	1
504	5	1273.4	1	2	1
504	5	1663.2	1	2	1
504	5	1781.6	1	2	1
504	5	2905.9	1	2	1
504	5	1064.2	1	2	1
504	5	849.1	1	2	1
504	5	1461.8	0	2	1
504	5	3045.2	0	2	1
504	5	2613.5	1	2	1
504	5	2817.6	1	2	1
504	5	1424.1	1	2	1
504	5	1233.1	1	2	1
504	5	1407.4	1	2	1
504	5	1541.2	1	2	1
504	5	1166.2	1	2	1
504	5	1161.8	1	2	1
504	5	1270.3	1	2	1
504	5	1173.1	1	2	1
504	5	1203.9	1	2	1
504	5	1571.8	1	2	1
504	5	1922.2	1	2	1
504	5	1632.3	1	2	1
504	5	2650.9	0	2	1
504	5	1393.1	0	2	1
504	5	1834	1	2	1
504	5	1894	1	2	1
504	5	1551.7	1	2	1
504	5	1907.6	1	2	1
504	5	1609.8	1	2	1
504	5	909.34	1	2	1
504	5	1170.7	1	2	1
504	5	1359.8	1	2	1
504	5	1428.1	0	2	1
504	5	1591.9	1	2	1
504	5	2998.1	0	2	1
504	5	2740.8	0	2	1
504	5	3412.4	1	2	1
504	5	1347.3	1	2	1
504	5	1375	1	2	1
504	5	1636.5	1	2	1
504	5	1201.2	1	2	1
504	5	1359.6	1	2	1
504	5	1202	1	2	1
504	5	1749.8	1	2	1
504	5	1346.5	1	2	1
504	5	1374.3	1	2	1
504	5	1276.8	1	2	1
504	5	1095.2	1	2	1
504	5	1585.6	1	2	1
504	5	1386.7	0	2	1
504	5	2162.1	1	2	1
504	5	1300.7	1	2	1
504	5	1100.3	1	2	1
504	5	1696	1	2	1
504	5	1593.9	1	2	1
504	5	1153.9	1	2	1
504	5	1421.7	1	2	1
504	5	856.03	1	2	1
504	5	1167.1	1	2	1
504	5	1169.6	1	2	1
504	5	1144.6	1	2	1
504	5	2012.7	0	2	1
504	5	3031.6	1	2	1
504	5	1610.2	1	2	1
504	5	924.79	1	2	1
504	5	932.24	1	2	1
504	5	966.09	1	2	1
504	5	931.28	1	2	1
504	5	1419.2	1	2	1
504	5	2109.1	1	2	1
504	5	1135.8	0	2	1
504	5	843.42	1	2	1
504	5	2461.5	1	2	1
504	5	1135	1	2	1
504	5	3484.8	0	2	1
504	5	981.36	1	2	1
504	5	1134.6	1	2	1
504	5	1887.7	0	2	1
504	5	997.16	1	2	1
504	5	1447.3	1	2	1
504	5	1250.3	1	2	1
504	5	1281.1	1	2	1
504	5	2324.8	1	2	1
504	5	1310.7	1	2	1
504	5	1045.6	1	2	1
504	5	1285.6	1	2	1
504	5	841.61	1	2	1
504	5	1532.4	1	2	1
504	5	1589.5	1	2	1
504	5	1208.5	1	2	1
504	5	1902.5	1	2	1
504	5	1092.5	1	2	1
504	5	1335.6	1	2	1
504	5	870.36	1	2	1
504	5	1778.8	1	2	1
504	5	1132.1	1	2	1
504	5	2298	1	2	1
504	5	1437.1	1	2	1
504	5	1979.4	1	2	1
504	5	2936.8	0	2	1
504	5	1110.4	1	2	1
504	5	894.28	1	2	1
504	5	888.36	1	2	1
504	5	2621.3	0	2	1
504	5	820.5	1	2	1
504	5	835.99	1	2	1
504	5	814.33	1	2	1
504	5	1653.4	1	2	1
504	5	759.7	1	2	1
504	5	820.71	1	2	1
504	5	1162.4	1	2	1
504	5	2326.6	0	2	1
504	5	2108.4	0	2	1
504	5	3945.2	0	2	1
504	5	1523.2	1	2	1
504	5	2390.9	1	2	1
504	5	1083.3	1	2	1
504	5	1433.8	1	2	1
504	5	1223.5	1	2	1
504	5	920.26	1	2	1
504	5	991.29	1	2	1
504	5	1278.3	1	2	1
504	5	1013.9	1	2	1
504	5	1350.9	1	2	1
504	5	1455.6	1	2	1
504	5	948.77	1	2	1
504	5	971.81	1	2	1
504	5	1224.6	1	2	1
504	5	804.42	1	2	1
504	5	1124.6	1	2	1
504	5	772.68	1	2	1
504	5	813.39	1	2	1
504	5	1807.2	1	2	1
504	5	1069.9	1	2	1
504	5	1501.1	1	2	1
504	5	1976.5	1	2	1
504	5	827.28	1	2	1
504	5	1115.2	1	2	1
504	5	1009.6	1	2	1
504	5	2093.8	1	2	1
504	5	1912.6	1	2	1
504	5	950.23	1	2	1
504	5	889.7	1	2	1
504	5	816.85	1	2	1
504	5	1530.8	1	2	1
504	5	960.01	1	2	1
504	5	1755.1	1	2	1
504	5	971.27	1	2	1
504	5	923.01	1	2	1
504	5	1035.5	1	2	1
504	5	861.75	1	2	1
504	5	1218.8	1	2	1
504	5	759.91	1	2	1
504	5	830.69	1	2	1
504	5	984.26	1	2	1
504	5	1322.3	1	2	1
504	5	1034.6	1	2	1
504	5	1350.8	1	2	1
504	5	820.71	1	2	1
504	5	1111.5	1	2	1
504	5	920.14	1	2	1
504	5	1281.1	1	2	1
504	5	1073.5	1	2	1
504	5	1450.6	1	2	1
504	5	837.75	1	2	1
504	5	882.07	1	2	1
504	5	1520.4	1	2	1
504	5	1607.5	0	2	1
504	5	2311.5	1	2	1
504	5	1468.6	1	2	1
504	5	992.21	1	2	1
504	5	908.61	1	2	1
504	5	1346.3	1	2	1
504	5	1102.2	1	2	1
504	5	1029.3	1	2	1
504	5	1905	1	2	1
504	5	973.62	1	2	1
504	5	1064.7	1	2	1
504	5	1160.2	1	2	1
504	5	876.83	1	2	1
504	5	661.25	1	2	1
504	5	1961.1	1	2	1
504	5	791.15	1	2	1
504	5	730.36	1	2	1
504	5	1503.8	0	2	1
504	5	949.51	1	2	1
504	5	819.41	1	2	1
504	5	992.38	1	2	1
504	5	746.44	1	2	1
504	5	719.31	1	2	1
504	5	2049.7	1	2	1
504	5	1438.1	1	2	1
504	5	819.2	1	2	1
504	5	1142.2	1	2	1
504	5	924.48	1	2	1
504	5	751.59	1	2	1
504	5	1378.5	1	2	1
504	5	952.68	1	2	1
504	5	1902.8	1	2	1
504	5	1022	1	2	1
504	5	1230.9	1	2	1
504	5	1358.9	1	2	1
504	5	1429.8	1	2	1
504	5	921.98	1	2	1
504	5	1209.8	1	2	1
504	5	2458.3	1	2	1
504	5	1167.8	1	2	1
504	5	1038.3	1	2	1
504	5	787.48	1	2	1
504	5	778.29	1	2	1
504	5	924.56	1	2	1
504	5	3268	1	2	1
504	5	903.72	1	2	1
504	5	749.11	1	2	1
504	5	897.91	1	2	1
504	5	784.39	1	2	1
504	5	1266.1	1	2	1
504	5	1682.5	1	2	1
504	5	889.09	1	2	1
504	5	1298.1	1	2	1
504	5	944.43	1	2	1
504	5	1328.3	1	2	1
504	5	775.42	1	2	1
504	5	716.99	1	2	1
504	5	902.76	1	2	1
504	5	2733.7	1	2	1
504	5	1087.9	1	2	1
504	5	972.17	1	2	1
504	5	847.78	1	2	1
504	5	754.51	1	2	1
504	5	2642	1	2	1
504	5	696.72	1	2	1
504	5	1362	1	2	1
504	5	1122.1	1	2	1
504	5	1081.1	1	2	1
504	5	1101.2	1	2	1
504	5	3148.4	0	2	1
504	5	1452.8	1	2	1
504	5	725.51	1	2	1
504	5	829.81	1	2	1
504	5	850.74	1	2	1
504	5	703.97	1	2	1
504	5	1694.9	1	2	1
504	5	1134	1	2	1
504	5	1742.5	1	2	1
504	5	793.1	1	2	1
504	5	1500.2	1	2	1
504	5	960.35	1	2	1
504	5	984.03	1	2	1
504	5	857.31	1	2	1
504	5	1089.7	1	2	1
504	5	1040.4	1	2	1
504	5	3347.4	0	2	1
504	5	2160.1	1	2	1
504	5	1373.1	1	2	1
504	5	983.94	1	2	1
504	5	1293.7	1	2	1
504	5	700.05	1	2	1
504	5	1452.6	1	2	1
504	5	1099.9	1	2	1
504	5	783.27	1	2	1
504	5	1189.6	1	2	1
504	5	731.16	1	2	1
504	5	1367.4	1	2	1
504	5	1442.1	1	2	1
504	5	1897	1	2	1
504	5	1357	1	2	1
504	5	1050.8	1	2	1
504	5	832.3	1	2	1
504	5	909.58	1	2	1
504	5	1537.4	1	2	1
504	5	2398.4	1	2	1
504	5	2062.2	1	2	1
504	5	795.63	1	2	1
504	5	1393.9	1	2	1
504	5	1199.3	1	2	1
504	5	1089.7	1	2	1
504	5	764.58	1	2	1
504	5	772.83	1	2	1
504	5	1310.4	1	2	1
504	5	1009.5	1	2	1
504	5	1134.8	1	2	1
504	5	736.6	1	2	1
504	5	923.75	1	2	1
504	5	2274	1	2	1
504	5	2061.6	1	2	1
504	5	1062.5	1	2	1
504	5	758.18	1	2	1
504	5	753.1	1	2	1
504	5	1105.2	1	2	1
504	5	946.03	1	2	1
504	5	928.39	1	2	1
504	5	973.07	1	2	1
504	5	982.17	1	2	1
504	5	1033.2	1	2	1
504	5	1044.4	1	2	1
504	5	2368.6	1	2	1
504	5	1744.8	1	2	1
504	5	859.08	1	2	1
504	5	1005.3	1	2	1
504	5	910.88	1	2	1
504	5	927.68	1	2	1
504	5	897.09	1	2	1
504	5	1205.8	1	2	1
504	5	1019.6	1	2	1
504	5	947.48	1	2	1
504	5	812.59	1	2	1
504	5	1491.8	1	2	1
504	5	1097.1	1	2	1
504	5	3668.2	0	2	1
504	5	1546.4	1	2	1
504	5	1563.5	1	2	1
504	5	1597.7	1	2	1
504	5	1659.7	1	2	1
504	5	993.24	1	2	1
504	5	1419.4	1	2	1
504	5	1475.5	1	2	1
504	5	2632	1	2	1
504	5	1113	1	2	1
504	5	1683	1	1	2
504	5	1657.9	1	1	2
504	5	1385.9	1	1	2
504	5	1352.5	0	1	2
504	5	1456.5	1	1	2
504	5	1118.6	1	1	2
504	5	2516.2	1	1	2
504	5	1852.6	1	1	2
504	5	1681.2	1	1	2
504	5	915.1	1	1	2
504	5	1886	1	1	2
504	5	1045.4	1	1	2
504	5	1404.1	1	1	2
504	5	1045.3	1	1	2
504	5	1987.6	1	1	2
504	5	889.37	1	1	2
504	5	1451.2	0	1	2
504	5	1317.9	1	1	2
504	5	923.66	1	1	2
504	5	1211.2	1	1	2
504	5	1619.7	1	1	2
504	5	1693.4	1	1	2
504	5	1236.8	1	1	2
504	5	2884.3	0	1	2
504	5	1397.2	1	1	2
504	5	2917.4	1	1	2
504	5	1478.5	1	1	2
504	5	1788.6	0	1	2
504	5	1523.2	1	1	2
504	5	2879.5	0	1	2
504	5	2643.1	1	1	2
504	5	1285.8	1	1	2
504	5	1241.2	1	1	2
504	5	1759.1	1	1	2
504	5	1270	0	1	2
504	5	2063.6	1	1	2
504	5	1546.4	1	1	2
504	5	2662.7	0	1	2
504	5	2782.6	1	1	2
504	5	1977	1	1	2
504	5	2345.2	0	1	2
504	5	2671.9	1	1	2
504	5	1524.3	1	1	2
504	5	1668.8	1	1	2
504	5	958.73	1	1	2
504	5	2031.1	0	1	2
504	5	1217.2	1	1	2
504	5	1196.2	1	1	2
504	5	1664.6	0	1	2
504	5	1612.9	1	1	2
504	5	1794	1	1	2
504	5	2665.3	0	1	2
504	5	2740.7	1	1	2
504	5	1884.3	1	1	2
504	5	2070.3	1	1	2
504	5	1675.6	1	1	2
504	5	1057.7	1	1	2
504	5	1225	1	1	2
504	5	2526.8	1	1	2
504	5	872.38	1	1	2
504	5	1648.2	0	1	2
504	5	1639	1	1	2
504	5	1278	1	1	2
504	5	1278.4	1	1	2
504	5	1837.6	1	1	2
504	5	1276	1	1	2
504	5	911.23	1	1	2
504	5	687.31	1	1	2
504	5	1850.8	1	1	2
504	5	1427.3	0	1	2
504	5	2254.8	1	1	2
504	5	1612.2	1	1	2
504	5	1468.4	1	1	2
504	5	1492.4	1	1	2
504	5	1440.1	1	1	2
504	5	1130.6	1	1	2
504	5	1045.2	1	1	2
504	5	1366.6	1	1	2
504	5	2708.4	1	1	2
504	5	1533.2	1	1	2
504	5	856.47	1	1	2
504	5	866.74	1	1	2
504	5	1265	1	1	2
504	5	1389.6	1	1	2
504	5	1295.5	1	1	2
504	5	2589.9	1	1	2
504	5	1213.4	1	1	2
504	5	1174.9	1	1	2
504	5	1929.3	1	1	2
504	5	1580	1	1	2
504	5	1666.5	1	1	2
504	5	1011.4	1	1	2
504	5	1218.7	1	1	2
504	5	1160.8	1	1	2
504	5	1915.7	1	1	2
504	5	2211.4	1	1	2
504	5	1915.7	0	1	2
504	5	1879.8	1	1	2
504	5	1569.9	1	1	2
504	5	2374.3	1	1	2
504	5	1661.1	1	1	2
504	5	972.56	1	1	2
504	5	923.61	1	1	2
504	5	1207	1	1	2
504	5	1135.3	1	1	2
504	5	1291.4	1	1	2
504	5	1119.7	0	1	2
504	5	1147.6	1	1	2
504	5	2070	1	1	2
504	5	1480.9	1	1	2
504	5	763.48	1	1	2
504	5	1625.1	1	1	2
504	5	1949.7	0	1	2
504	5	989.47	1	1	2
504	5	890.98	1	1	2
504	5	1253.6	1	1	2
504	5	1203	1	1	2
504	5	2079.7	0	1	2
504	5	4054.7	1	1	2
504	5	2111.9	0	1	2
504	5	3146.4	1	1	2
504	5	1444.7	1	1	2
504	5	1397.9	1	1	2
504	5	953.81	1	1	2
504	5	1876.2	0	1	2
504	5	1638.3	1	1	2
504	5	2898.4	0	1	2
504	5	1064.6	1	1	2
504	5	1352.2	1	1	2
504	5	1179.6	1	1	2
504	5	1340.2	1	1	2
504	5	1400.8	1	1	2
504	5	1063.8	1	1	2
504	5	1458.4	1	1	2
504	5	882.25	1	1	2
504	5	2084	1	1	2
504	5	2050.8	1	1	2
504	5	2638.9	1	1	2
504	5	1307.4	1	1	2
504	5	1150.5	1	1	2
504	5	1605.5	1	1	2
504	5	831.1	1	1	2
504	5	1638.8	1	1	2
504	5	982.71	1	1	2
504	5	883.47	1	1	2
504	5	1145.8	1	1	2
504	5	782.83	1	1	2
504	5	834.7	1	1	2
504	5	2444.8	1	1	2
504	5	1053	1	1	2
504	5	1797	1	1	2
504	5	2028.9	1	1	2
504	5	1574.6	1	1	2
504	5	1503.4	1	1	2
504	5	1831.5	1	1	2
504	5	916.15	1	1	2
504	5	797.99	1	1	2
504	5	945.12	1	1	2
504	5	601.78	1	1	2
504	5	725.33	1	1	2
504	5	2613	0	1	2
504	5	1091.5	1	1	2
504	5	659.07	1	1	2
504	5	955.77	1	1	2
504	5	2821	1	1	2
504	5	976.34	1	1	2
504	5	1202.6	0	1	2
504	5	1560.3	1	1	2
504	5	746.87	1	1	2
504	5	1170.9	1	1	2
504	5	1518.5	0	1	2
504	5	1112.4	1	1	2
504	5	1589.2	1	1	2
504	5	1322.1	1	1	2
504	5	1841.7	1	1	2
504	5	1157.6	1	1	2
504	5	1435.9	0	1	2
504	5	1451.4	1	1	2
504	5	1462.4	1	1	2
504	5	1014.3	1	1	2
504	5	919.64	1	1	2
504	5	1756.1	1	1	2
504	5	1267.1	1	1	2
504	5	1086.1	1	1	2
504	5	1473.5	1	1	2
504	5	1987.8	1	1	2
504	5	877.86	1	1	2
504	5	1043	1	1	2
504	5	746	1	1	2
504	5	943.18	1	1	2
504	5	2954.8	0	1	2
504	5	828.09	1	1	2
504	5	1417.5	1	1	2
504	5	861.62	1	1	2
504	5	928.92	1	1	2
504	5	2465.3	1	1	2
504	5	1599.5	1	1	2
504	5	2260.1	1	1	2
504	5	864.22	1	1	2
504	5	1419.2	1	1	2
504	5	1261	1	1	2
504	5	835.31	1	1	2
504	5	1359.5	1	1	2
504	5	1620.9	1	1	2
504	5	1190.4	0	1	2
504	5	1455	1	1	2
504	5	983.93	0	1	2
504	5	1512.6	1	1	2
504	5	1544.3	1	1	2
504	5	932.55	1	1	2
504	5	1432.9	0	1	2
504	5	1149.8	1	1	2
504	5	871.66	1	1	2
504	5	798.71	1	1	2
504	5	1841.7	1	1	2
504	5	762.43	1	1	2
504	5	1413.3	1	1	2
504	5	2330.9	1	1	2
504	5	929.72	1	1	2
504	5	1806.9	1	1	2
504	5	1973.1	1	1	2
504	5	1584	0	1	2
504	5	851.58	1	1	2
504	5	893.68	1	1	2
504	5	1882.8	1	1	2
504	5	1150.3	0	1	2
504	5	1949.8	1	1	2
504	5	1692.2	1	1	2
504	5	881.74	1	1	2
504	5	700.19	1	1	2
504	5	1310	1	1	2
504	5	788.58	1	1	2
504	5	863.9	0	1	2
504	5	793.62	1	1	2
504	5	804.65	1	1	2
504	5	953.95	1	1	2
504	5	1976.8	1	1	2
504	5	2147.1	1	1	2
504	5	2301.9	0	1	2
504	5	1779.8	1	1	2
504	5	1771.5	1	1	2
504	5	1929	1	1	2
504	5	1528.2	0	1	2
504	5	960.48	1	1	2
504	5	772.9	1	1	2
504	5	805.08	1	1	2
504	5	3548.5	1	1	2
504	5	1567	1	1	2
504	5	1837.7	0	1	2
504	5	1895.6	1	1	2
504	5	913.47	1	1	2
504	5	830.23	1	1	2
504	5	1210.3	1	1	2
504	5	3407	1	1	2
504	5	1015.5	1	1	2
504	5	963.05	1	1	2
504	5	848.09	1	1	2
504	5	742.79	1	1	2
504	5	903.33	1	1	2
504	5	1096.5	1	1	2
504	5	1139	1	1	2
504	5	861.26	1	1	2
504	5	1192.6	1	1	2
504	5	1731.4	0	1	2
504	5	1166.4	1	1	2
504	5	3248.5	0	1	2
504	5	1159.4	1	1	2
504	5	721.61	1	1	2
504	5	1441	1	1	2
504	5	1541.9	1	1	2
504	5	2370.3	0	1	2
504	5	2074.7	1	1	2
504	5	3449	1	1	2
504	5	1869.2	1	1	2
504	5	1734.5	1	1	2
504	5	1566.2	1	1	2
504	5	2343.7	1	1	2
504	5	760.81	1	1	2
504	5	1292.5	1	1	2
504	5	1370.2	1	1	2
504	5	1987.6	1	1	2
504	5	1769.4	1	1	2
504	5	757.49	1	1	2
504	5	1516.7	1	1	2
504	5	683.64	1	1	2
504	5	1475.3	1	1	2
504	5	902.88	1	1	2
504	5	1031.7	1	1	2
504	5	976.01	1	1	2
504	5	772.36	1	1	2
504	5	883.16	1	1	2
504	5	1392	1	1	2
504	5	735.71	1	1	2
504	5	676.35	1	1	2
504	5	754.27	1	1	2
504	5	2494.7	1	1	2
504	5	2631	1	1	2
504	5	1330.8	1	1	2
504	5	955.64	1	1	2
504	5	754.11	1	1	2
504	5	876.23	1	1	2
504	5	1422.4	1	1	2
504	5	2457.9	1	1	2
504	5	904.82	1	1	2
504	5	747.46	1	1	2
504	5	911.5	1	1	2
504	5	820.86	1	1	2
504	5	946.83	1	1	2
504	5	1051.1	1	1	2
504	5	812.51	1	1	2
504	5	741.57	1	1	2
504	5	1693.8	0	1	2
504	5	1475.8	1	1	2
504	5	893.83	1	1	2
504	5	670.92	1	1	2
504	5	1742.2	1	1	2
504	5	2032.9	1	1	2
504	5	1481.5	1	1	2
504	5	874.61	1	1	2
504	5	663.12	1	1	2
504	5	917.57	1	1	2
504	5	1196.2	1	1	2
504	5	855.75	1	1	2
504	5	1592.8	1	1	2
504	5	1055.6	1	1	2
504	5	1159.8	0	1	2
504	5	2051	1	1	2
504	5	767.9	1	1	2
504	5	879.36	1	1	2
504	5	2815.9	1	1	2
504	5	1679.2	1	1	2
504	5	1532.9	1	1	2
504	5	868.25	0	1	2
504	5	1207.4	1	1	2
504	5	1183	1	1	2
504	5	2705.1	1	1	2
504	5	909.84	1	1	2
504	5	1879.6	1	1	2
504	5	1831.6	1	1	2
504	5	1806.7	1	1	2
504	5	1180.3	1	1	2
504	5	1185.1	1	1	2
504	5	1092.1	1	1	2
504	5	1232.3	1	1	2
504	5	1364.5	1	1	2
504	5	825.88	1	1	2
504	5	1433.3	1	1	2
504	5	2359.2	1	1	2
504	5	3296.7	1	1	2
504	5	925.73	1	1	2
504	5	2356.2	1	1	2
504	5	778.96	1	1	2
504	5	1865.8	1	1	2
504	5	1742.9	1	1	2
504	5	1777.2	1	1	2
504	5	1043.4	1	1	2
504	5	2821.2	0	1	2
504	5	2291.7	0	1	1
504	5	2539.5	1	1	1
504	5	1925.3	1	1	1
504	5	1065.9	1	1	1
504	5	870.23	1	1	1
504	5	2126.2	1	1	1
504	5	1306.7	1	1	1
504	5	1235.7	1	1	1
504	5	1694	1	1	1
504	5	2302.6	0	1	1
504	5	1761.7	1	1	1
504	5	1930.1	1	1	1
504	5	819.89	1	1	1
504	5	1573.4	1	1	1
504	5	859.42	1	1	1
504	5	1865.7	0	1	1
504	5	1744.2	0	1	1
504	5	1044.4	1	1	1
504	5	2120.8	0	1	1
504	5	1222.7	1	1	1
504	5	1209.7	1	1	1
504	5	2841	1	1	1
504	5	1281.2	0	1	1
504	5	2060	1	1	1
504	5	1101.2	1	1	1
504	5	964.21	1	1	1
504	5	1121	0	1	1
504	5	1384.8	1	1	1
504	5	2195.1	1	1	1
504	5	1847.2	0	1	1
504	5	2318	1	1	1
504	5	1318.7	1	1	1
504	5	1335	1	1	1
504	5	1396.1	1	1	1
504	5	1809.7	1	1	1
504	5	1739	0	1	1
504	5	2873.8	1	1	1
504	5	2207.5	0	1	1
504	5	2584.7	1	1	1
504	5	1529.2	1	1	1
504	5	2321.4	0	1	1
504	5	1564	1	1	1
504	5	2736.7	1	1	1
504	5	2426	1	1	1
504	5	2070.8	1	1	1
504	5	1820.5	1	1	1
504	5	1706.7	1	1	1
504	5	3632.8	0	1	1
504	5	1981.2	1	1	1
504	5	1443.9	1	1	1
504	5	1744.5	1	1	1
504	5	1701.3	1	1	1
504	5	1947.5	1	1	1
504	5	1198.4	1	1	1
504	5	1460.2	1	1	1
504	5	1819.2	1	1	1
504	5	1248.1	1	1	1
504	5	1601	1	1	1
504	5	1600.4	1	1	1
504	5	1112.1	1	1	1
504	5	1197.2	1	1	1
504	5	1801.4	1	1	1
504	5	1242.5	1	1	1
504	5	2185.1	1	1	1
504	5	1804.5	1	1	1
504	5	1554.3	1	1	1
504	5	1261.2	0	1	1
504	5	1216.2	1	1	1
504	5	1066.4	1	1	1
504	5	2604.4	1	1	1
504	5	1322.7	1	1	1
504	5	1407.7	0	1	1
504	5	1249.7	0	1	1
504	5	2407.8	0	1	1
504	5	1572.6	1	1	1
504	5	1266.7	1	1	1
504	5	1411.7	1	1	1
504	5	1340.3	1	1	1
504	5	2677.7	1	1	1
504	5	2269.2	1	1	1
504	5	1047.5	0	1	1
504	5	1249.8	1	1	1
504	5	901	1	1	1
504	5	1094.3	1	1	1
504	5	3557.1	1	1	1
504	5	1414.6	1	1	1
504	5	1966.6	1	1	1
504	5	2750	1	1	1
504	5	2631.7	1	1	1
504	5	1879.9	1	1	1
504	5	1188.7	1	1	1
504	5	1031.7	1	1	1
504	5	2883.5	0	1	1
504	5	1345.1	1	1	1
504	5	1473.9	1	1	1
504	5	1273.5	1	1	1
504	5	1077.1	1	1	1
504	5	1988.5	1	1	1
504	5	1710.4	1	1	1
504	5	1397.6	1	1	1
504	5	1368.3	0	1	1
504	5	1769.3	0	1	1
504	5	1002.3	1	1	1
504	5	849.23	1	1	1
504	5	874.46	1	1	1
504	5	1239	1	1	1
504	5	1106.1	1	1	1
504	5	1868	0	1	1
504	5	1822.3	1	1	1
504	5	1195	1	1	1
504	5	1142.3	1	1	1
504	5	767.39	1	1	1
504	5	2828.7	0	1	1
504	5	1059.1	1	1	1
504	5	1606.9	1	1	1
504	5	2498.5	0	1	1
504	5	1985.6	1	1	1
504	5	1951	1	1	1
504	5	1594.5	1	1	1
504	5	734.47	1	1	1
504	5	1036.7	1	1	1
504	5	1127.5	0	1	1
504	5	3235.4	0	1	1
504	5	783.66	0	1	1
504	5	1228.7	1	1	1
504	5	1129.4	1	1	1
504	5	2080.5	1	1	1
504	5	983.94	1	1	1
504	5	1698.1	1	1	1
504	5	991.34	1	1	1
504	5	1065.6	1	1	1
504	5	3441.8	1	1	1
504	5	1314.9	1	1	1
504	5	1376.8	1	1	1
504	5	1468.2	1	1	1
504	5	1462.4	0	1	1
504	5	1195.4	1	1	1
504	5	1398.5	1	1	1
504	5	1104.7	1	1	1
504	5	2718	0	1	1
504	5	1689.2	1	1	1
504	5	1902.2	1	1	1
504	5	1155.9	1	1	1
504	5	1035	1	1	1
504	5	827.76	1	1	1
504	5	2086	1	1	1
504	5	1078.3	1	1	1
504	5	995.55	1	1	1
504	5	872.81	1	1	1
504	5	1286.7	1	1	1
504	5	2417.4	0	1	1
504	5	1654.6	1	1	1
504	5	2013.9	1	1	1
504	5	811.44	1	1	1
504	5	1515.9	1	1	1
504	5	1284.6	1	1	1
504	5	962.77	1	1	1
504	5	751.46	1	1	1
504	5	1282.9	1	1	1
504	5	1904.8	1	1	1
504	5	1141.9	1	1	1
504	5	1365.5	1	1	1
504	5	740.41	1	1	1
504	5	1266.4	1	1	1
504	5	1131.8	1	1	1
504	5	915.52	1	1	1
504	5	671.31	1	1	1
504	5	1227.9	1	1	1
504	5	897.56	1	1	1
504	5	786.63	1	1	1
504	5	1252.3	1	1	1
504	5	2171.5	1	1	1
504	5	2470.8	0	1	1
504	5	2129	1	1	1
504	5	1828.9	1	1	1
504	5	1370.7	1	1	1
504	5	2696	0	1	1
504	5	1559.1	1	1	1
504	5	1883.5	0	1	1
504	5	1931.3	0	1	1
504	5	1741.3	1	1	1
504	5	1295.7	1	1	1
504	5	1131.4	1	1	1
504	5	1300.8	1	1	1
504	5	880.79	1	1	1
504	5	3007	0	1	1
504	5	1767.9	0	1	1
504	5	2368.6	0	1	1
504	5	1550.6	0	1	1
504	5	1915.9	1	1	1
504	5	1205.6	1	1	1
504	5	965.08	1	1	1
504	5	1646.4	0	1	1
504	5	1104.9	1	1	1
504	5	2474	0	1	1
504	5	1029.8	1	1	1
504	5	1255.1	1	1	1
504	5	1862.1	1	1	1
504	5	2063.5	0	1	1
504	5	3000.8	1	1	1
504	5	2238	1	1	1
504	5	1160.7	1	1	1
504	5	1121.4	1	1	1
504	5	958.96	1	1	1
504	5	1188.8	1	1	1
504	5	1119.1	1	1	1
504	5	892.18	1	1	1
504	5	1461	1	1	1
504	5	807.5	1	1	1
504	5	773.71	1	1	1
504	5	776.06	1	1	1
504	5	1495.1	1	1	1
504	5	2327	1	1	1
504	5	2598.7	1	1	1
504	5	1382.2	1	1	1
504	5	1341.1	1	1	1
504	5	2236.4	0	1	1
504	5	1641.9	1	1	1
504	5	1540.2	1	1	1
504	5	2497.1	0	1	1
504	5	910.49	1	1	1
504	5	1411.4	1	1	1
504	5	992.38	1	1	1
504	5	720.67	1	1	1
504	5	2996.3	1	1	1
504	5	1138.5	1	1	1
504	5	2201	1	1	1
504	5	2361.8	1	1	1
504	5	2792.3	1	1	1
504	5	2789.1	1	1	1
504	5	1284.1	1	1	1
504	5	1378.6	1	1	1
504	5	745.54	1	1	1
504	5	1619	1	1	1
504	5	976.57	1	1	1
504	5	1829.2	1	1	1
504	5	1695.1	1	1	1
504	5	1238.7	1	1	1
504	5	1517.1	0	1	1
504	5	3305.7	1	1	1
504	5	2219.2	1	1	1
504	5	1275.1	1	1	1
504	5	2854	0	1	1
504	5	784.15	1	1	1
504	5	2844	1	1	1
504	5	3295.3	1	1	1
504	5	3157.5	1	1	1
504	5	3137.3	1	1	1
504	5	1391	1	1	1
504	5	1799.6	1	1	1
504	5	1111.8	1	1	1
504	5	761.5	1	1	1
504	5	2867.1	1	1	1
504	5	2566.2	0	1	1
504	5	1022.2	1	1	1
504	5	897.08	1	1	1
504	5	934.77	1	1	1
504	5	1039.9	1	1	1
504	5	1027.5	1	1	1
504	5	1187.9	1	1	1
504	5	1758.9	1	1	1
504	5	958.6	1	1	1
504	5	3050.9	0	1	1
504	5	2003.6	1	1	1
504	5	1155.3	1	1	1
504	5	1122.5	1	1	1
504	5	1329.3	1	1	1
504	5	1045.3	1	1	1
504	5	2692.2	1	1	1
504	5	1785.1	1	1	1
504	5	1590.7	1	1	1
504	5	2943.4	0	1	1
504	5	1908.5	1	1	1
504	5	3006.6	0	1	1
504	5	2079.1	1	1	1
504	5	1179	1	1	1
504	5	903.52	1	1	1
504	5	1098.4	1	1	1
504	5	1935.9	1	1	1
504	5	2123.5	1	1	1
504	5	1668.8	1	1	1
504	5	1323.8	1	1	1
504	5	1465.7	1	1	1
504	5	939.32	1	1	1
504	5	833.97	1	1	1
504	5	2731.7	0	1	1
504	5	1656.3	1	1	1
504	5	2330.5	0	1	1
504	5	3336.1	0	1	1
504	5	1367.5	1	1	1
504	5	2698.2	1	1	1
504	5	1156.7	1	1	1
504	5	1492.8	1	1	1
504	5	2104.5	1	1	1
504	5	952.26	0	1	1
504	5	1600.5	1	1	1
504	5	2123.9	0	1	1
504	5	2234.4	1	1	1
504	5	2784.4	1	1	1
504	5	1598.1	1	1	1
504	5	1838.3	1	1	1
504	5	2706.8	1	1	1
504	5	1051.7	1	1	1
504	5	1255.8	1	1	1
504	5	1032.5	1	1	1
504	5	2792.6	1	1	1
504	5	1049.9	1	1	1
504	5	892.54	1	1	1
504	5	1849.2	1	1	1
504	5	1161.7	1	1	1
504	5	1597.7	1	1	1
504	5	1181.7	1	1	1
504	5	2972.1	0	1	1
504	5	1268.8	1	1	1
504	5	1355.6	1	1	1
504	5	1200.9	1	1	1
504	5	1264.1	1	1	1
504	5	2363	1	1	1
504	5	1259.6	1	1	1
504	5	1441.8	1	1	1
504	5	2770.8	1	1	1
504	5	1064.3	1	1	1
504	5	834.31	1	1	1
504	5	1481.1	1	1	1
504	5	994.52	1	1	1
504	5	2876.9	1	1	1
504	5	1142.4	1	1	1
504	5	1206.4	1	1	1
504	5	1128.4	1	1	1
504	5	1033.3	1	1	1
504	5	1865.3	1	1	1
504	5	1283.3	1	1	1
504	5	759.37	1	1	1
504	5	1709.8	1	1	1
504	5	1726.1	1	1	1
504	5	925.23	1	1	1
504	5	675.41	1	1	1
504	5	3654.8	0	1	1
504	5	2474.5	0	1	1
504	5	1474.6	1	1	1
504	5	945.67	1	1	1
504	5	1146.3	1	1	1
504	5	1724.5	1	1	1
504	5	1030.4	1	1	1
504	5	1138.2	1	1	1
504	5	1774.1	1	1	1
504	5	1360.7	1	1	1
504	5	1324.1	0	1	1
504	5	2067.3	1	1	1
504	5	909.91	1	1	1
504	5	867.85	1	1	1
504	5	2868	1	1	1
504	5	2223.6	1	1	1
504	5	1063.2	1	1	1
504	5	1065.5	1	1	1
504	5	1040.5	1	2	-1
504	5	946.86	1	2	-1
504	5	863.13	1	2	-1
504	5	820.97	1	2	-1
504	5	792.22	1	2	-1
504	5	821.67	1	2	-1
504	5	702.77	1	2	-1
504	5	812.77	1	2	-1
504	5	857.61	1	2	-1
504	5	868.99	1	2	-1
504	5	778.22	1	2	-1
504	5	1437.1	1	2	-1
504	5	782.12	1	2	-1
504	5	1219.5	1	2	-1
504	5	682.22	1	2	-1
504	5	922.43	1	2	-1
504	5	1560.3	1	2	-1
504	5	714.09	1	2	-1
504	5	882.37	1	2	-1
504	5	2053.7	1	2	-1
504	5	1202.1	1	2	-1
504	5	954.01	1	2	-1
504	5	675.36	1	2	-1
504	5	1172.7	1	2	-1
504	5	671.72	1	2	-1
504	5	1122.6	1	2	-1
504	5	826.27	1	2	-1
504	5	1622.1	1	2	-1
504	5	1567.3	1	2	-1
504	5	981.22	1	2	-1
504	5	834.61	1	2	-1
504	5	847.16	1	2	-1
504	5	708.97	1	2	-1
504	5	799.57	1	2	-1
504	5	1058.4	1	2	-1
504	5	1384.8	1	2	-1
504	5	794.54	1	2	-1
504	5	1109.3	1	2	-1
504	5	875.52	1	2	-1
504	5	1601.6	1	2	-1
504	5	868.8	1	2	-1
504	5	860.02	1	2	-1
504	5	1206.1	1	2	-1
504	5	982.61	1	2	-1
504	5	1107.2	1	2	-1
504	5	1216.4	1	2	-1
504	5	1022.5	1	2	-1
504	5	745.46	1	2	-1
504	5	640.56	1	2	-1
504	5	1584	1	2	-1
504	5	1710	1	2	-1
504	5	1028.8	1	2	-1
504	5	1076	1	2	-1
504	5	939.73	1	2	-1
504	5	952.91	1	2	-1
504	5	1397.9	0	2	-1
504	5	833.83	1	2	-1
504	5	2555.2	1	2	-1
504	5	1705.7	1	2	-1
504	5	701.85	1	2	-1
504	5	694.72	1	2	-1
504	5	1055.5	1	2	-1
504	5	648.56	1	2	-1
504	5	680.17	1	2	-1
504	5	989.55	1	2	-1
504	5	765.14	1	2	-1
504	5	1325.9	1	2	-1
504	5	786.44	1	2	-1
504	5	1331.2	1	2	-1
504	5	2045.7	1	2	-1
504	5	932.11	1	2	-1
504	5	925.39	1	2	-1
504	5	856.32	1	2	-1
504	5	833.9	1	2	-1
504	5	737.11	1	2	-1
504	5	730.25	1	2	-1
504	5	710.03	1	2	-1
504	5	1267.8	1	2	-1
504	5	787.04	1	2	-1
504	5	1013.3	1	2	-1
504	5	829.03	1	2	-1
504	5	1571.1	1	2	-1
504	5	743.7	1	2	-1
504	5	725.83	1	2	-1
504	5	747.92	1	2	-1
504	5	933.03	1	2	-1
504	5	1814.1	1	2	-1
504	5	1255.9	1	2	-1
504	5	911.69	1	2	-1
504	5	816.57	1	2	-1
504	5	1435.7	1	2	-1
504	5	1419.6	1	2	-1
504	5	1030	1	2	-1
504	5	820.23	1	2	-1
504	5	830.62	1	2	-1
504	5	936.96	1	2	-1
504	5	978.98	1	2	-1
504	5	884.56	1	2	-1
504	5	1219.2	1	2	-1
504	5	786.4	1	2	-1
504	5	848.94	1	2	-1
504	5	641.17	1	2	-1
504	5	1429.7	1	2	-1
504	5	1147.5	1	2	-1
504	5	859.8	1	2	-1
504	5	621.74	1	2	-1
504	5	746.53	1	2	-1
504	5	803.41	1	2	-1
504	5	909.3	1	2	-1
504	5	1416.8	1	2	-1
504	5	690.81	1	2	-1
504	5	1036.1	1	2	-1
504	5	624.7	1	2	-1
504	5	780.65	1	2	-1
504	5	790.52	1	2	-1
504	5	928.49	1	2	-1
504	5	589.51	1	2	-1
504	5	647.15	1	2	-1
504	5	787.76	1	2	-1
504	5	903.41	1	2	-1
504	5	2327.2	0	2	-1
504	5	859.89	1	2	-1
504	5	741.41	1	2	-1
504	5	1637.6	1	2	-1
504	5	725.54	1	2	-1
504	5	799.55	1	2	-1
504	5	794.6	1	2	-1
504	5	968.07	1	2	-1
504	5	886.56	1	2	-1
504	5	870.68	0	2	-1
504	5	835.47	1	2	-1
504	5	824.15	1	2	-1
504	5	952.63	1	2	-1
504	5	684.6	1	2	-1
504	5	864.23	1	2	-1
504	5	726.79	1	2	-1
504	5	801	1	2	-1
504	5	1896.5	1	2	-1
504	5	809.35	1	2	-1
504	5	1705.8	1	2	-1
504	5	780.84	1	2	-1
504	5	1121.2	1	2	-1
504	5	971.4	1	2	-1
504	5	1138.1	1	2	-1
504	5	1165	1	2	-1
504	5	1508.1	1	2	-1
504	5	1510.3	1	2	-1
504	5	948.29	1	2	-1
504	5	776.46	1	2	-1
504	5	758.58	1	2	-1
504	5	1690.7	1	2	-1
504	5	1031.1	1	2	-1
504	5	906.13	1	2	-1
504	5	846.7	1	2	-1
504	5	858.72	1	2	-1
504	5	987.45	1	2	-1
504	5	768.36	1	2	-1
504	5	695.42	1	2	-1
504	5	890.51	1	2	-1
504	5	994.4	1	2	-1
504	5	1250.8	1	2	-1
504	5	915.29	1	2	-1
504	5	778.11	1	2	-1
504	5	1704.6	1	2	-1
504	5	733.2	1	2	-1
504	5	785.76	1	2	-1
504	5	657.48	1	2	-1
504	5	1092.9	1	2	-1
504	5	1244.1	1	2	-1
504	5	957.14	0	2	-1
504	5	942.7	1	2	-1
504	5	1201.7	1	2	-1
504	5	874.08	1	2	-1
504	5	643.25	1	2	-1
504	5	885.3	1	2	-1
504	5	1709.1	1	2	-1
504	5	783.27	1	2	-1
504	5	659.69	1	2	-1
504	5	577.63	1	2	-1
504	5	1347.7	0	2	-1
504	5	722.88	1	2	-1
504	5	670.12	1	2	-1
504	5	726	1	2	-1
504	5	1526	1	2	-1
504	5	786.32	1	2	-1
504	5	846.16	1	2	-1
504	5	1467.4	1	2	-1
504	5	696.71	1	2	-1
504	5	702.02	1	2	-1
504	5	1471	1	2	-1
504	5	1331.2	1	2	-1
504	5	1105.3	1	2	-1
504	5	925.91	1	2	-1
504	5	1323	1	2	-1
504	5	1004.1	1	2	-1
504	5	862.72	1	2	-1
504	5	1193.6	1	2	-1
504	5	720.44	1	2	-1
504	5	845.15	1	2	-1
504	5	1126.7	1	2	-1
504	5	1173.5	1	2	-1
504	5	1218.5	1	2	-1
504	5	1407.3	1	2	-1
504	5	917.3	1	2	-1
504	5	976.27	1	2	-1
504	5	853.94	1	2	-1
504	5	858.3	1	2	-1
504	5	577.57	1	2	-1
504	5	694.46	1	2	-1
504	5	629.79	1	2	-1
504	5	915.35	1	2	-1
504	5	721.89	1	2	-1
504	5	921.91	1	2	-1
504	5	1240.9	1	2	-1
504	5	676.46	1	2	-1
504	5	1717.7	1	2	-1
504	5	679.69	1	2	-1
504	5	801.78	1	2	-1
504	5	792.23	1	2	-1
504	5	716.07	1	2	-1
504	5	883.46	1	2	-1
504	5	742.42	1	2	-1
504	5	700.69	1	2	-1
504	5	683.15	1	2	-1
504	5	837.57	1	2	-1
504	5	761.98	1	2	-1
504	5	893.6	1	2	-1
504	5	1343.9	1	2	-1
504	5	890.31	1	2	-1
504	5	964.85	1	2	-1
504	5	643.83	0	2	-1
504	5	1380.2	1	2	-1
504	5	958.11	1	2	-1
504	5	650.65	1	2	-1
504	5	617.24	1	2	-1
504	5	1677.2	1	2	-1
504	5	1316.6	1	2	-1
504	5	942.04	1	2	-1
504	5	817.07	1	2	-1
504	5	749.85	1	2	-1
504	5	797.25	1	2	-1
504	5	709.18	1	2	-1
504	5	1199.4	1	2	-1
504	5	1381.7	1	2	-1
504	5	608.09	1	2	-1
504	5	1225.3	1	2	-1
504	5	610.27	1	2	-1
504	5	1698.7	1	2	-1
504	5	698.56	0	2	-1
504	5	1069.9	1	2	-1
504	5	788.89	1	2	-1
504	5	873.37	1	2	-1
504	5	697	1	2	-1
504	5	1128.5	1	2	-1
504	5	1686.6	1	2	-1
504	5	1159	1	2	-1
504	5	823.91	1	2	-1
504	5	762.06	1	2	-1
504	5	734.15	1	2	-1
504	5	662.61	1	2	-1
504	5	1041.5	1	2	-1
504	5	1154.3	1	2	-1
504	5	920.32	1	2	-1
504	5	1825.2	1	2	-1
504	5	853.72	1	2	-1
504	5	1036.8	1	2	-1
504	5	745.27	1	2	-1
504	5	873.9	1	2	-1
504	5	720.48	1	2	-1
504	5	1256.6	1	2	-1
504	5	766.29	1	2	-1
504	5	1019.7	1	2	-1
504	5	816.9	1	2	-1
504	5	1104.7	1	2	-1
504	5	776.48	1	2	-1
504	5	920.16	1	2	-1
504	5	1581	1	2	-1
504	5	1296.2	1	2	-1
504	5	756.9	1	2	-1
504	5	850.76	1	2	-1
504	5	909.82	1	2	-1
504	5	766.6	1	2	-1
504	5	694.3	1	2	-1
504	5	863.7	1	2	-1
504	5	982.09	1	2	-1
504	5	747.26	1	2	-1
504	5	678.03	1	2	-1
504	5	1860.7	1	2	-1
504	5	715.67	1	2	-1
504	5	1316	1	2	-1
504	5	1720.7	1	2	-1
504	5	627.09	1	2	-1
504	5	869.44	1	2	-1
504	5	1036.6	1	2	-1
504	5	1502.1	1	2	-1
504	5	1352.8	1	2	-1
504	5	812.26	1	2	-1
504	5	798.48	1	2	-1
504	5	1134.6	1	2	-1
504	5	693.87	1	2	-1
504	5	968.93	1	2	-1
504	5	648.24	1	2	-1
504	5	1777.7	1	2	-1
504	5	1601.2	1	2	-1
504	5	945.27	1	2	-1
504	5	1433.1	1	2	-1
504	5	2038.7	1	2	-1
504	5	753.71	1	2	-1
504	5	943.03	1	2	-1
504	5	932.54	1	2	-1
504	5	722.29	1	2	-1
504	5	918.3	1	2	-1
504	5	973.21	1	2	-1
504	5	736.66	1	2	-1
504	5	790.59	1	2	-1
504	5	750.93	1	2	-1
504	5	1107.9	1	2	-1
504	5	621.29	1	2	-1
504	5	804.59	1	2	-1
504	5	786.46	1	2	-1
504	5	1517.2	1	2	-1
504	5	1047.6	1	2	-1
504	5	1170.6	1	2	-1
504	5	1157.2	1	2	-1
504	5	887.02	1	2	-1
504	5	953.43	1	2	-1
504	5	1007	1	2	-1
504	5	800.8	1	2	-1
504	5	790.38	1	2	-1
504	5	794.4	1	2	-1
504	5	915.91	1	2	-1
504	5	1094.6	1	2	-1
504	5	743.92	1	2	-1
504	5	899.22	1	2	-1
504	5	1285.2	1	2	-1
504	5	777.25	1	2	-1
504	5	647.3	1	2	-1
504	5	805.67	1	2	-1
504	5	691.8	1	2	-1
504	5	1121.8	1	2	-1
504	5	1510.2	1	2	-1
504	5	718.14	1	2	-1
504	5	727.95	1	2	-1
504	5	1584.6	1	2	-1
504	5	1016.1	1	2	-1
504	5	658.15	1	2	-1
504	5	1077.9	1	2	-1
504	5	758.65	1	2	-1
504	5	930.6	1	2	-1
504	5	781.64	1	2	-1
504	5	1223.2	1	2	-1
504	5	1201.8	1	2	-1
504	5	1771.4	1	2	-1
504	5	1425.7	1	2	-1
504	5	1467.1	1	2	-1
504	5	1291.3	1	2	-1
504	5	1011.9	1	1	-1
504	5	803.59	1	1	-1
504	5	1221.6	1	1	-1
504	5	872.4	1	1	-1
504	5	630.87	1	1	-1
504	5	1113.6	1	1	-1
504	5	797.99	1	1	-1
504	5	575.11	1	1	-1
504	5	961.48	1	1	-1
504	5	1103.4	1	1	-1
504	5	588.2	1	1	-1
504	5	752.48	1	1	-1
504	5	715.33	1	1	-1
504	5	652.61	1	1	-1
504	5	877.78	1	1	-1
504	5	1024.4	1	1	-1
504	5	1555.9	1	1	-1
504	5	763.71	1	1	-1
504	5	1304.7	1	1	-1
504	5	833.05	0	1	-1
504	5	1551.8	1	1	-1
504	5	970	1	1	-1
504	5	1126.9	1	1	-1
504	5	720.31	1	1	-1
504	5	1853.8	1	1	-1
504	5	958.23	1	1	-1
504	5	959.74	1	1	-1
504	5	904.99	1	1	-1
504	5	639.21	1	1	-1
504	5	646.26	1	1	-1
504	5	1254.5	1	1	-1
504	5	799.77	1	1	-1
504	5	1610.2	1	1	-1
504	5	1024.7	1	1	-1
504	5	754.83	1	1	-1
504	5	1654.5	1	1	-1
504	5	848.19	1	1	-1
504	5	1482.2	1	1	-1
504	5	1458.8	1	1	-1
504	5	836.51	1	1	-1
504	5	1872.4	1	1	-1
504	5	778.89	1	1	-1
504	5	733.09	1	1	-1
504	5	793.94	1	1	-1
504	5	1000.3	1	1	-1
504	5	1453.9	1	1	-1
504	5	950.62	1	1	-1
504	5	700.03	1	1	-1
504	5	692.45	1	1	-1
504	5	818.09	1	1	-1
504	5	694.24	1	1	-1
504	5	780.73	1	1	-1
504	5	747.94	1	1	-1
504	5	899.84	1	1	-1
504	5	946.28	1	1	-1
504	5	736.13	1	1	-1
504	5	798.8	1	1	-1
504	5	941.56	1	1	-1
504	5	937.32	1	1	-1
504	5	878.15	1	1	-1
504	5	565.29	1	1	-1
504	5	1780.4	1	1	-1
504	5	873.11	1	1	-1
504	5	766.28	1	1	-1
504	5	791.46	1	1	-1
504	5	1271.9	1	1	-1
504	5	1679.6	1	1	-1
504	5	781.99	1	1	-1
504	5	870.95	1	1	-1
504	5	784.38	1	1	-1
504	5	1069.8	1	1	-1
504	5	873.75	1	1	-1
504	5	1218.8	1	1	-1
504	5	938.76	1	1	-1
504	5	1345.8	1	1	-1
504	5	1461.5	1	1	-1
504	5	640.6	1	1	-1
504	5	1026.2	1	1	-1
504	5	808.69	1	1	-1
504	5	1522.7	1	1	-1
504	5	832.75	1	1	-1
504	5	740.73	1	1	-1
504	5	778.55	1	1	-1
504	5	1114.4	1	1	-1
504	5	860.66	1	1	-1
504	5	969.56	1	1	-1
504	5	1284.6	1	1	-1
504	5	669.6	1	1	-1
504	5	1023.2	1	1	-1
504	5	793.45	1	1	-1
504	5	730.62	1	1	-1
504	5	796.73	1	1	-1
504	5	1500.7	1	1	-1
504	5	722.36	1	1	-1
504	5	845.03	1	1	-1
504	5	766.19	1	1	-1
504	5	863.4	1	1	-1
504	5	856.66	1	1	-1
504	5	663.62	1	1	-1
504	5	723.02	1	1	-1
504	5	975.48	1	1	-1
504	5	1545.8	1	1	-1
504	5	1132.8	1	1	-1
504	5	775.2	1	1	-1
504	5	821.49	1	1	-1
504	5	787.58	1	1	-1
504	5	691.99	1	1	-1
504	5	702.86	1	1	-1
504	5	925.04	1	1	-1
504	5	959.23	1	1	-1
504	5	675.23	1	1	-1
504	5	803.34	1	1	-1
504	5	610.5	1	1	-1
504	5	750.95	1	1	-1
504	5	1396.5	1	1	-1
504	5	719.53	1	1	-1
504	5	1130.7	1	1	-1
504	5	658.11	1	1	-1
504	5	1289.3	1	1	-1
504	5	882.97	1	1	-1
504	5	744.1	0	1	-1
504	5	711.18	1	1	-1
504	5	654.13	1	1	-1
504	5	767.7	1	1	-1
504	5	908.41	1	1	-1
504	5	1004.3	1	1	-1
504	5	1446.4	1	1	-1
504	5	896.25	1	1	-1
504	5	864.47	1	1	-1
504	5	1099.7	1	1	-1
504	5	686.66	1	1	-1
504	5	896.08	1	1	-1
504	5	1316.7	1	1	-1
504	5	987.05	1	1	-1
504	5	882.68	1	1	-1
504	5	770.08	1	1	-1
504	5	700.79	1	1	-1
504	5	706	1	1	-1
504	5	1387.6	1	1	-1
504	5	1231.6	1	1	-1
504	5	1430.2	1	1	-1
504	5	833.58	1	1	-1
504	5	1900.7	1	1	-1
504	5	1283.5	1	1	-1
504	5	865.23	1	1	-1
504	5	738.05	1	1	-1
504	5	817.37	1	1	-1
504	5	882.77	1	1	-1
504	5	1136.7	1	1	-1
504	5	763.43	1	1	-1
504	5	867.65	1	1	-1
504	5	1205.1	1	1	-1
504	5	1058.4	1	1	-1
504	5	936.29	1	1	-1
504	5	1052.1	1	1	-1
504	5	695.48	1	1	-1
504	5	626.28	1	1	-1
504	5	673.16	1	1	-1
504	5	807.08	1	1	-1
504	5	898.38	1	1	-1
504	5	873.36	1	1	-1
504	5	705.74	1	1	-1
504	5	754.38	1	1	-1
504	5	777.38	1	1	-1
504	5	765.77	1	1	-1
504	5	744.62	1	1	-1
504	5	959.67	1	1	-1
504	5	625.09	1	1	-1
504	5	1216.6	1	1	-1
504	5	645.54	1	1	-1
504	5	939.34	1	1	-1
504	5	1233	1	1	-1
504	5	1125.9	1	1	-1
504	5	1024.5	1	1	-1
504	5	848.9	1	1	-1
504	5	821.45	1	1	-1
504	5	659.17	1	1	-1
504	5	897.98	1	1	-1
504	5	775.29	1	1	-1
504	5	783.83	1	1	-1
504	5	684.08	1	1	-1
504	5	623.85	1	1	-1
504	5	1018.3	1	1	-1
504	5	911.28	1	1	-1
504	5	760.58	1	1	-1
504	5	988.15	1	1	-1
504	5	621.48	1	1	-1
504	5	791.45	1	1	-1
504	5	750.96	1	1	-1
504	5	799.46	1	1	-1
504	5	1091.2	1	1	-1
504	5	944.41	1	1	-1
504	5	1139.7	1	1	-1
504	5	1168.4	1	1	-1
504	5	1919.8	1	1	-1
504	5	945.45	1	1	-1
504	5	709.43	1	1	-1
504	5	876.13	1	1	-1
504	5	749.34	1	1	-1
504	5	980.72	1	1	-1
504	5	835.81	1	1	-1
504	5	712.46	1	1	-1
504	5	849.45	1	1	-1
504	5	675.21	1	1	-1
504	5	824.83	1	1	-1
504	5	778.14	1	1	-1
504	5	838.07	1	1	-1
504	5	795.19	1	1	-1
504	5	705.34	1	1	-1
504	5	739.54	1	1	-1
504	5	792.23	1	1	-1
504	5	808.31	1	1	-1
504	5	1078.4	1	1	-1
504	5	751.65	1	1	-1
504	5	640.94	1	1	-1
504	5	699.63	1	1	-1
504	5	624.35	1	1	-1
504	5	1182.8	1	1	-1
504	5	1505.4	1	1	-1
504	5	727.32	1	1	-1
504	5	1666.6	1	1	-1
504	5	587.35	1	1	-1
504	5	1047.5	1	1	-1
504	5	711.98	1	1	-1
504	5	719.55	1	1	-1
504	5	1312.4	1	1	-1
504	5	1123.3	1	1	-1
504	5	755.29	1	1	-1
504	5	704.3	1	1	-1
504	5	1489	1	1	-1
504	5	1008.5	1	1	-1
504	5	836.95	1	1	-1
504	5	1098.8	1	1	-1
504	5	676.75	1	1	-1
504	5	729.41	1	1	-1
504	5	1012.8	1	1	-1
504	5	1301	1	1	-1
504	5	703.15	1	1	-1
504	5	800.88	1	1	-1
504	5	826.55	1	1	-1
504	5	780.76	1	1	-1
504	5	800.41	1	1	-1
504	5	734.58	1	1	-1
504	5	941.51	1	1	-1
504	5	1236.6	1	1	-1
504	5	1968.4	1	1	-1
504	5	914.46	1	1	-1
504	5	728.58	1	1	-1
504	5	997.24	1	1	-1
504	5	829.74	1	1	-1
504	5	657.78	1	1	-1
504	5	599.03	1	1	-1
504	5	800.48	1	1	-1
504	5	963.73	1	1	-1
504	5	835.5	1	1	-1
504	5	789	1	1	-1
504	5	818.44	1	1	-1
504	5	917.9	1	1	-1
504	5	775.24	1	1	-1
504	5	750.16	1	1	-1
504	5	617.93	1	1	-1
504	5	727.75	1	1	-1
504	5	802.88	1	1	-1
504	5	880.27	1	1	-1
504	5	770.57	1	1	-1
504	5	858.6	1	1	-1
504	5	724.79	1	1	-1
504	5	700.66	1	1	-1
504	5	791.3	1	1	-1
504	5	724.49	1	1	-1
504	5	1011.6	1	1	-1
504	5	869.3	1	1	-1
504	5	3055.3	1	1	-1
504	5	686.76	1	1	-1
504	5	837.71	1	1	-1
504	5	680.84	1	1	-1
504	5	669.93	1	1	-1
504	5	654.49	1	1	-1
504	5	1496.1	1	1	-1
504	5	1029.7	1	1	-1
504	5	800.28	1	1	-1
504	5	668.89	1	1	-1
504	5	671.97	1	1	-1
504	5	675.5	1	1	-1
504	5	903.03	1	1	-1
504	5	679.15	1	1	-1
504	5	1096.8	1	1	-1
504	5	769.47	1	1	-1
504	5	817.3	1	1	-1
504	5	750.23	1	1	-1
504	5	892.78	1	1	-1
504	5	966.47	1	1	-1
504	5	611.72	1	1	-1
504	5	1436.3	1	1	-1
504	5	1104.5	1	1	-1
504	5	946.29	1	1	-1
504	5	761.26	1	1	-1
504	5	754.71	1	1	-1
504	5	973.42	1	1	-1
504	5	1335.6	1	1	-1
504	5	1312.9	1	1	-1
504	5	897.79	1	1	-1
504	5	724.57	1	1	-1
504	5	1247.5	1	1	-1
504	5	2213.5	1	1	-1
504	5	821.28	1	1	-1
504	5	880.74	1	1	-1
504	5	769.41	1	1	-1
504	5	763.4	1	1	-1
504	5	1229.1	1	1	-1
504	5	2046.4	1	1	-1
504	5	822.27	1	1	-1
504	5	757.8	1	1	-1
504	5	902.5	1	1	-1
504	5	661.71	1	1	-1
504	5	1084.7	1	1	-1
504	5	1274.8	1	1	-1
504	5	777.82	1	1	-1
504	5	933.74	1	1	-1
504	5	885.4	1	1	-1
504	5	773.17	1	1	-1
504	5	745.64	1	1	-1
504	5	735.12	1	1	-1
504	5	895.14	1	1	-1
504	5	879.71	1	1	-1
504	5	809.62	1	1	-1
504	5	744.77	1	1	-1
504	5	839.61	1	1	-1
504	5	719.38	1	1	-1
504	5	789.51	1	1	-1
504	5	861.76	1	1	-1
504	5	671.79	1	1	-1
504	5	656.42	1	1	-1
504	5	744.35	1	1	-1
504	5	969.9	1	1	-1
504	5	1052.5	1	1	-1
504	5	1240.1	1	1	-1
504	5	868.65	1	1	-1
504	5	958.9	1	1	-1
504	5	1082.2	1	1	-1
504	5	609.51	1	1	-1
504	5	671.21	1	1	-1
504	5	761.04	1	1	-1
504	5	669.54	1	1	-1
504	5	1493.9	1	1	-1
504	5	673.75	1	1	-1
504	5	685.58	1	1	-1
504	5	705.76	1	1	-1
504	5	712.48	1	1	-1
504	5	1380.8	1	1	-1
504	5	780.1	1	1	-1
504	5	710.03	1	1	-1
504	5	733.41	1	1	-1
504	5	815.07	1	1	-1
504	5	678.86	1	1	-1
504	5	801.33	1	1	-1
504	5	943.83	1	1	-1
504	5	1150.5	0	-1	2
504	5	1817	1	-1	2
504	5	958.43	0	-1	2
504	5	1433.5	1	-1	2
504	5	1510.5	0	-1	2
504	5	797.36	0	-1	2
504	5	2109.1	1	-1	2
504	5	1502.5	0	-1	2
504	5	1911.5	0	-1	2
504	5	1242.7	1	-1	2
504	5	1423.9	1	-1	2
504	5	1085.9	0	-1	2
504	5	2396.1	1	-1	2
504	5	1548.4	0	-1	2
504	5	1462.3	1	-1	2
504	5	1394.5	1	-1	2
504	5	1298.4	1	-1	2
504	5	988.24	1	-1	2
504	5	1220.5	0	-1	2
504	5	1815.7	0	-1	2
504	5	1101.6	0	-1	2
504	5	1413.4	1	-1	2
504	5	937.12	0	-1	2
504	5	1377.7	0	-1	2
504	5	2320.4	0	-1	2
504	5	2493.5	1	-1	2
504	5	1810.1	1	-1	2
504	5	1240.7	0	-1	2
504	5	2585.6	0	-1	2
504	5	1084.2	0	-1	2
504	5	1654.2	0	-1	2
504	5	1485.8	1	-1	2
504	5	1902.8	0	-1	2
504	5	2860.2	1	-1	2
504	5	2288.4	0	-1	2
504	5	1345.8	0	-1	2
504	5	1487	0	-1	2
504	5	1668.1	0	-1	2
504	5	1898.3	0	-1	2
504	5	2615	0	-1	2
504	5	1506.6	0	-1	2
504	5	3187.3	0	-1	2
504	5	2835.7	0	-1	2
504	5	2615.1	0	-1	2
504	5	2921.5	0	-1	2
504	5	1789.5	1	-1	2
504	5	1620.8	0	-1	2
504	5	1492	0	-1	2
504	5	1545.4	0	-1	2
504	5	1241.1	1	-1	2
504	5	1057.2	0	-1	2
504	5	1389.2	0	-1	2
504	5	1074.5	0	-1	2
504	5	1358.9	0	-1	2
504	5	1237.1	1	-1	2
504	5	1245.1	0	-1	2
504	5	2564	0	-1	2
504	5	1078.2	0	-1	2
504	5	690.59	0	-1	2
504	5	1268.8	0	-1	2
504	5	1456.2	1	-1	2
504	5	1072.9	1	-1	2
504	5	1564.3	0	-1	2
504	5	1330.3	0	-1	2
504	5	2329.5	0	-1	2
504	5	1666.1	1	-1	2
504	5	991.86	1	-1	2
504	5	1101	1	-1	2
504	5	1435.4	0	-1	2
504	5	1255.1	0	-1	2
504	5	3295.5	1	-1	2
504	5	1859.4	0	-1	2
504	5	3688.1	0	-1	2
504	5	1838.5	0	-1	2
504	5	1987.8	0	-1	2
504	5	1650.1	0	-1	2
504	5	1586.1	0	-1	2
504	5	1376.3	0	-1	2
504	5	3169.2	0	-1	2
504	5	1060	1	-1	2
504	5	1451.2	0	-1	2
504	5	1996.4	1	-1	2
504	5	1571.8	0	-1	2
504	5	1053.9	1	-1	2
504	5	1921.5	1	-1	2
504	5	913.57	0	-1	2
504	5	1350.9	1	-1	2
504	5	1668.8	1	-1	2
504	5	1021.8	1	-1	2
504	5	1360.8	1	-1	2
504	5	1093.2	1	-1	2
504	5	1428.9	1	-1	2
504	5	1050.5	1	-1	2
504	5	1427.7	0	-1	2
504	5	1354.7	1	-1	2
504	5	972.12	0	-1	2
504	5	4232.1	0	-1	2
504	5	1444.3	0	-1	2
504	5	2993.9	1	-1	2
504	5	1630	1	-1	2
504	5	1978.6	1	-1	2
504	5	1697.2	1	-1	2
504	5	1362.2	0	-1	2
504	5	1264.9	1	-1	2
504	5	1117.1	0	-1	2
504	5	1214	1	-1	2
504	5	1296.5	1	-1	2
504	5	868.19	1	-1	2
504	5	2246.9	0	-1	2
504	5	2420.8	0	-1	2
504	5	3519	0	-1	2
504	5	1695.8	0	-1	2
504	5	1023.8	1	-1	2
504	5	1006.7	1	-1	2
504	5	2225.1	1	-1	2
504	5	1783.5	1	-1	2
504	5	1320	1	-1	2
504	5	1050	1	-1	2
504	5	992.72	1	-1	2
504	5	2220.1	1	-1	2
504	5	1238.3	1	-1	2
504	5	2369.7	1	-1	2
504	5	4266.9	1	-1	2
504	5	1733.1	0	-1	2
504	5	930.34	0	-1	2
504	5	2461.5	1	-1	2
504	5	2148.9	1	-1	2
504	5	1913.3	1	-1	2
504	5	1412.4	0	-1	2
504	5	2398.4	0	-1	2
504	5	3189.9	1	-1	2
504	5	2195.9	1	-1	2
504	5	2413.9	1	-1	2
504	5	1077.4	0	-1	2
504	5	2594.7	1	-1	2
504	5	1336.2	1	-1	2
504	5	1480.9	1	-1	2
504	5	1183.1	0	-1	2
504	5	1645.5	1	-1	2
504	5	1717	1	-1	2
504	5	2179.3	1	-1	2
504	5	2107.1	1	-1	2
504	5	2252.6	1	-1	2
504	5	1631.6	1	-1	2
504	5	1525.9	1	-1	2
504	5	1291.4	1	-1	2
504	5	1080.6	0	-1	2
504	5	1048.2	1	-1	2
504	5	1224.8	1	-1	2
504	5	1937.8	1	-1	2
504	5	1485.2	0	-1	2
504	5	1700.4	1	-1	2
504	5	3598.8	1	-1	2
504	5	1367.7	1	-1	2
504	5	615.05	0	-1	2
504	5	946.76	0	-1	2
504	5	1158.1	0	-1	2
504	5	1443.8	1	-1	2
504	5	912.69	1	-1	2
504	5	1364.1	0	-1	2
504	5	1451.1	1	-1	2
504	5	1013.9	0	-1	2
504	5	897.89	1	-1	2
504	5	2118.4	1	-1	2
504	5	1151.1	1	-1	2
504	5	1173.8	1	-1	2
504	5	1733.2	0	-1	2
504	5	1004.4	1	-1	2
504	5	1530.9	0	-1	2
504	5	2176.4	1	-1	2
504	5	1006.3	0	-1	2
504	5	977.89	1	-1	2
504	5	983.77	1	-1	2
504	5	1089.2	1	-1	2
504	5	1245.6	1	-1	2
504	5	2592.8	1	-1	2
504	5	827.6	1	-1	2
504	5	923.19	1	-1	2
504	5	894.57	1	-1	2
504	5	916.92	1	-1	2
504	5	1841	0	-1	2
504	5	997.99	1	-1	2
504	5	2193.4	0	-1	2
504	5	1288.5	1	-1	2
504	5	1131.3	1	-1	2
504	5	1566.7	0	-1	2
504	5	2281.1	1	-1	2
504	5	2546.6	1	-1	2
504	5	3011.6	1	-1	2
504	5	1572.4	0	-1	2
504	5	1562.7	1	-1	2
504	5	1409.7	1	-1	2
504	5	1103	1	-1	2
504	5	2752.3	1	-1	2
504	5	1924.1	1	-1	2
504	5	1340.2	1	-1	2
504	5	1519	1	-1	2
504	5	1017.1	1	-1	2
504	5	2152.3	0	-1	2
504	5	1369.4	1	-1	2
504	5	1145.6	1	-1	2
504	5	985.31	1	-1	2
504	5	859.36	1	-1	2
504	5	871.45	1	-1	2
504	5	1244.8	1	-1	2
504	5	1327.6	1	-1	2
504	5	960.5	1	-1	2
504	5	929.84	1	-1	2
504	5	782.96	1	-1	2
504	5	822.25	1	-1	2
504	5	1664.5	1	-1	2
504	5	2748.9	1	-1	2
504	5	2437.7	1	-1	2
504	5	852.76	1	-1	2
504	5	767.22	1	-1	2
504	5	2686	1	-1	2
504	5	1105.5	1	-1	2
504	5	2135.6	1	-1	2
504	5	1384	1	-1	2
504	5	1684.6	1	-1	2
504	5	1083.5	1	-1	2
504	5	1095.2	1	-1	2
504	5	937.09	1	-1	2
504	5	2467.9	0	-1	2
504	5	1352.7	1	-1	2
504	5	1467.5	1	-1	2
504	5	876.99	1	-1	2
504	5	828.87	1	-1	2
504	5	873.61	1	-1	2
504	5	934.86	1	-1	2
504	5	951.49	1	-1	2
504	5	1345.9	1	-1	2
504	5	1088.4	1	-1	2
504	5	1269.7	1	-1	2
504	5	1615.5	0	-1	2
504	5	2825	0	-1	2
504	5	2611.1	0	-1	2
504	5	936.72	1	-1	2
504	5	3273.7	1	-1	2
504	5	1856	1	-1	2
504	5	1136.8	1	-1	2
504	5	1716.6	1	-1	2
504	5	885.58	1	-1	2
504	5	1862.1	1	-1	2
504	5	2364.7	1	-1	2
504	5	1905.3	1	-1	2
504	5	1942.9	1	-1	2
504	5	2612.5	0	-1	2
504	5	1300.6	1	-1	2
504	5	2646.5	0	-1	2
504	5	1695.7	0	-1	2
504	5	3297.5	0	-1	2
504	5	2156.4	1	-1	2
504	5	972.04	1	-1	2
504	5	2711.5	1	-1	2
504	5	1608.5	1	-1	2
504	5	1852.1	1	-1	2
504	5	2452.5	1	-1	2
504	5	3217.2	1	-1	2
504	5	991.26	1	-1	2
504	5	865.46	1	-1	2
504	5	1513.1	1	-1	2
504	5	2309	1	-1	2
504	5	3028.9	0	-1	2
504	5	918.2	1	-1	2
504	5	3716.3	0	-1	2
504	5	1004	1	-1	2
504	5	931.73	1	-1	2
504	5	961.89	1	-1	2
504	5	1249.1	0	-1	2
504	5	1058.5	1	-1	2
504	5	788.03	1	-1	2
504	5	3255.3	1	-1	2
504	5	3591.6	0	-1	2
504	5	1580.6	1	-1	2
504	5	2674.4	1	-1	2
504	5	900.02	1	-1	2
504	5	1241.3	1	-1	2
504	5	862.79	1	-1	2
504	5	913	1	-1	2
504	5	1027	1	-1	2
504	5	2868.5	0	-1	2
504	5	1060.5	1	-1	2
504	5	2556.1	1	-1	2
504	5	1511	1	-1	2
504	5	1452.5	1	-1	2
504	5	1276.9	1	-1	2
504	5	3310.8	1	-1	2
504	5	2200.5	1	-1	2
504	5	3051.5	1	-1	2
504	5	1079.7	1	-1	2
504	5	1223	1	-1	2
504	5	2783.9	0	-1	2
504	5	1772.5	1	-1	2
504	5	1151.7	1	-1	2
504	5	2333.3	1	-1	2
504	5	1721	1	-1	2
504	5	2625.6	1	-1	2
504	5	2601.8	1	-1	2
504	5	2310.9	0	-1	2
504	5	3099.3	1	-1	2
504	5	1017.7	1	-1	2
504	5	2213.2	1	-1	2
504	5	1499.3	1	-1	2
504	5	2139.2	1	-1	2
504	5	3013.2	1	-1	2
504	5	1284.9	1	-1	2
504	5	1472.2	1	-1	2
504	5	1332.2	0	-1	2
504	5	1435	1	-1	2
504	5	922.21	1	-1	2
504	5	1151.9	1	-1	2
504	5	2961.3	1	-1	2
504	5	2478.6	1	-1	2
504	5	1934.6	1	-1	2
504	5	988.88	1	-1	2
504	5	949.46	1	-1	2
504	5	2760.2	1	-1	2
504	5	1863.1	1	-1	2
504	5	984.66	1	-1	2
504	5	818	1	-1	2
504	5	940.7	1	-1	2
504	5	974.72	1	-1	2
504	5	1200.4	1	-1	2
504	5	957	1	-1	2
504	5	937.79	1	-1	2
504	5	842.81	1	-1	2
504	5	1148.8	1	-1	2
504	5	1102	1	-1	2
504	5	837.72	1	-1	2
504	5	955.5	1	-1	2
504	5	1007	1	-1	2
504	5	2299.1	1	-1	2
504	5	2157.6	0	-1	2
504	5	1818.8	1	-1	2
504	5	3000.7	1	-1	2
504	5	860.22	1	-1	2
504	5	2121.4	1	-1	2
504	5	2469.6	1	-1	2
504	5	1183.2	1	-1	2
504	5	988.53	1	-1	2
504	5	896.16	1	-1	2
504	5	936.09	1	-1	2
504	5	1097.1	1	-1	2
504	5	1163.1	1	-1	2
504	5	2341.7	1	-1	2
504	5	1188.2	1	-1	2
504	5	791.04	1	-1	2
504	5	2012.7	1	-1	2
504	5	844.37	1	-1	2
504	5	4015.2	1	-1	2
504	5	2702.5	1	-1	2
504	5	1012	1	-1	2
504	5	1294.1	1	-1	2
504	5	3219.4	0	-1	2
504	5	839.03	1	-1	2
504	5	2698.7	1	-1	2
504	5	2342.9	1	-1	1
504	5	2037.9	0	-1	1
504	5	1814.7	0	-1	1
504	5	1768.1	1	-1	1
504	5	1814.1	1	-1	1
504	5	1501.5	0	-1	1
504	5	1337.2	0	-1	1
504	5	1228.8	1	-1	1
504	5	1464.9	0	-1	1
504	5	2080.7	0	-1	1
504	5	1020	0	-1	1
504	5	951.03	0	-1	1
504	5	728	0	-1	1
504	5	1937.7	0	-1	1
504	5	1238	1	-1	1
504	5	2717.6	0	-1	1
504	5	1255.2	1	-1	1
504	5	1353.8	0	-1	1
504	5	1293.5	0	-1	1
504	5	1697.6	0	-1	1
504	5	1527.8	0	-1	1
504	5	1937.1	1	-1	1
504	5	1913.2	0	-1	1
504	5	983.17	1	-1	1
504	5	2013.2	1	-1	1
504	5	1823.3	0	-1	1
504	5	2125.6	0	-1	1
504	5	872.53	0	-1	1
504	5	2002.8	0	-1	1
504	5	2520.8	1	-1	1
504	5	861.82	1	-1	1
504	5	1364.1	0	-1	1
504	5	1345.8	0	-1	1
504	5	3185	1	-1	1
504	5	1321.6	0	-1	1
504	5	2092.4	1	-1	1
504	5	1664.6	1	-1	1
504	5	2285.3	0	-1	1
504	5	1145.2	0	-1	1
504	5	1385.6	0	-1	1
504	5	1479.9	0	-1	1
504	5	2710.8	0	-1	1
504	5	1633.1	0	-1	1
504	5	1918	0	-1	1
504	5	2162	1	-1	1
504	5	1713.3	0	-1	1
504	5	2893.3	0	-1	1
504	5	2951.6	1	-1	1
504	5	1734	0	-1	1
504	5	1482.3	0	-1	1
504	5	959.81	1	-1	1
504	5	1652.9	0	-1	1
504	5	1759.4	1	-1	1
504	5	1473.2	1	-1	1
504	5	941.15	0	-1	1
504	5	2459	0	-1	1
504	5	1468.8	1	-1	1
504	5	1360.1	0	-1	1
504	5	3215.1	1	-1	1
504	5	1272.8	1	-1	1
504	5	1674.2	0	-1	1
504	5	2745.6	1	-1	1
504	5	1353	0	-1	1
504	5	2281.8	1	-1	1
504	5	1188.4	0	-1	1
504	5	1776.9	0	-1	1
504	5	2107.1	0	-1	1
504	5	2856.4	0	-1	1
504	5	1148.6	0	-1	1
504	5	970.73	0	-1	1
504	5	1722.7	1	-1	1
504	5	1648.1	1	-1	1
504	5	1289.6	0	-1	1
504	5	3109.2	1	-1	1
504	5	1877.5	0	-1	1
504	5	1219.9	0	-1	1
504	5	2267.9	1	-1	1
504	5	2403.2	1	-1	1
504	5	1482.7	1	-1	1
504	5	3489.8	0	-1	1
504	5	2272.7	0	-1	1
504	5	3037.9	1	-1	1
504	5	3159.7	0	-1	1
504	5	1398.5	0	-1	1
504	5	1647.2	0	-1	1
504	5	2453.8	0	-1	1
504	5	1579.2	0	-1	1
504	5	1932.2	0	-1	1
504	5	1804.8	1	-1	1
504	5	1424.8	1	-1	1
504	5	1915.1	1	-1	1
504	5	1363	0	-1	1
504	5	934.27	0	-1	1
504	5	1853.9	0	-1	1
504	5	1239.8	0	-1	1
504	5	2654.6	0	-1	1
504	5	1173.2	1	-1	1
504	5	1400.5	0	-1	1
504	5	1414.7	0	-1	1
504	5	1840.7	1	-1	1
504	5	1485.4	1	-1	1
504	5	3101.5	1	-1	1
504	5	2236.5	1	-1	1
504	5	1985.4	1	-1	1
504	5	1626.7	1	-1	1
504	5	1742.2	1	-1	1
504	5	2439.4	1	-1	1
504	5	1357.5	0	-1	1
504	5	1809.3	1	-1	1
504	5	2264.8	1	-1	1
504	5	2862.7	1	-1	1
504	5	1482.7	0	-1	1
504	5	1299.9	1	-1	1
504	5	1010.2	0	-1	1
504	5	2342.9	1	-1	1
504	5	1409	0	-1	1
504	5	1164	0	-1	1
504	5	1199.2	0	-1	1
504	5	1067	0	-1	1
504	5	2378.5	1	-1	1
504	5	1802.1	1	-1	1
504	5	3976	1	-1	1
504	5	3256.8	0	-1	1
504	5	3027.2	1	-1	1
504	5	1122.9	0	-1	1
504	5	3007.7	1	-1	1
504	5	3574.3	1	-1	1
504	5	1658.9	1	-1	1
504	5	2135.7	1	-1	1
504	5	2243.9	1	-1	1
504	5	1718	1	-1	1
504	5	1508	1	-1	1
504	5	2033.7	0	-1	1
504	5	2403.8	0	-1	1
504	5	1351.6	0	-1	1
504	5	861.22	1	-1	1
504	5	1274.6	1	-1	1
504	5	1545.4	1	-1	1
504	5	2265.6	1	-1	1
504	5	2248.8	0	-1	1
504	5	1679.5	1	-1	1
504	5	2169	1	-1	1
504	5	2059.7	1	-1	1
504	5	1712.2	1	-1	1
504	5	2403.5	0	-1	1
504	5	2633.9	0	-1	1
504	5	1338.7	0	-1	1
504	5	1148.4	0	-1	1
504	5	2520.3	0	-1	1
504	5	1915.5	1	-1	1
504	5	3246.5	1	-1	1
504	5	2015.2	0	-1	1
504	5	3090	0	-1	1
504	5	1688.7	0	-1	1
504	5	1007.8	0	-1	1
504	5	1570.8	1	-1	1
504	5	1598.9	0	-1	1
504	5	2220.1	0	-1	1
504	5	2722	1	-1	1
504	5	2740.2	1	-1	1
504	5	3016.6	1	-1	1
504	5	1825.9	1	-1	1
504	5	2698.6	0	-1	1
504	5	1357.3	1	-1	1
504	5	1356.8	1	-1	1
504	5	1392.2	0	-1	1
504	5	2933.8	0	-1	1
504	5	2279.2	1	-1	1
504	5	880.46	0	-1	1
504	5	1928	0	-1	1
504	5	1779.3	0	-1	1
504	5	1254	1	-1	1
504	5	1121.2	1	-1	1
504	5	2371.4	0	-1	1
504	5	2038.9	1	-1	1
504	5	2468.8	1	-1	1
504	5	2491.5	1	-1	1
504	5	1502.6	1	-1	1
504	5	1435.7	1	-1	1
504	5	2308.1	1	-1	1
504	5	1721.7	1	-1	1
504	5	957.67	1	-1	1
504	5	1296.6	1	-1	1
504	5	1377.8	1	-1	1
504	5	2085.4	0	-1	1
504	5	2624.8	1	-1	1
504	5	1682.2	1	-1	1
504	5	2682.5	1	-1	1
504	5	1753.4	1	-1	1
504	5	2517.1	0	-1	1
504	5	2407.3	0	-1	1
504	5	1061.9	1	-1	1
504	5	2558.3	1	-1	1
504	5	1813.9	1	-1	1
504	5	2396	1	-1	1
504	5	2153.2	0	-1	1
504	5	1835.8	1	-1	1
504	5	2605.2	0	-1	1
504	5	2535	1	-1	1
504	5	2400.3	1	-1	1
504	5	2265.6	1	-1	1
504	5	2098.7	0	-1	1
504	5	1474.5	1	-1	1
504	5	2173.9	1	-1	1
504	5	1165	1	-1	1
504	5	2125.7	1	-1	1
504	5	1170.5	0	-1	1
504	5	2008.7	0	-1	1
504	5	1112.7	0	-1	1
504	5	1681.1	1	-1	1
504	5	2445.2	0	-1	1
504	5	2866.4	1	-1	1
504	5	2984.2	0	-1	1
504	5	1316.6	0	-1	1
504	5	1573	1	-1	1
504	5	2301.8	0	-1	1
504	5	2666.4	1	-1	1
504	5	1117	1	-1	1
504	5	1330.4	1	-1	1
504	5	2462.8	1	-1	1
504	5	1343.7	1	-1	1
504	5	2894	0	-1	1
504	5	2236.1	1	-1	1
504	5	2071.6	1	-1	1
504	5	3464.6	1	-1	1
504	5	1998.5	1	-1	1
504	5	2322.6	0	-1	1
504	5	3270.7	1	-1	1
504	5	2916	1	-1	1
504	5	2154.1	1	-1	1
504	5	1851.6	1	-1	1
504	5	1468.3	0	-1	1
504	5	2319.9	1	-1	1
504	5	920.82	1	-1	1
504	5	1585.5	1	-1	1
504	5	1306.9	1	-1	1
504	5	2282.3	0	-1	1
504	5	3217.1	1	-1	1
504	5	1731.6	1	-1	1
504	5	3779.5	0	-1	1
504	5	1912.9	0	-1	1
504	5	2030.3	0	-1	1
504	5	2734.9	0	-1	1
504	5	3483.9	1	-1	1
504	5	2538.9	0	-1	1
504	5	2416.4	1	-1	1
504	5	2384.6	1	-1	1
504	5	2995.4	1	-1	1
504	5	1240.1	1	-1	1
504	5	2108.2	1	-1	1
504	5	1568.3	1	-1	1
504	5	1809.6	0	-1	1
504	5	4318.5	1	-1	1
504	5	3594.2	0	-1	1
504	5	1474.8	1	-1	1
504	5	2482.1	1	-1	1
504	5	1792.2	1	-1	1
504	5	1575.3	1	-1	1
504	5	2119.4	1	-1	1
504	5	3446.2	0	-1	1
504	5	1148.8	1	-1	1
504	5	2331.3	1	-1	1
504	5	2308.2	1	-1	1
504	5	3156.5	1	-1	1
504	5	1730.8	0	-1	1
504	5	1699.8	1	-1	1
504	5	2330.9	1	-1	1
504	5	896.67	1	-1	1
504	5	1729.4	1	-1	1
504	5	1745.6	1	-1	1
504	5	2372.4	1	-1	1
504	5	831.17	1	-1	1
504	5	1265.6	1	-1	1
504	5	2554.6	1	-1	1
504	5	3546.7	1	-1	1
504	5	1325.4	1	-1	1
504	5	3545.5	1	-1	1
504	5	2690.2	0	-1	1
504	5	1324.5	1	-1	1
504	5	1011.1	1	-1	1
504	5	1475.1	1	-1	1
504	5	2010.5	1	-1	1
504	5	2604	1	-1	1
504	5	3106.2	1	-1	1
504	5	1946.8	1	-1	1
504	5	1272.8	1	-1	1
504	5	1302.6	1	-1	1
504	5	2215.4	1	-1	1
504	5	1743.3	0	-1	1
504	5	2445.1	1	-1	1
504	5	2486.3	0	-1	1
504	5	2803.2	0	-1	1
504	5	2157.3	1	-1	1
504	5	2482.7	1	-1	1
504	5	2368.7	0	-1	1
504	5	1896.7	0	-1	1
504	5	1566.4	0	-1	1
504	5	2956.5	0	-1	1
504	5	2596.7	1	-1	1
504	5	1744.3	1	-1	1
504	5	2888.7	1	-1	1
504	5	2273.2	0	-1	1
504	5	1267.5	1	-1	1
504	5	1885.3	1	-1	1
504	5	2825.3	1	-1	1
504	5	3148.5	0	-1	1
504	5	1028.2	1	-1	1
504	5	1217.2	0	-1	1
504	5	996.11	1	-1	1
504	5	814.58	1	-1	1
504	5	927.24	1	-1	1
504	5	1684.1	1	-1	1
504	5	1357.3	1	-1	1
504	5	3044.5	1	-1	1
504	5	3212.3	1	-1	1
504	5	1852	1	-1	1
504	5	3419.7	0	-1	1
504	5	2898.2	1	-1	1
504	5	1842.8	1	-1	1
504	5	1227.8	1	-1	1
504	5	2677.7	1	-1	1
504	5	3148.2	0	-1	1
504	5	1176.1	0	-1	1
504	5	1736.5	1	-1	1
504	5	2465.6	0	-1	1
504	5	1507.8	1	-1	1
504	5	990.95	1	-1	1
504	5	1801.2	1	-1	1
504	5	1230.1	1	-1	1
504	5	1556.8	1	-1	1
504	5	867.72	1	-1	1
504	5	911.51	1	-1	1
504	5	1263.7	1	-1	1
504	5	1146.4	0	-1	1
504	5	1172	1	-1	1
504	5	1435.3	1	-1	1
504	5	2529.3	0	-1	1
504	5	1808.4	1	-1	1
504	5	2532.5	1	-1	1
504	5	1126	1	-1	1
504	5	2131.8	0	-1	1
504	5	1703.9	1	-1	1
504	5	1377.8	0	-1	1
504	5	1269.7	1	-1	1
504	5	1434.6	1	-1	1
504	5	2529.1	0	-1	1
504	5	1392.4	1	-1	1
504	5	894.29	1	-1	1
504	5	1093.6	1	-1	1
504	5	1435	1	-1	1
504	5	1943.9	1	-1	1
504	5	1880.7	1	-1	1
504	5	2093	1	-1	1
504	5	776.28	1	-1	1
504	5	1907.3	1	-1	1
504	5	1310.1	1	-1	1
504	5	2392.9	1	-1	-1
504	5	787.43	1	-1	-1
504	5	758.69	1	-1	-1
504	5	681.95	1	-1	-1
504	5	726.11	1	-1	-1
504	5	691.04	1	-1	-1
504	5	594.2	1	-1	-1
504	5	634.49	1	-1	-1
504	5	959.44	1	-1	-1
504	5	1016.6	1	-1	-1
504	5	808.71	1	-1	-1
504	5	755.21	1	-1	-1
504	5	1810.8	1	-1	-1
504	5	1034.8	1	-1	-1
504	5	1104.6	1	-1	-1
504	5	995.52	1	-1	-1
504	5	859.49	1	-1	-1
504	5	713.49	1	-1	-1
504	5	1015.2	1	-1	-1
504	5	848.24	1	-1	-1
504	5	934.35	1	-1	-1
504	5	1600	1	-1	-1
504	5	787.33	1	-1	-1
504	5	880.52	1	-1	-1
504	5	894.25	1	-1	-1
504	5	1297.3	1	-1	-1
504	5	684.07	1	-1	-1
504	5	686.96	1	-1	-1
504	5	838.13	1	-1	-1
504	5	1071.2	1	-1	-1
504	5	801.68	1	-1	-1
504	5	942.63	1	-1	-1
504	5	826.26	1	-1	-1
504	5	1007.1	1	-1	-1
504	5	680.95	1	-1	-1
504	5	1232.6	1	-1	-1
504	5	756.47	1	-1	-1
504	5	759.61	1	-1	-1
504	5	965.42	1	-1	-1
504	5	899.64	1	-1	-1
504	5	921.17	1	-1	-1
504	5	738.01	1	-1	-1
504	5	931.47	1	-1	-1
504	5	1013.4	1	-1	-1
504	5	1049.6	1	-1	-1
504	5	852.35	1	-1	-1
504	5	1085.4	1	-1	-1
504	5	698.32	1	-1	-1
504	5	1116.7	1	-1	-1
504	5	1452.2	1	-1	-1
504	5	1233.1	1	-1	-1
504	5	1245.3	1	-1	-1
504	5	915.85	1	-1	-1
504	5	698.41	1	-1	-1
504	5	1191.1	1	-1	-1
504	5	921.87	1	-1	-1
504	5	829.06	1	-1	-1
504	5	738.32	1	-1	-1
504	5	770.63	1	-1	-1
504	5	932.21	1	-1	-1
504	5	736.08	1	-1	-1
504	5	689.75	1	-1	-1
504	5	846.21	1	-1	-1
504	5	973.47	1	-1	-1
504	5	1183.1	1	-1	-1
504	5	1028.9	1	-1	-1
504	5	779.5	1	-1	-1
504	5	788.39	1	-1	-1
504	5	1564.6	1	-1	-1
504	5	964.49	1	-1	-1
504	5	842.46	1	-1	-1
504	5	915.77	1	-1	-1
504	5	1095.1	1	-1	-1
504	5	812.96	1	-1	-1
504	5	803.45	1	-1	-1
504	5	985.15	1	-1	-1
504	5	740.88	1	-1	-1
504	5	843.47	1	-1	-1
504	5	933.41	1	-1	-1
504	5	785.01	1	-1	-1
504	5	688.54	1	-1	-1
504	5	1133.6	1	-1	-1
504	5	840.2	1	-1	-1
504	5	789.99	1	-1	-1
504	5	1023.2	1	-1	-1
504	5	976.37	1	-1	-1
504	5	1120.5	1	-1	-1
504	5	1128.1	1	-1	-1
504	5	1049.7	1	-1	-1
504	5	907.51	1	-1	-1
504	5	803.19	1	-1	-1
504	5	704.44	1	-1	-1
504	5	1280.7	1	-1	-1
504	5	849.35	1	-1	-1
504	5	763.43	1	-1	-1
504	5	648.92	1	-1	-1
504	5	773.99	1	-1	-1
504	5	823.91	1	-1	-1
504	5	919.32	1	-1	-1
504	5	1203.2	1	-1	-1
504	5	1218.7	1	-1	-1
504	5	757.56	1	-1	-1
504	5	925.69	1	-1	-1
504	5	714.24	1	-1	-1
504	5	864.24	1	-1	-1
504	5	751.14	1	-1	-1
504	5	807.73	1	-1	-1
504	5	658.93	1	-1	-1
504	5	788.98	1	-1	-1
504	5	928.92	1	-1	-1
504	5	731.86	1	-1	-1
504	5	868.22	1	-1	-1
504	5	865.89	1	-1	-1
504	5	843.4	1	-1	-1
504	5	666.27	1	-1	-1
504	5	673.78	1	-1	-1
504	5	732.21	1	-1	-1
504	5	674.87	1	-1	-1
504	5	704.91	1	-1	-1
504	5	785.71	1	-1	-1
504	5	750.31	1	-1	-1
504	5	763.93	1	-1	-1
504	5	824.08	1	-1	-1
504	5	931.43	1	-1	-1
504	5	724	1	-1	-1
504	5	767.32	1	-1	-1
504	5	829.27	1	-1	-1
504	5	1370.5	1	-1	-1
504	5	805.93	1	-1	-1
504	5	1125.5	1	-1	-1
504	5	996.1	1	-1	-1
504	5	858.09	1	-1	-1
504	5	1339.4	1	-1	-1
504	5	1201.3	1	-1	-1
504	5	1133.3	1	-1	-1
504	5	4368.1	1	-1	-1
504	5	987.64	1	-1	-1
504	5	1368	1	-1	-1
504	5	1061.9	1	-1	-1
504	5	815.02	1	-1	-1
504	5	981.36	1	-1	-1
504	5	700.57	1	-1	-1
504	5	905.39	1	-1	-1
504	5	1081.9	1	-1	-1
504	5	1344.1	1	-1	-1
504	5	690.26	1	-1	-1
504	5	850.91	1	-1	-1
504	5	824.99	1	-1	-1
504	5	702.12	1	-1	-1
504	5	700.94	1	-1	-1
504	5	1121.1	1	-1	-1
504	5	723.93	1	-1	-1
504	5	1181.5	1	-1	-1
504	5	1040.2	1	-1	-1
504	5	764.53	1	-1	-1
504	5	711.06	1	-1	-1
504	5	691.53	1	-1	-1
504	5	951.54	1	-1	-1
504	5	843.16	1	-1	-1
504	5	1412.7	1	-1	-1
504	5	995.15	1	-1	-1
504	5	1294.2	1	-1	-1
504	5	736.07	1	-1	-1
504	5	855.12	1	-1	-1
504	5	866.98	1	-1	-1
504	5	782.62	1	-1	-1
504	5	831.35	1	-1	-1
504	5	646.34	1	-1	-1
504	5	675.91	1	-1	-1
504	5	644.28	1	-1	-1
504	5	879.19	1	-1	-1
504	5	977.68	1	-1	-1
504	5	714	1	-1	-1
504	5	818.3	1	-1	-1
504	5	734.38	1	-1	-1
504	5	925.5	1	-1	-1
504	5	691.68	1	-1	-1
504	5	860.49	1	-1	-1
504	5	872.46	1	-1	-1
504	5	843	1	-1	-1
504	5	749.61	1	-1	-1
504	5	743.55	1	-1	-1
504	5	621.5	1	-1	-1
504	5	808.8	1	-1	-1
504	5	1389.9	1	-1	-1
504	5	647.26	1	-1	-1
504	5	803.71	1	-1	-1
504	5	974.29	1	-1	-1
504	5	1336.9	1	-1	-1
504	5	1973.3	1	-1	-1
504	5	1841.4	1	-1	-1
504	5	966.88	1	-1	-1
504	5	1004.6	1	-1	-1
504	5	770.22	1	-1	-1
504	5	1146.4	1	-1	-1
504	5	1225.8	1	-1	-1
504	5	1608.2	1	-1	-1
504	5	768.68	1	-1	-1
504	5	776.7	1	-1	-1
504	5	1373.9	1	-1	-1
504	5	1119.2	1	-1	-1
504	5	937.86	1	-1	-1
504	5	1076.8	1	-1	-1
504	5	1027.4	1	-1	-1
504	5	685.16	1	-1	-1
504	5	755.45	1	-1	-1
504	5	742.9	1	-1	-1
504	5	661.3	1	-1	-1
504	5	733.89	1	-1	-1
504	5	657.12	1	-1	-1
504	5	750.52	1	-1	-1
504	5	796.73	1	-1	-1
504	5	2195.2	1	-1	-1
504	5	759.79	1	-1	-1
504	5	752.68	1	-1	-1
504	5	1024.6	1	-1	-1
504	5	709.88	1	-1	-1
504	5	746.64	1	-1	-1
504	5	1010.2	1	-1	-1
504	5	630.38	1	-1	-1
504	5	805.36	1	-1	-1
504	5	700.43	1	-1	-1
504	5	759.62	1	-1	-1
504	5	883.51	1	-1	-1
504	5	604.26	1	-1	-1
504	5	1370.1	1	-1	-1
504	5	868.07	1	-1	-1
504	5	702.16	1	-1	-1
504	5	784	1	-1	-1
504	5	1211.8	1	-1	-1
504	5	777.17	1	-1	-1
504	5	810.34	1	-1	-1
504	5	887.88	1	-1	-1
504	5	939.51	1	-1	-1
504	5	813.2	1	-1	-1
504	5	639.5	1	-1	-1
504	5	1159	1	-1	-1
504	5	628.5	1	-1	-1
504	5	818.29	1	-1	-1
504	5	730.77	1	-1	-1
504	5	901.16	1	-1	-1
504	5	991.7	1	-1	-1
504	5	1453.1	1	-1	-1
504	5	686.38	1	-1	-1
504	5	778.53	1	-1	-1
504	5	641.99	1	-1	-1
504	5	764.52	1	-1	-1
504	5	811.15	1	-1	-1
504	5	1186.2	1	-1	-1
504	5	725.75	1	-1	-1
504	5	928.26	1	-1	-1
504	5	713.44	1	-1	-1
504	5	701.04	1	-1	-1
504	5	791.36	1	-1	-1
504	5	2502.3	1	-1	-1
504	5	2427.4	1	-1	-1
504	5	734.8	1	-1	-1
504	5	723.37	1	-1	-1
504	5	751.34	1	-1	-1
504	5	821.79	1	-1	-1
504	5	932.84	1	-1	-1
504	5	761.89	1	-1	-1
504	5	1328.7	1	-1	-1
504	5	963.5	1	-1	-1
504	5	873.9	1	-1	-1
504	5	732.47	1	-1	-1
504	5	697.35	1	-1	-1
504	5	651.88	1	-1	-1
504	5	708.72	1	-1	-1
504	5	732.68	1	-1	-1
504	5	791.84	1	-1	-1
504	5	888.53	1	-1	-1
504	5	806.87	1	-1	-1
504	5	768.28	1	-1	-1
504	5	697.68	1	-1	-1
504	5	939.32	1	-1	-1
504	5	723.41	1	-1	-1
504	5	1094.4	1	-1	-1
504	5	700.62	1	-1	-1
504	5	699.6	1	-1	-1
504	5	651.36	1	-1	-1
504	5	872.41	1	-1	-1
504	5	679.99	1	-1	-1
504	5	1072	1	-1	-1
504	5	664.47	1	-1	-1
504	5	966.28	1	-1	-1
504	5	712.73	1	-1	-1
504	5	893.5	1	-1	-1
504	5	1166.8	1	-1	-1
504	5	847.98	1	-1	-1
504	5	823.31	1	-1	-1
504	5	1111.9	1	-1	-1
504	5	795.26	1	-1	-1
504	5	838.7	1	-1	-1
504	5	1328.3	1	-1	-1
504	5	897.74	1	-1	-1
504	5	682.39	1	-1	-1
504	5	885.57	1	-1	-1
504	5	850.51	1	-1	-1
504	5	727.52	1	-1	-1
504	5	817.43	1	-1	-1
504	5	816.95	1	-1	-1
504	5	1440.6	1	-1	-1
504	5	979.69	1	-1	-1
504	5	1343.1	1	-1	-1
504	5	893.82	1	-1	-1
504	5	1071.6	1	-1	-1
504	5	763.7	1	-1	-1
504	5	678.46	1	-1	-1
504	5	703.05	1	-1	-1
504	5	1884.8	1	-1	-1
504	5	945.09	1	-1	-1
504	5	966.47	1	-1	-1
504	5	992.19	1	-1	-1
504	5	748.07	1	-1	-1
504	5	999.82	1	-1	-1
504	5	796.75	1	-1	-1
504	5	1208.7	1	-1	-1
504	5	826.74	1	-1	-1
504	5	699.77	1	-1	-1
504	5	695.51	1	-1	-1
504	5	974.32	1	-1	-1
504	5	757.78	1	-1	-1
504	5	860.18	1	-1	-1
504	5	784.21	1	-1	-1
504	5	745.28	1	-1	-1
504	5	696.33	1	-1	-1
504	5	1049	1	-1	-1
504	5	610.88	1	-1	-1
504	5	893	1	-1	-1
504	5	768.08	1	-1	-1
504	5	648.8	1	-1	-1
504	5	702.64	1	-1	-1
504	5	776.17	1	-1	-1
504	5	1136.4	1	-1	-1
504	5	818.61	1	-1	-1
504	5	1051.4	1	-1	-1
504	5	879.44	1	-1	-1
504	5	864.16	1	-1	-1
504	5	721.35	1	-1	-1
504	5	696.27	1	-1	-1
504	5	657.37	1	-1	-1
504	5	633.91	1	-1	-1
504	5	754.7	1	-1	-1
504	5	704.25	1	-1	-1
504	5	827.66	1	-1	-1
504	5	931.05	1	-1	-1
504	5	708.82	1	-1	-1
504	5	623.43	1	-1	-1
504	5	690.81	1	-1	-1
504	5	693.82	1	-1	-1
504	5	659.8	1	-1	-1
504	5	769.74	1	-1	-1
504	5	721.6	1	-1	-1
504	5	853.21	1	-1	-1
504	5	781.93	1	-1	-1
504	5	1552.8	1	-1	-1
