503	5	603.53	1	2	2
503	5	741.83	1	2	2
503	5	685.77	1	2	2
503	5	625.56	1	2	2
503	5	681.74	1	2	2
503	5	631.83	1	2	2
503	5	1280.8	1	2	2
503	5	701.86	1	2	2
503	5	701.88	1	2	2
503	5	876.24	1	2	2
503	5	701.72	1	2	2
503	5	659.07	1	2	2
503	5	665.11	1	2	2
503	5	760.23	1	2	2
503	5	933.29	0	2	2
503	5	704.43	1	2	2
503	5	665.75	1	2	2
503	5	1020.1	1	2	2
503	5	681.4	1	2	2
503	5	621.12	1	2	2
503	5	795.13	1	2	2
503	5	638.29	1	2	2
503	5	722.19	1	2	2
503	5	657.15	1	2	2
503	5	701.77	1	2	2
503	5	664.55	1	2	2
503	5	666.88	1	2	2
503	5	860.2	1	2	2
503	5	894.95	1	2	2
503	5	716.94	1	2	2
503	5	654.99	1	2	2
503	5	694.02	1	2	2
503	5	763.13	1	2	2
503	5	752.02	1	2	2
503	5	733.91	1	2	2
503	5	665.94	1	2	2
503	5	578.95	1	2	2
503	5	613.21	1	2	2
503	5	2447.4	0	2	2
503	5	602.86	1	2	2
503	5	620.14	1	2	2
503	5	2899.3	0	2	2
503	5	702.42	1	2	2
503	5	1229.9	1	2	2
503	5	513.29	1	2	2
503	5	3299	1	2	2
503	5	672.74	1	2	2
503	5	767.1	1	2	2
503	5	820.68	1	2	2
503	5	1088.8	1	2	2
503	5	770.09	1	2	2
503	5	635.37	1	2	2
503	5	479.49	1	2	2
503	5	663.45	1	2	2
503	5	588.15	1	2	2
503	5	539.59	1	2	2
503	5	575.25	1	2	2
503	5	614.57	1	2	2
503	5	697.43	1	2	2
503	5	596.13	1	2	2
503	5	693.69	1	2	2
503	5	636.68	1	2	2
503	5	2360.7	0	2	2
503	5	563.21	1	2	2
503	5	843.59	1	2	2
503	5	631.83	1	2	2
503	5	805.61	1	2	2
503	5	631.11	1	2	2
503	5	633.4	1	2	2
503	5	682.44	1	2	2
503	5	2959.8	1	2	2
503	5	605.5	1	2	2
503	5	569.94	1	2	2
503	5	635.69	1	2	2
503	5	1501.3	1	2	2
503	5	734.26	1	2	2
503	5	718.92	1	2	2
503	5	1186.2	1	2	2
503	5	718.49	1	2	2
503	5	644.1	1	2	2
503	5	619.24	1	2	2
503	5	552.9	1	2	2
503	5	533.56	1	2	2
503	5	543.03	1	2	2
503	5	588.57	1	2	2
503	5	483.65	1	2	2
503	5	537.52	1	2	2
503	5	533	1	2	2
503	5	606.76	1	2	2
503	5	618.78	1	2	2
503	5	532.79	1	2	2
503	5	1155	1	2	2
503	5	603.4	1	2	2
503	5	577.85	1	2	2
503	5	531.06	1	2	2
503	5	833.9	1	2	2
503	5	517.49	1	2	2
503	5	600.24	1	2	2
503	5	567.49	1	2	2
503	5	554.46	1	2	2
503	5	642.35	1	2	2
503	5	521.31	1	2	2
503	5	550.77	1	2	2
503	5	644.33	1	2	2
503	5	642.83	1	2	2
503	5	658.29	1	2	2
503	5	605.58	1	2	2
503	5	657.12	1	2	2
503	5	576.47	1	2	2
503	5	1340	1	2	2
503	5	1651.6	1	2	2
503	5	1626.2	1	2	2
503	5	597.82	1	2	2
503	5	665.77	1	2	2
503	5	626.23	1	2	2
503	5	582.65	1	2	2
503	5	725.56	1	2	2
503	5	665.67	1	2	2
503	5	773.53	1	2	2
503	5	878.46	1	2	2
503	5	558.18	1	2	2
503	5	662.02	1	2	2
503	5	831.89	1	2	2
503	5	569.3	1	2	2
503	5	602.66	1	2	2
503	5	589.31	1	2	2
503	5	602.55	1	2	2
503	5	644.52	1	2	2
503	5	1642.1	1	2	2
503	5	612.83	1	2	2
503	5	583.04	1	2	2
503	5	3462.9	0	2	2
503	5	716.45	1	2	2
503	5	703.44	1	2	2
503	5	622.15	1	2	2
503	5	679.24	1	2	2
503	5	882.58	1	2	2
503	5	627.24	1	2	2
503	5	531.47	1	2	2
503	5	612.6	1	2	2
503	5	593.06	1	2	2
503	5	580.16	1	2	2
503	5	592.26	1	2	2
503	5	696.52	1	2	2
503	5	579.69	1	2	2
503	5	623.39	1	2	2
503	5	656.75	1	2	2
503	5	715.47	1	2	2
503	5	1318.8	1	2	2
503	5	1726.2	1	2	2
503	5	1226.2	0	2	2
503	5	662.79	1	2	2
503	5	1070.8	1	2	2
503	5	996.88	1	2	2
503	5	625.65	1	2	2
503	5	580.94	1	2	2
503	5	564.44	1	2	2
503	5	643.81	1	2	2
503	5	609.56	1	2	2
503	5	618.34	1	2	2
503	5	1086.2	1	2	2
503	5	603.83	1	2	2
503	5	592.28	1	2	2
503	5	707.56	1	2	2
503	5	535.27	1	2	2
503	5	1054.6	1	2	2
503	5	527.47	1	2	2
503	5	603.5	1	2	2
503	5	725.31	1	2	2
503	5	565.77	1	2	2
503	5	589.58	1	2	2
503	5	811.93	1	2	2
503	5	620.38	1	2	2
503	5	523.04	1	2	2
503	5	618.31	1	2	2
503	5	615.78	1	2	2
503	5	575.19	1	2	2
503	5	596.31	1	2	2
503	5	509	1	2	2
503	5	750.72	1	2	2
503	5	520.86	1	2	2
503	5	600.71	1	2	2
503	5	478.56	1	2	2
503	5	831.49	1	2	2
503	5	1076.8	1	2	2
503	5	628.52	1	2	2
503	5	543.52	1	2	2
503	5	829.58	1	2	2
503	5	849.05	1	2	2
503	5	480.71	1	2	2
503	5	575.24	1	2	2
503	5	791.06	1	2	2
503	5	632.97	1	2	2
503	5	734.65	1	2	2
503	5	567.64	1	2	2
503	5	1479.7	1	2	2
503	5	585.36	1	2	2
503	5	677.57	1	2	2
503	5	569.88	1	2	2
503	5	648.37	1	2	2
503	5	640.88	1	2	2
503	5	618.71	1	2	2
503	5	712.58	1	2	2
503	5	631.65	1	2	2
503	5	747.33	0	2	2
503	5	539.28	1	2	2
503	5	582.98	1	2	2
503	5	587.46	1	2	2
503	5	618.75	1	2	2
503	5	536.03	1	2	2
503	5	685.06	1	2	2
503	5	622.9	1	2	2
503	5	671.18	1	2	2
503	5	795.53	1	2	2
503	5	727.46	1	2	2
503	5	691.65	1	2	2
503	5	616.53	1	2	2
503	5	641.17	1	2	2
503	5	637.55	1	2	2
503	5	702.87	1	2	2
503	5	771.7	1	2	2
503	5	914.35	1	2	2
503	5	702.21	1	2	2
503	5	1225.1	1	2	2
503	5	805.86	1	2	2
503	5	622.26	1	2	2
503	5	638.9	1	2	2
503	5	1136.3	0	2	2
503	5	545.3	1	2	2
503	5	1133.7	1	2	2
503	5	620.51	1	2	2
503	5	668.48	1	2	2
503	5	682.82	1	2	2
503	5	627.26	1	2	2
503	5	890.52	1	2	2
503	5	649.25	1	2	2
503	5	674.42	1	2	2
503	5	1086.9	1	2	2
503	5	728.96	1	2	2
503	5	680.13	1	2	2
503	5	654.19	1	2	2
503	5	606.31	1	2	2
503	5	636.56	1	2	2
503	5	861.12	1	2	2
503	5	762.43	1	2	2
503	5	853.7	1	2	2
503	5	598.72	1	2	2
503	5	1329.5	1	2	2
503	5	977.79	1	2	2
503	5	745.65	1	2	2
503	5	674.45	1	2	2
503	5	686.44	1	2	2
503	5	795.56	1	2	2
503	5	656.51	1	2	2
503	5	2102.1	1	2	2
503	5	510	1	2	2
503	5	745.93	1	2	2
503	5	633.41	1	2	2
503	5	833.9	1	2	2
503	5	732.66	1	2	2
503	5	612.99	1	2	2
503	5	653.97	1	2	2
503	5	2324	1	2	2
503	5	1195.2	1	2	2
503	5	1379.8	1	2	2
503	5	809.06	1	2	2
503	5	882.63	1	2	2
503	5	726.01	1	2	2
503	5	1246.1	1	2	2
503	5	1009.2	1	2	2
503	5	624.82	1	2	2
503	5	682.05	1	2	2
503	5	739.43	1	2	2
503	5	788.04	1	2	2
503	5	720.38	1	2	2
503	5	923.68	1	2	2
503	5	540.99	1	2	2
503	5	521.12	1	2	2
503	5	630.53	1	2	2
503	5	684.2	1	2	2
503	5	686.09	1	2	2
503	5	770.88	1	2	2
503	5	716.06	1	2	2
503	5	537.56	1	2	2
503	5	568.22	1	2	2
503	5	637.59	1	2	2
503	5	629.09	1	2	2
503	5	608.6	1	2	2
503	5	704.98	1	2	2
503	5	969.96	1	2	2
503	5	1995.3	1	2	2
503	5	576.37	1	2	2
503	5	737.83	1	2	2
503	5	653.69	1	2	2
503	5	599.47	1	2	2
503	5	575.65	1	2	2
503	5	706.99	1	2	2
503	5	779.67	1	2	2
503	5	586.9	1	2	2
503	5	596.73	1	2	2
503	5	728.92	1	2	2
503	5	715.13	1	2	2
503	5	675.61	1	2	2
503	5	573.35	1	2	2
503	5	640.73	1	2	2
503	5	696.04	1	2	2
503	5	681.05	1	2	2
503	5	607.28	1	2	2
503	5	632.64	1	2	2
503	5	682.2	1	2	2
503	5	615.3	1	2	2
503	5	588.67	1	2	2
503	5	641.53	1	2	2
503	5	660.77	1	2	2
503	5	634.01	1	2	2
503	5	628.53	1	2	2
503	5	647.1	1	2	2
503	5	847.59	1	2	2
503	5	599.8	1	2	2
503	5	668.02	1	2	2
503	5	605.13	1	2	2
503	5	691.97	1	2	2
503	5	573.24	1	2	2
503	5	621.58	1	2	2
503	5	1145.5	1	2	2
503	5	753.82	1	2	2
503	5	666.76	1	2	2
503	5	758.19	1	2	2
503	5	672.97	1	2	2
503	5	821.95	1	2	2
503	5	664.9	1	2	2
503	5	660.95	1	2	2
503	5	1789.8	1	2	2
503	5	582.52	1	2	2
503	5	604.15	1	2	2
503	5	594.34	1	2	2
503	5	633.91	1	2	2
503	5	583.77	1	2	2
503	5	506.19	1	2	2
503	5	574.79	1	2	2
503	5	670.62	1	2	2
503	5	910.21	1	2	2
503	5	756.72	1	2	2
503	5	554.01	1	2	2
503	5	629.18	1	2	2
503	5	646.78	1	2	2
503	5	825.34	1	2	2
503	5	642.06	1	2	2
503	5	585.71	1	2	2
503	5	585.73	1	2	2
503	5	641.34	1	2	2
503	5	562.13	1	2	2
503	5	681.74	1	2	2
503	5	574.73	1	2	2
503	5	656.14	1	2	2
503	5	542.02	0	2	2
503	5	474.61	1	2	2
503	5	884.48	1	2	1
503	5	902.99	1	2	1
503	5	744.94	1	2	1
503	5	594.53	1	2	1
503	5	2361.2	0	2	1
503	5	887.8	0	2	1
503	5	980.37	1	2	1
503	5	650.07	1	2	1
503	5	2396.7	1	2	1
503	5	3107.7	0	2	1
503	5	1729.4	0	2	1
503	5	814	1	2	1
503	5	2823.6	0	2	1
503	5	881.22	1	2	1
503	5	670.54	1	2	1
503	5	2875.2	1	2	1
503	5	1188	0	2	1
503	5	2536.8	0	2	1
503	5	3954.7	1	2	1
503	5	1026.9	1	2	1
503	5	1081.9	1	2	1
503	5	3953.7	1	2	1
503	5	737.9	1	2	1
503	5	987.1	1	2	1
503	5	946.95	1	2	1
503	5	1444.9	0	2	1
503	5	1248.7	1	2	1
503	5	657.94	1	2	1
503	5	1705.7	0	2	1
503	5	2730.4	0	2	1
503	5	2709.4	1	2	1
503	5	824.9	0	2	1
503	5	940.18	0	2	1
503	5	1489.1	1	2	1
503	5	932.5	1	2	1
503	5	2257	1	2	1
503	5	664.03	1	2	1
503	5	666.12	1	2	1
503	5	1428.7	0	2	1
503	5	1243.4	1	2	1
503	5	772.34	0	2	1
503	5	669.13	0	2	1
503	5	1059.3	1	2	1
503	5	682.01	1	2	1
503	5	3353.6	1	2	1
503	5	3465.7	0	2	1
503	5	3676.2	1	2	1
503	5	1093.5	1	2	1
503	5	942.74	1	2	1
503	5	987.25	1	2	1
503	5	1813.8	0	2	1
503	5	560.86	1	2	1
503	5	658.99	1	2	1
503	5	787.63	1	2	1
503	5	886.99	0	2	1
503	5	2267	0	2	1
503	5	943.87	0	2	1
503	5	1297	0	2	1
503	5	2099.9	0	2	1
503	5	1484.5	1	2	1
503	5	2557.5	0	2	1
503	5	631.78	1	2	1
503	5	809.85	1	2	1
503	5	543.7	1	2	1
503	5	895.97	0	2	1
503	5	694.86	1	2	1
503	5	2018.5	0	2	1
503	5	715.65	1	2	1
503	5	1205.5	1	2	1
503	5	2465.4	0	2	1
503	5	2032.7	1	2	1
503	5	671.37	1	2	1
503	5	779.05	0	2	1
503	5	583.67	0	2	1
503	5	2935.3	0	2	1
503	5	2598.4	0	2	1
503	5	1274.5	1	2	1
503	5	2656.6	0	2	1
503	5	622.42	1	2	1
503	5	631.08	1	2	1
503	5	816.74	1	2	1
503	5	591.6	1	2	1
503	5	804.88	1	2	1
503	5	664.78	1	2	1
503	5	489.01	1	2	1
503	5	581.23	1	2	1
503	5	595.86	1	2	1
503	5	550.97	1	2	1
503	5	567.87	1	2	1
503	5	1362.9	0	2	1
503	5	2971.5	0	2	1
503	5	585.16	0	2	1
503	5	917.8	1	2	1
503	5	760.71	1	2	1
503	5	619.1	1	2	1
503	5	764.82	0	2	1
503	5	594.14	1	2	1
503	5	686.66	1	2	1
503	5	965.34	0	2	1
503	5	686.33	1	2	1
503	5	815.55	1	2	1
503	5	778.63	1	2	1
503	5	651.16	0	2	1
503	5	1190.9	0	2	1
503	5	1551.4	0	2	1
503	5	943.01	0	2	1
503	5	616.25	1	2	1
503	5	662.6	1	2	1
503	5	1208.8	0	2	1
503	5	1244.1	0	2	1
503	5	743.7	1	2	1
503	5	723.87	1	2	1
503	5	1167.5	1	2	1
503	5	627.08	1	2	1
503	5	1285.6	0	2	1
503	5	1107.8	1	2	1
503	5	772.39	0	2	1
503	5	1039	0	2	1
503	5	1153.7	1	2	1
503	5	643.64	0	2	1
503	5	950.41	1	2	1
503	5	1082.8	0	2	1
503	5	1545.2	0	2	1
503	5	596.5	1	2	1
503	5	1048	0	2	1
503	5	2353.3	0	2	1
503	5	680.82	1	2	1
503	5	535.33	1	2	1
503	5	972.81	1	2	1
503	5	1737.9	1	2	1
503	5	587.77	1	2	1
503	5	937.72	0	2	1
503	5	2046.1	0	2	1
503	5	984.15	0	2	1
503	5	1495.7	1	2	1
503	5	1980.8	1	2	1
503	5	857.03	0	2	1
503	5	642.73	1	2	1
503	5	632.01	0	2	1
503	5	724.53	1	2	1
503	5	619.94	1	2	1
503	5	671.38	1	2	1
503	5	1410.4	1	2	1
503	5	1913.9	0	2	1
503	5	742.01	1	2	1
503	5	664.64	1	2	1
503	5	569.71	0	2	1
503	5	607.91	1	2	1
503	5	1035.3	0	2	1
503	5	1113.4	1	2	1
503	5	1633.9	0	2	1
503	5	3838.7	0	2	1
503	5	1961.8	0	2	1
503	5	1257.7	0	2	1
503	5	1458.3	1	2	1
503	5	1172.5	1	2	1
503	5	938.91	1	2	1
503	5	876.73	0	2	1
503	5	621.21	1	2	1
503	5	1476.2	1	2	1
503	5	573.08	0	2	1
503	5	507.62	1	2	1
503	5	595.45	0	2	1
503	5	898.84	1	2	1
503	5	1537.4	0	2	1
503	5	1046.4	0	2	1
503	5	777.48	0	2	1
503	5	598.94	1	2	1
503	5	868.19	1	2	1
503	5	817.88	1	2	1
503	5	505.41	1	2	1
503	5	657.36	0	2	1
503	5	735.76	1	2	1
503	5	586.62	1	2	1
503	5	582.43	1	2	1
503	5	824.18	1	2	1
503	5	718.66	1	2	1
503	5	746.99	1	2	1
503	5	697.24	1	2	1
503	5	599.68	1	2	1
503	5	597.17	1	2	1
503	5	647.49	1	2	1
503	5	611.24	1	2	1
503	5	1034.2	0	2	1
503	5	571.18	0	2	1
503	5	960.63	1	2	1
503	5	631.65	1	2	1
503	5	1898.7	0	2	1
503	5	655.31	0	2	1
503	5	617.08	1	2	1
503	5	1256.5	0	2	1
503	5	983.67	0	2	1
503	5	662.85	1	2	1
503	5	615.41	1	2	1
503	5	574.99	1	2	1
503	5	632.39	1	2	1
503	5	699.44	1	2	1
503	5	613.27	1	2	1
503	5	758.47	1	2	1
503	5	683.06	1	2	1
503	5	3259.9	1	2	1
503	5	2028.3	1	2	1
503	5	823.32	1	2	1
503	5	649.45	1	2	1
503	5	589.6	1	2	1
503	5	965.53	0	2	1
503	5	624.26	1	2	1
503	5	533.62	0	2	1
503	5	578.94	1	2	1
503	5	608.78	1	2	1
503	5	581.42	1	2	1
503	5	808.47	1	2	1
503	5	1501.6	0	2	1
503	5	577.37	1	2	1
503	5	580.16	1	2	1
503	5	724.33	1	2	1
503	5	608.36	1	2	1
503	5	593.27	1	2	1
503	5	707.4	1	2	1
503	5	714.2	1	2	1
503	5	811.76	1	2	1
503	5	578.29	1	2	1
503	5	1090.2	0	2	1
503	5	629.46	1	2	1
503	5	794.05	0	2	1
503	5	695.75	1	2	1
503	5	701.2	1	2	1
503	5	554.99	1	2	1
503	5	701.64	0	2	1
503	5	1173.5	1	2	1
503	5	1449.1	0	2	1
503	5	1608.8	1	2	1
503	5	972.52	1	2	1
503	5	884.23	1	2	1
503	5	1471.1	1	2	1
503	5	977.25	1	2	1
503	5	1819.7	0	2	1
503	5	1008.7	1	2	1
503	5	1585.7	1	2	1
503	5	953.03	1	2	1
503	5	626.93	1	2	1
503	5	646.25	1	2	1
503	5	2663.7	0	2	1
503	5	1028.2	1	2	1
503	5	859.12	1	2	1
503	5	2419.9	1	2	1
503	5	2048.4	0	2	1
503	5	3036.8	0	2	1
503	5	1193.4	0	2	1
503	5	1052.2	1	2	1
503	5	773.94	1	2	1
503	5	638.94	0	2	1
503	5	1163.5	1	2	1
503	5	988.33	1	2	1
503	5	695.53	1	2	1
503	5	686.36	1	2	1
503	5	869.06	1	2	1
503	5	975.15	1	2	1
503	5	783.2	1	2	1
503	5	687.72	1	2	1
503	5	1260.4	1	2	1
503	5	1592.3	1	2	1
503	5	837.54	1	2	1
503	5	851.84	0	2	1
503	5	802.63	1	2	1
503	5	745.78	1	2	1
503	5	857.74	1	2	1
503	5	1966.3	1	2	1
503	5	1474.1	1	2	1
503	5	1607	1	2	1
503	5	1317.1	1	2	1
503	5	743.91	1	2	1
503	5	1174.2	1	2	1
503	5	571.25	1	2	1
503	5	692.16	1	2	1
503	5	685.11	1	2	1
503	5	648.7	1	2	1
503	5	838.58	1	2	1
503	5	605.68	1	2	1
503	5	708.76	1	2	1
503	5	1147.9	1	2	1
503	5	593.83	1	2	1
503	5	1207.7	1	2	1
503	5	900.25	1	2	1
503	5	1106.4	1	2	1
503	5	760.02	1	2	1
503	5	782.25	1	2	1
503	5	1226.5	1	2	1
503	5	951.65	1	2	1
503	5	1547.7	1	2	1
503	5	648.18	1	2	1
503	5	978.57	1	2	1
503	5	1023.7	1	2	1
503	5	629.65	1	2	1
503	5	746.16	1	2	1
503	5	722.54	1	2	1
503	5	835.99	0	2	1
503	5	762.11	1	2	1
503	5	680.08	1	2	1
503	5	1124.1	1	2	1
503	5	774.51	1	2	1
503	5	601.66	1	2	1
503	5	864.14	1	2	1
503	5	676.19	1	2	1
503	5	671.58	1	2	1
503	5	873.49	1	2	1
503	5	1364.8	1	2	1
503	5	606.31	1	2	1
503	5	742.62	1	2	1
503	5	647.24	1	2	1
503	5	1479.8	1	2	1
503	5	732.64	1	2	1
503	5	1278.4	1	2	1
503	5	825.87	1	2	1
503	5	702.42	1	2	1
503	5	664.7	1	2	1
503	5	820.69	1	2	1
503	5	606.54	1	2	1
503	5	684.94	1	2	1
503	5	1144.2	1	2	1
503	5	946.06	1	2	1
503	5	628.02	1	2	1
503	5	1071.2	1	2	1
503	5	801.72	1	2	1
503	5	1334.4	1	2	1
503	5	575.65	1	2	1
503	5	644	1	2	1
503	5	866.36	1	2	1
503	5	1379	1	2	1
503	5	881.39	1	2	1
503	5	1117.8	1	2	1
503	5	1274	1	2	1
503	5	652.42	1	2	1
503	5	1759.1	1	2	1
503	5	1326.9	1	2	1
503	5	737.69	1	2	1
503	5	1063.3	1	2	1
503	5	914.57	1	2	1
503	5	812.09	1	2	1
503	5	594.22	1	2	1
503	5	563.29	1	2	1
503	5	645.2	1	2	1
503	5	615.01	1	2	1
503	5	655.64	1	2	1
503	5	713.52	1	2	1
503	5	797.49	1	2	1
503	5	731.79	1	2	1
503	5	901.93	1	2	1
503	5	1036.6	1	2	1
503	5	675.17	1	2	1
503	5	850.08	1	2	1
503	5	823.54	1	2	1
503	5	810.36	1	2	1
503	5	811.41	1	2	1
503	5	582.98	1	2	1
503	5	1916.2	1	2	1
503	5	860.85	1	1	2
503	5	828.45	1	1	2
503	5	1785.7	1	1	2
503	5	683.49	1	1	2
503	5	597.34	1	1	2
503	5	792.34	1	1	2
503	5	1307.3	1	1	2
503	5	650.59	1	1	2
503	5	927.18	1	1	2
503	5	1743.5	1	1	2
503	5	769.05	1	1	2
503	5	882.49	1	1	2
503	5	1247.6	1	1	2
503	5	624.5	1	1	2
503	5	1402.9	1	1	2
503	5	733.88	1	1	2
503	5	1522.6	0	1	2
503	5	811.41	1	1	2
503	5	973.09	1	1	2
503	5	802.22	1	1	2
503	5	573.74	1	1	2
503	5	810.88	1	1	2
503	5	621.98	1	1	2
503	5	680.18	1	1	2
503	5	909.4	1	1	2
503	5	649.47	1	1	2
503	5	617.18	1	1	2
503	5	1101.4	1	1	2
503	5	912.86	1	1	2
503	5	768	1	1	2
503	5	1431.6	1	1	2
503	5	823.06	0	1	2
503	5	1080.4	1	1	2
503	5	684.41	1	1	2
503	5	743.41	1	1	2
503	5	637.29	1	1	2
503	5	3242.6	0	1	2
503	5	650.48	1	1	2
503	5	643.86	1	1	2
503	5	699.59	0	1	2
503	5	720.39	1	1	2
503	5	547.18	1	1	2
503	5	1245	0	1	2
503	5	3059.3	1	1	2
503	5	1464.4	1	1	2
503	5	3705	1	1	2
503	5	797.49	1	1	2
503	5	857.13	1	1	2
503	5	831.17	1	1	2
503	5	592.28	1	1	2
503	5	573.82	1	1	2
503	5	786.29	1	1	2
503	5	840.02	1	1	2
503	5	1496.8	1	1	2
503	5	925.08	1	1	2
503	5	819.58	1	1	2
503	5	542.33	1	1	2
503	5	1359	0	1	2
503	5	521.44	1	1	2
503	5	613.24	1	1	2
503	5	645.13	1	1	2
503	5	560.47	1	1	2
503	5	1089.9	1	1	2
503	5	697.58	1	1	2
503	5	2929.3	0	1	2
503	5	2749.5	0	1	2
503	5	853.65	1	1	2
503	5	613.4	1	1	2
503	5	662.56	1	1	2
503	5	637.84	1	1	2
503	5	702	1	1	2
503	5	2131.8	1	1	2
503	5	827.44	1	1	2
503	5	784.1	1	1	2
503	5	611	1	1	2
503	5	623.33	1	1	2
503	5	613.52	1	1	2
503	5	611.29	1	1	2
503	5	549.19	1	1	2
503	5	512.67	1	1	2
503	5	577.03	1	1	2
503	5	810.29	1	1	2
503	5	610.01	1	1	2
503	5	2113.2	1	1	2
503	5	577.51	1	1	2
503	5	913.67	1	1	2
503	5	502.9	1	1	2
503	5	544.21	1	1	2
503	5	456.41	1	1	2
503	5	447.12	1	1	2
503	5	685.85	1	1	2
503	5	611.48	1	1	2
503	5	1116.6	1	1	2
503	5	539.63	1	1	2
503	5	603.16	1	1	2
503	5	845.24	1	1	2
503	5	606.66	1	1	2
503	5	613.59	1	1	2
503	5	512.82	1	1	2
503	5	564.27	1	1	2
503	5	518.23	1	1	2
503	5	560.12	1	1	2
503	5	602.33	1	1	2
503	5	828.95	1	1	2
503	5	1376.9	1	1	2
503	5	633.04	1	1	2
503	5	765.65	0	1	2
503	5	1067.9	1	1	2
503	5	532.21	1	1	2
503	5	1025.2	1	1	2
503	5	657.09	1	1	2
503	5	634.71	1	1	2
503	5	686.52	1	1	2
503	5	1349	0	1	2
503	5	632.31	1	1	2
503	5	1232.8	1	1	2
503	5	904.8	1	1	2
503	5	604.46	1	1	2
503	5	596.66	1	1	2
503	5	1309.7	1	1	2
503	5	693.4	1	1	2
503	5	1109.2	1	1	2
503	5	667.69	1	1	2
503	5	627.61	1	1	2
503	5	552.71	1	1	2
503	5	578.52	1	1	2
503	5	510.97	1	1	2
503	5	624.84	1	1	2
503	5	570.34	1	1	2
503	5	615.07	1	1	2
503	5	586.47	1	1	2
503	5	672.4	1	1	2
503	5	546.84	1	1	2
503	5	623.54	1	1	2
503	5	509.13	1	1	2
503	5	830.18	1	1	2
503	5	624.48	1	1	2
503	5	637.11	1	1	2
503	5	649	1	1	2
503	5	513.67	1	1	2
503	5	645.31	1	1	2
503	5	592.37	1	1	2
503	5	579.13	1	1	2
503	5	602.74	1	1	2
503	5	1568.4	1	1	2
503	5	870.19	1	1	2
503	5	879.97	1	1	2
503	5	584.62	1	1	2
503	5	522.28	1	1	2
503	5	589.74	0	1	2
503	5	1132.1	1	1	2
503	5	660.03	1	1	2
503	5	629.93	1	1	2
503	5	793.66	1	1	2
503	5	658.19	1	1	2
503	5	612.75	1	1	2
503	5	567.58	1	1	2
503	5	1221.8	1	1	2
503	5	1916.2	1	1	2
503	5	564.37	1	1	2
503	5	588.32	1	1	2
503	5	849.53	1	1	2
503	5	911.89	1	1	2
503	5	529.79	1	1	2
503	5	669.95	1	1	2
503	5	671.94	1	1	2
503	5	875.5	1	1	2
503	5	810.7	1	1	2
503	5	821.39	1	1	2
503	5	615.28	1	1	2
503	5	550.35	1	1	2
503	5	607.08	1	1	2
503	5	546.23	1	1	2
503	5	843.73	1	1	2
503	5	598.71	1	1	2
503	5	624.93	1	1	2
503	5	1272.7	0	1	2
503	5	594.41	1	1	2
503	5	569.78	1	1	2
503	5	753.33	1	1	2
503	5	591.88	1	1	2
503	5	629.37	1	1	2
503	5	556.75	1	1	2
503	5	1001.1	0	1	2
503	5	636.85	1	1	2
503	5	608.14	1	1	2
503	5	625.24	1	1	2
503	5	563.15	1	1	2
503	5	566.11	1	1	2
503	5	632.29	1	1	2
503	5	581.11	1	1	2
503	5	594.46	1	1	2
503	5	551.07	1	1	2
503	5	688.69	1	1	2
503	5	1120.8	1	1	2
503	5	674.03	1	1	2
503	5	667.55	1	1	2
503	5	653.99	1	1	2
503	5	670.39	1	1	2
503	5	979.59	1	1	2
503	5	1155.8	0	1	2
503	5	597.22	1	1	2
503	5	838.93	1	1	2
503	5	593.62	1	1	2
503	5	566.81	1	1	2
503	5	860.39	1	1	2
503	5	612.7	1	1	2
503	5	535.82	1	1	2
503	5	453.12	1	1	2
503	5	1108.6	1	1	2
503	5	592.58	1	1	2
503	5	609.97	1	1	2
503	5	840.35	1	1	2
503	5	839.3	1	1	2
503	5	616.14	1	1	2
503	5	613.89	1	1	2
503	5	567.46	1	1	2
503	5	656.21	1	1	2
503	5	1174.8	1	1	2
503	5	600.84	1	1	2
503	5	785.43	1	1	2
503	5	730.67	1	1	2
503	5	1095.9	1	1	2
503	5	1045.5	0	1	2
503	5	616.52	1	1	2
503	5	1898.9	1	1	2
503	5	1028.7	1	1	2
503	5	947.11	1	1	2
503	5	630.55	1	1	2
503	5	739.3	1	1	2
503	5	644.92	1	1	2
503	5	1267.5	1	1	2
503	5	784.31	1	1	2
503	5	658.65	1	1	2
503	5	1110.1	1	1	2
503	5	602.49	1	1	2
503	5	780.05	1	1	2
503	5	671.33	1	1	2
503	5	692.06	1	1	2
503	5	1029.6	1	1	2
503	5	556.84	1	1	2
503	5	672.29	1	1	2
503	5	633.17	1	1	2
503	5	648.5	1	1	2
503	5	1040.4	1	1	2
503	5	666.62	1	1	2
503	5	668.88	1	1	2
503	5	881.55	1	1	2
503	5	710.49	1	1	2
503	5	2561.7	1	1	2
503	5	536.14	1	1	2
503	5	595.1	1	1	2
503	5	686.39	1	1	2
503	5	623.31	1	1	2
503	5	1185.6	1	1	2
503	5	1119.7	1	1	2
503	5	641.98	1	1	2
503	5	715.1	1	1	2
503	5	939.3	1	1	2
503	5	655.01	1	1	2
503	5	756.82	1	1	2
503	5	750.13	1	1	2
503	5	1326.3	0	1	2
503	5	1443.9	0	1	2
503	5	563.55	1	1	2
503	5	558.94	1	1	2
503	5	722.33	1	1	2
503	5	1048	1	1	2
503	5	844.44	1	1	2
503	5	908.15	1	1	2
503	5	1288	1	1	2
503	5	755.36	1	1	2
503	5	669.8	1	1	2
503	5	816.87	1	1	2
503	5	723.64	1	1	2
503	5	721.07	1	1	2
503	5	602.02	1	1	2
503	5	626.91	1	1	2
503	5	636.15	1	1	2
503	5	710.04	1	1	2
503	5	644.7	1	1	2
503	5	587.16	1	1	2
503	5	600	1	1	2
503	5	597.9	1	1	2
503	5	585.29	1	1	2
503	5	677.03	1	1	2
503	5	626.68	1	1	2
503	5	1011.2	1	1	2
503	5	630.95	1	1	2
503	5	1235.2	1	1	2
503	5	812.89	1	1	2
503	5	679.09	1	1	2
503	5	1239.9	1	1	2
503	5	629.31	1	1	2
503	5	677.04	1	1	2
503	5	668.42	1	1	2
503	5	657.44	1	1	2
503	5	678.04	1	1	2
503	5	857.54	1	1	2
503	5	565.12	1	1	2
503	5	891.87	1	1	2
503	5	835.12	1	1	2
503	5	979.91	1	1	2
503	5	680.18	1	1	2
503	5	1044.7	1	1	2
503	5	673.57	1	1	2
503	5	589.74	1	1	2
503	5	543.03	1	1	2
503	5	529.8	1	1	2
503	5	1052.3	1	1	2
503	5	800.73	1	1	2
503	5	837.83	1	1	2
503	5	1127.1	1	1	2
503	5	750.11	1	1	2
503	5	778.16	1	1	2
503	5	740.45	1	1	2
503	5	652.26	1	1	2
503	5	712.75	1	1	2
503	5	660.44	1	1	2
503	5	644.14	1	1	2
503	5	658.52	1	1	2
503	5	624.81	1	1	2
503	5	601.59	1	1	2
503	5	692.86	1	1	2
503	5	621.48	1	1	2
503	5	667.21	1	1	2
503	5	668.15	1	1	2
503	5	1046.2	1	1	2
503	5	534.32	1	1	2
503	5	909.56	1	1	2
503	5	674.92	1	1	2
503	5	634.38	1	1	2
503	5	819.48	1	1	2
503	5	584.51	1	1	2
503	5	629.39	1	1	2
503	5	1148.5	1	1	2
503	5	797.83	1	1	2
503	5	533.21	1	1	2
503	5	693.53	1	1	2
503	5	563.46	1	1	2
503	5	817.81	1	1	2
503	5	576.24	1	1	2
503	5	633.32	1	1	2
503	5	524.43	1	1	2
503	5	613.8	1	1	2
503	5	676.1	1	1	2
503	5	623.29	1	1	2
503	5	779.78	1	1	2
503	5	1394.6	1	1	2
503	5	741.13	1	1	2
503	5	567.9	1	1	2
503	5	747.22	1	1	2
503	5	719.31	1	1	2
503	5	698.59	1	1	2
503	5	644.3	1	1	2
503	5	714.94	1	1	2
503	5	548.07	1	1	2
503	5	1398.5	1	1	1
503	5	722.79	1	1	1
503	5	1350.5	1	1	1
503	5	1495.9	0	1	1
503	5	1135.4	0	1	1
503	5	649.15	0	1	1
503	5	1222	0	1	1
503	5	1052.5	1	1	1
503	5	1094.9	1	1	1
503	5	855.72	1	1	1
503	5	1115	1	1	1
503	5	1229.4	0	1	1
503	5	3740.7	0	1	1
503	5	2109.5	0	1	1
503	5	1009.6	1	1	1
503	5	2021.9	0	1	1
503	5	1081.3	0	1	1
503	5	4124.9	0	1	1
503	5	1977.4	1	1	1
503	5	835.39	1	1	1
503	5	953.41	0	1	1
503	5	1215.2	1	1	1
503	5	2097.5	1	1	1
503	5	973.2	0	1	1
503	5	1064.8	1	1	1
503	5	1518.2	0	1	1
503	5	1032.2	1	1	1
503	5	749.82	0	1	1
503	5	1387.3	1	1	1
503	5	1436.6	1	1	1
503	5	3875	0	1	1
503	5	836.66	1	1	1
503	5	990.27	1	1	1
503	5	755.96	1	1	1
503	5	1880.1	0	1	1
503	5	2925.7	1	1	1
503	5	548.89	1	1	1
503	5	830.61	0	1	1
503	5	1493.2	1	1	1
503	5	1239.1	1	1	1
503	5	740.13	0	1	1
503	5	1151	1	1	1
503	5	1157.6	1	1	1
503	5	2524.8	0	1	1
503	5	863.7	0	1	1
503	5	1446.9	0	1	1
503	5	2231.7	1	1	1
503	5	2806.2	1	1	1
503	5	998.32	1	1	1
503	5	1817.8	0	1	1
503	5	584.37	1	1	1
503	5	1863.8	0	1	1
503	5	626.21	0	1	1
503	5	1769.9	1	1	1
503	5	1965	0	1	1
503	5	1584.3	0	1	1
503	5	841.9	0	1	1
503	5	1217.4	1	1	1
503	5	1744.2	0	1	1
503	5	3290.6	0	1	1
503	5	1354	0	1	1
503	5	584.98	0	1	1
503	5	651.49	1	1	1
503	5	1648.7	0	1	1
503	5	770.04	0	1	1
503	5	516.14	0	1	1
503	5	642.38	0	1	1
503	5	2576.6	0	1	1
503	5	3203.1	1	1	1
503	5	1116.2	0	1	1
503	5	1453.7	0	1	1
503	5	606.3	0	1	1
503	5	1564.6	0	1	1
503	5	1436.2	0	1	1
503	5	3397.9	0	1	1
503	5	1155.2	1	1	1
503	5	781.6	1	1	1
503	5	2775.6	0	1	1
503	5	1194	1	1	1
503	5	578.04	1	1	1
503	5	1119.3	1	1	1
503	5	1644	1	1	1
503	5	1655	0	1	1
503	5	835.55	1	1	1
503	5	509.39	1	1	1
503	5	530.79	0	1	1
503	5	556.39	1	1	1
503	5	724.66	1	1	1
503	5	622.34	1	1	1
503	5	2087.7	0	1	1
503	5	1583.8	0	1	1
503	5	601.98	1	1	1
503	5	541.66	1	1	1
503	5	615.7	1	1	1
503	5	603.42	1	1	1
503	5	1225.3	0	1	1
503	5	666.77	1	1	1
503	5	725.96	1	1	1
503	5	1365.2	1	1	1
503	5	692.3	0	1	1
503	5	523.59	1	1	1
503	5	959.4	1	1	1
503	5	1533	1	1	1
503	5	1182.5	0	1	1
503	5	2200.6	0	1	1
503	5	839.39	0	1	1
503	5	844.02	0	1	1
503	5	994.84	1	1	1
503	5	1490.4	0	1	1
503	5	1348.4	0	1	1
503	5	2526	1	1	1
503	5	745.02	1	1	1
503	5	1106.8	0	1	1
503	5	629.17	1	1	1
503	5	851.02	0	1	1
503	5	784.68	1	1	1
503	5	626.01	1	1	1
503	5	650.39	1	1	1
503	5	622.01	1	1	1
503	5	1586	1	1	1
503	5	896.38	0	1	1
503	5	629.96	0	1	1
503	5	643.13	0	1	1
503	5	690.99	0	1	1
503	5	719.12	0	1	1
503	5	1450.4	0	1	1
503	5	1679.4	1	1	1
503	5	874.25	1	1	1
503	5	628.22	1	1	1
503	5	844.23	1	1	1
503	5	1211.7	0	1	1
503	5	645.36	0	1	1
503	5	673.27	0	1	1
503	5	1147.5	1	1	1
503	5	606.2	0	1	1
503	5	706.69	0	1	1
503	5	1082.2	0	1	1
503	5	651.16	1	1	1
503	5	787.61	0	1	1
503	5	1211.7	1	1	1
503	5	526.83	1	1	1
503	5	1437.4	0	1	1
503	5	1594.4	0	1	1
503	5	2637.1	0	1	1
503	5	1458.6	0	1	1
503	5	829.11	0	1	1
503	5	2690	0	1	1
503	5	1351.9	0	1	1
503	5	608.54	0	1	1
503	5	546.82	1	1	1
503	5	557.68	1	1	1
503	5	1837.3	1	1	1
503	5	849.4	0	1	1
503	5	1024.8	0	1	1
503	5	582.19	0	1	1
503	5	995.18	1	1	1
503	5	1192.5	1	1	1
503	5	632.62	1	1	1
503	5	990.33	0	1	1
503	5	905.65	0	1	1
503	5	651.16	1	1	1
503	5	1510.1	0	1	1
503	5	1428.4	0	1	1
503	5	525.2	0	1	1
503	5	1320.8	1	1	1
503	5	1695.8	0	1	1
503	5	2334.1	0	1	1
503	5	1523.4	1	1	1
503	5	472.1	1	1	1
503	5	758.79	1	1	1
503	5	866.92	1	1	1
503	5	555.03	1	1	1
503	5	657.96	1	1	1
503	5	916.05	0	1	1
503	5	1269.1	1	1	1
503	5	744.96	1	1	1
503	5	1193.7	0	1	1
503	5	782.5	0	1	1
503	5	522.89	0	1	1
503	5	1074.1	1	1	1
503	5	899.21	1	1	1
503	5	535.68	0	1	1
503	5	724.31	0	1	1
503	5	1842.1	1	1	1
503	5	642.72	1	1	1
503	5	1009.2	1	1	1
503	5	717.4	1	1	1
503	5	2504.9	0	1	1
503	5	614.19	1	1	1
503	5	624.56	1	1	1
503	5	1221.8	1	1	1
503	5	680.33	0	1	1
503	5	2175	0	1	1
503	5	643.43	1	1	1
503	5	693.54	1	1	1
503	5	699.18	0	1	1
503	5	1059.7	1	1	1
503	5	680.47	1	1	1
503	5	690.01	1	1	1
503	5	1299.4	0	1	1
503	5	1021.6	0	1	1
503	5	991.4	1	1	1
503	5	1373	1	1	1
503	5	1103.8	1	1	1
503	5	485.99	1	1	1
503	5	623.01	1	1	1
503	5	797.57	1	1	1
503	5	622.21	1	1	1
503	5	802.28	1	1	1
503	5	1125.4	1	1	1
503	5	525.37	0	1	1
503	5	1065.6	0	1	1
503	5	550.9	0	1	1
503	5	658.58	1	1	1
503	5	620.77	1	1	1
503	5	543.99	0	1	1
503	5	1059.6	0	1	1
503	5	531.21	0	1	1
503	5	867.14	0	1	1
503	5	791.82	1	1	1
503	5	1450.1	1	1	1
503	5	722.76	0	1	1
503	5	991.58	1	1	1
503	5	3228	0	1	1
503	5	2714	1	1	1
503	5	1327.6	0	1	1
503	5	615.68	0	1	1
503	5	606.7	0	1	1
503	5	819.04	0	1	1
503	5	742.91	1	1	1
503	5	919.49	1	1	1
503	5	971.83	1	1	1
503	5	1159.1	1	1	1
503	5	1319	1	1	1
503	5	1666.5	0	1	1
503	5	962.87	0	1	1
503	5	1668.5	0	1	1
503	5	847.87	1	1	1
503	5	4177.9	0	1	1
503	5	1024.6	0	1	1
503	5	1045.3	0	1	1
503	5	1723.2	1	1	1
503	5	633.23	0	1	1
503	5	656.58	0	1	1
503	5	1331.1	1	1	1
503	5	1037.3	1	1	1
503	5	672.62	0	1	1
503	5	871.19	1	1	1
503	5	1127	0	1	1
503	5	2226.6	1	1	1
503	5	929.59	1	1	1
503	5	746.46	1	1	1
503	5	646.03	1	1	1
503	5	1546.1	0	1	1
503	5	639.96	0	1	1
503	5	833.27	1	1	1
503	5	997.44	0	1	1
503	5	758.93	1	1	1
503	5	1247.6	1	1	1
503	5	731.09	1	1	1
503	5	2018	0	1	1
503	5	979.18	0	1	1
503	5	1929.1	1	1	1
503	5	574.32	0	1	1
503	5	1507.4	0	1	1
503	5	953.5	0	1	1
503	5	2631	1	1	1
503	5	966.5	0	1	1
503	5	1291.8	1	1	1
503	5	2105.6	0	1	1
503	5	912.3	1	1	1
503	5	855.98	1	1	1
503	5	1429.8	1	1	1
503	5	1451.9	0	1	1
503	5	921.53	1	1	1
503	5	888.28	1	1	1
503	5	680.16	1	1	1
503	5	696.58	1	1	1
503	5	1216.8	1	1	1
503	5	1229.1	1	1	1
503	5	1221.5	1	1	1
503	5	826.68	1	1	1
503	5	695.84	1	1	1
503	5	707.55	1	1	1
503	5	698.01	1	1	1
503	5	927.76	1	1	1
503	5	1116	1	1	1
503	5	1639.4	0	1	1
503	5	3110.7	1	1	1
503	5	950.25	1	1	1
503	5	1135.7	1	1	1
503	5	617.44	1	1	1
503	5	760.1	1	1	1
503	5	883.1	1	1	1
503	5	1045.6	1	1	1
503	5	901.94	1	1	1
503	5	1103.4	1	1	1
503	5	765.65	1	1	1
503	5	1431.3	1	1	1
503	5	1511.6	1	1	1
503	5	1759.7	1	1	1
503	5	848.67	1	1	1
503	5	879.52	1	1	1
503	5	2057.3	1	1	1
503	5	1218.6	1	1	1
503	5	696.06	0	1	1
503	5	799.31	1	1	1
503	5	797.14	1	1	1
503	5	805.47	1	1	1
503	5	753.93	0	1	1
503	5	599.94	1	1	1
503	5	705.21	1	1	1
503	5	4321	0	1	1
503	5	1067.7	0	1	1
503	5	1637.6	0	1	1
503	5	867.25	1	1	1
503	5	663.91	1	1	1
503	5	932.26	1	1	1
503	5	910.7	1	1	1
503	5	722.16	1	1	1
503	5	1123.1	1	1	1
503	5	651.25	1	1	1
503	5	676.57	1	1	1
503	5	1006.6	1	1	1
503	5	645.32	1	1	1
503	5	1391.1	0	1	1
503	5	1201.4	1	1	1
503	5	3335.7	0	1	1
503	5	757.67	0	1	1
503	5	1854.1	1	1	1
503	5	3598.4	0	1	1
503	5	836.92	1	1	1
503	5	545.94	1	1	1
503	5	1072.9	1	1	1
503	5	1080.2	1	1	1
503	5	627.5	1	1	1
503	5	972.13	1	1	1
503	5	685.76	1	1	1
503	5	900.24	1	1	1
503	5	2478.3	0	1	1
503	5	626.18	1	1	1
503	5	692.55	1	1	1
503	5	3168.5	0	1	1
503	5	1289	0	1	1
503	5	759.12	0	1	1
503	5	781.83	1	1	1
503	5	786.12	1	1	1
503	5	1242	1	1	1
503	5	1187.9	1	1	1
503	5	1357	0	1	1
503	5	1869.5	1	1	1
503	5	1007	0	1	1
503	5	1005.8	1	1	1
503	5	632.28	1	1	1
503	5	1086.9	1	1	1
503	5	823.89	1	2	-1
503	5	1685.7	1	2	-1
503	5	1826.6	0	2	-1
503	5	1390.8	1	2	-1
503	5	852.18	1	2	-1
503	5	2874.8	1	2	-1
503	5	2169.6	1	2	-1
503	5	1465.1	1	2	-1
503	5	1897.5	1	2	-1
503	5	1736.4	1	2	-1
503	5	2708.9	1	2	-1
503	5	734	1	2	-1
503	5	1262.5	1	2	-1
503	5	838.74	0	2	-1
503	5	2468.1	1	2	-1
503	5	2821.9	1	2	-1
503	5	1929	1	2	-1
503	5	1711.8	1	2	-1
503	5	2243.1	1	2	-1
503	5	896.88	1	2	-1
503	5	2479	0	2	-1
503	5	2554.6	1	2	-1
503	5	2398	1	2	-1
503	5	2392.3	1	2	-1
503	5	860.72	1	2	-1
503	5	1376.5	1	2	-1
503	5	677.16	1	2	-1
503	5	950.12	1	2	-1
503	5	905.79	1	2	-1
503	5	692.84	0	2	-1
503	5	803.68	1	2	-1
503	5	1026.4	1	2	-1
503	5	1327	0	2	-1
503	5	2501.3	1	2	-1
503	5	679.88	1	2	-1
503	5	746.4	1	2	-1
503	5	571.15	1	2	-1
503	5	1591.2	0	2	-1
503	5	1034.4	1	2	-1
503	5	1014.7	1	2	-1
503	5	693.64	1	2	-1
503	5	865.48	1	2	-1
503	5	696.35	1	2	-1
503	5	679.75	1	2	-1
503	5	1008	1	2	-1
503	5	1172.7	1	2	-1
503	5	1587.9	1	2	-1
503	5	3618.3	1	2	-1
503	5	1366.6	1	2	-1
503	5	710.24	1	2	-1
503	5	1308.6	1	2	-1
503	5	1405.9	1	2	-1
503	5	531.41	1	2	-1
503	5	1333.4	1	2	-1
503	5	615.97	1	2	-1
503	5	1074.9	1	2	-1
503	5	933.59	1	2	-1
503	5	561.62	1	2	-1
503	5	1295.2	1	2	-1
503	5	2524.4	1	2	-1
503	5	930.88	1	2	-1
503	5	792.01	1	2	-1
503	5	565.87	1	2	-1
503	5	1091.5	1	2	-1
503	5	529.62	1	2	-1
503	5	583.22	1	2	-1
503	5	588.46	1	2	-1
503	5	1025.3	1	2	-1
503	5	1016.7	1	2	-1
503	5	2707.2	1	2	-1
503	5	643.39	1	2	-1
503	5	1662.9	1	2	-1
503	5	1037.8	1	2	-1
503	5	731.65	1	2	-1
503	5	1374.5	1	2	-1
503	5	1322.8	1	2	-1
503	5	1645.5	1	2	-1
503	5	643.66	1	2	-1
503	5	637.07	1	2	-1
503	5	1633.5	1	2	-1
503	5	1181.1	1	2	-1
503	5	619.79	1	2	-1
503	5	610.21	1	2	-1
503	5	897.89	1	2	-1
503	5	574.22	1	2	-1
503	5	490.56	1	2	-1
503	5	1196	1	2	-1
503	5	512.51	1	2	-1
503	5	761.16	1	2	-1
503	5	667.69	1	2	-1
503	5	1068.8	1	2	-1
503	5	639.88	1	2	-1
503	5	611.98	1	2	-1
503	5	740.09	1	2	-1
503	5	640.64	1	2	-1
503	5	809.4	1	2	-1
503	5	1265.6	1	2	-1
503	5	592.26	1	2	-1
503	5	638.05	1	2	-1
503	5	752.11	1	2	-1
503	5	619.85	1	2	-1
503	5	602.49	1	2	-1
503	5	520.73	1	2	-1
503	5	970.14	1	2	-1
503	5	1061.5	1	2	-1
503	5	586.69	1	2	-1
503	5	560.65	1	2	-1
503	5	951.59	1	2	-1
503	5	520.94	1	2	-1
503	5	574.01	1	2	-1
503	5	757.27	1	2	-1
503	5	825.49	1	2	-1
503	5	558.66	1	2	-1
503	5	719.38	1	2	-1
503	5	865.76	1	2	-1
503	5	617.56	1	2	-1
503	5	1193.3	1	2	-1
503	5	633.31	1	2	-1
503	5	608.05	1	2	-1
503	5	898.87	1	2	-1
503	5	778.35	1	2	-1
503	5	974.62	1	2	-1
503	5	763.44	1	2	-1
503	5	565.75	1	2	-1
503	5	533.98	1	2	-1
503	5	745.26	1	2	-1
503	5	600.08	1	2	-1
503	5	644.64	1	2	-1
503	5	1271	1	2	-1
503	5	557.6	1	2	-1
503	5	633.01	1	2	-1
503	5	617.34	1	2	-1
503	5	504.82	1	2	-1
503	5	637.33	1	2	-1
503	5	683.19	1	2	-1
503	5	674.39	1	2	-1
503	5	553.09	1	2	-1
503	5	561.52	1	2	-1
503	5	545.45	1	2	-1
503	5	536.97	1	2	-1
503	5	566.21	1	2	-1
503	5	703.18	1	2	-1
503	5	1096.9	1	2	-1
503	5	555.78	0	2	-1
503	5	615.31	1	2	-1
503	5	827.17	1	2	-1
503	5	641.4	1	2	-1
503	5	832.64	1	2	-1
503	5	742.48	1	2	-1
503	5	804.56	1	2	-1
503	5	732.44	1	2	-1
503	5	724.58	1	2	-1
503	5	934.2	1	2	-1
503	5	879.5	1	2	-1
503	5	520.19	1	2	-1
503	5	627.06	1	2	-1
503	5	2197.2	1	2	-1
503	5	1302.8	1	2	-1
503	5	984.82	1	2	-1
503	5	737.91	1	2	-1
503	5	596.56	1	2	-1
503	5	592.15	1	2	-1
503	5	698	1	2	-1
503	5	617.37	1	2	-1
503	5	559.93	1	2	-1
503	5	1754.7	1	2	-1
503	5	623.59	1	2	-1
503	5	593.38	1	2	-1
503	5	576.12	1	2	-1
503	5	642.47	1	2	-1
503	5	568.35	1	2	-1
503	5	651.73	1	2	-1
503	5	482.21	1	2	-1
503	5	941.9	1	2	-1
503	5	540.14	1	2	-1
503	5	580.18	1	2	-1
503	5	679.8	0	2	-1
503	5	531.29	0	2	-1
503	5	719.81	1	2	-1
503	5	561.82	1	2	-1
503	5	454.62	1	2	-1
503	5	817.87	1	2	-1
503	5	1014	0	2	-1
503	5	558.81	1	2	-1
503	5	629.52	1	2	-1
503	5	1310.5	1	2	-1
503	5	626.97	0	2	-1
503	5	552.98	1	2	-1
503	5	538.93	1	2	-1
503	5	761.87	1	2	-1
503	5	600.09	1	2	-1
503	5	734.21	1	2	-1
503	5	724.32	1	2	-1
503	5	596.35	1	2	-1
503	5	534.59	1	2	-1
503	5	612.05	1	2	-1
503	5	541.94	1	2	-1
503	5	602.41	1	2	-1
503	5	816.63	1	2	-1
503	5	585.66	1	2	-1
503	5	710.48	1	2	-1
503	5	1125.4	1	2	-1
503	5	652.1	1	2	-1
503	5	607.79	1	2	-1
503	5	538.35	1	2	-1
503	5	603.94	1	2	-1
503	5	516.81	1	2	-1
503	5	667.62	1	2	-1
503	5	1072.6	1	2	-1
503	5	534.24	1	2	-1
503	5	747.64	1	2	-1
503	5	510.58	1	2	-1
503	5	964.76	1	2	-1
503	5	601.27	1	2	-1
503	5	724.27	1	2	-1
503	5	675.1	1	2	-1
503	5	547.48	1	2	-1
503	5	922.77	1	2	-1
503	5	606.44	1	2	-1
503	5	975.26	1	2	-1
503	5	564.48	1	2	-1
503	5	634.74	1	2	-1
503	5	795.49	1	2	-1
503	5	581.33	1	2	-1
503	5	612.53	1	2	-1
503	5	786.7	1	2	-1
503	5	515.58	1	2	-1
503	5	574.5	1	2	-1
503	5	588.29	1	2	-1
503	5	647.58	1	2	-1
503	5	526.55	1	2	-1
503	5	557.11	1	2	-1
503	5	1887.6	0	2	-1
503	5	564.06	1	2	-1
503	5	615.51	1	2	-1
503	5	563.47	1	2	-1
503	5	576.6	1	2	-1
503	5	548.03	1	2	-1
503	5	618.02	1	2	-1
503	5	772.66	1	2	-1
503	5	639.58	1	2	-1
503	5	581.3	1	2	-1
503	5	558.6	1	2	-1
503	5	993.17	1	2	-1
503	5	595.01	1	2	-1
503	5	993.21	1	2	-1
503	5	658.35	1	2	-1
503	5	1079	1	2	-1
503	5	610.64	1	2	-1
503	5	585.64	1	2	-1
503	5	1183.2	0	2	-1
503	5	932.75	1	2	-1
503	5	748.12	1	2	-1
503	5	630.13	1	2	-1
503	5	619.44	1	2	-1
503	5	1182.3	1	2	-1
503	5	694.74	1	2	-1
503	5	2347.3	0	2	-1
503	5	639.49	1	2	-1
503	5	1154.4	1	2	-1
503	5	598.12	1	2	-1
503	5	841.04	1	2	-1
503	5	565.66	1	2	-1
503	5	1391.3	0	2	-1
503	5	834.22	1	2	-1
503	5	885.87	1	2	-1
503	5	637.71	1	2	-1
503	5	1315.9	1	2	-1
503	5	623.05	1	2	-1
503	5	604.97	1	2	-1
503	5	1113.9	1	2	-1
503	5	555.19	1	2	-1
503	5	556.62	1	2	-1
503	5	584.71	1	2	-1
503	5	1698.7	1	2	-1
503	5	637.04	1	2	-1
503	5	613.02	1	2	-1
503	5	3407.5	1	2	-1
503	5	613.93	1	2	-1
503	5	1978.8	1	2	-1
503	5	693.81	1	2	-1
503	5	3264.9	1	2	-1
503	5	729.22	1	2	-1
503	5	600.17	1	2	-1
503	5	617.94	1	2	-1
503	5	1716.7	1	2	-1
503	5	1174	1	2	-1
503	5	609.99	1	2	-1
503	5	2477.7	1	2	-1
503	5	1455.7	1	2	-1
503	5	993.11	1	2	-1
503	5	1581.2	1	2	-1
503	5	1347.3	1	2	-1
503	5	621.63	1	2	-1
503	5	1360.3	0	2	-1
503	5	1639	1	2	-1
503	5	1290.2	1	2	-1
503	5	1066	0	2	-1
503	5	590.45	1	2	-1
503	5	1713.2	1	2	-1
503	5	894.87	1	2	-1
503	5	1842.7	1	2	-1
503	5	904.65	0	2	-1
503	5	1697.2	1	2	-1
503	5	1092.8	1	2	-1
503	5	616.36	1	2	-1
503	5	1331.5	1	2	-1
503	5	607.36	1	2	-1
503	5	687.65	1	2	-1
503	5	1060.9	0	2	-1
503	5	2483.2	1	2	-1
503	5	1499.3	1	2	-1
503	5	1695.8	1	2	-1
503	5	1201.6	1	2	-1
503	5	617.7	1	2	-1
503	5	608.94	1	2	-1
503	5	1625.2	1	2	-1
503	5	1596.4	0	2	-1
503	5	637.63	1	2	-1
503	5	779.16	1	2	-1
503	5	990.82	1	2	-1
503	5	1818.7	1	2	-1
503	5	742.53	1	2	-1
503	5	595.24	1	2	-1
503	5	1478.5	0	2	-1
503	5	1270.2	1	2	-1
503	5	2095.5	1	2	-1
503	5	1125.8	1	2	-1
503	5	553.83	1	2	-1
503	5	653.02	1	2	-1
503	5	1077.1	0	2	-1
503	5	2420.7	1	2	-1
503	5	1453.9	1	2	-1
503	5	1332.2	1	2	-1
503	5	633.13	1	2	-1
503	5	602.37	1	2	-1
503	5	637.88	1	2	-1
503	5	665.2	1	2	-1
503	5	751.98	1	2	-1
503	5	590.32	1	2	-1
503	5	731.29	1	2	-1
503	5	601.94	1	2	-1
503	5	621.5	1	2	-1
503	5	664.65	1	2	-1
503	5	1121.3	1	2	-1
503	5	710.22	1	2	-1
503	5	745.91	1	2	-1
503	5	1938	0	2	-1
503	5	622.14	1	2	-1
503	5	657.03	1	2	-1
503	5	861.09	1	2	-1
503	5	791.23	1	2	-1
503	5	1933.8	0	2	-1
503	5	592.7	1	2	-1
503	5	561.18	1	2	-1
503	5	1212.3	1	2	-1
503	5	526.42	1	2	-1
503	5	471.94	1	1	-1
503	5	1147.4	1	1	-1
503	5	846.35	1	1	-1
503	5	729.6	1	1	-1
503	5	808.93	1	1	-1
503	5	723.31	1	1	-1
503	5	808.54	1	1	-1
503	5	770.31	1	1	-1
503	5	706.57	1	1	-1
503	5	2202.6	1	1	-1
503	5	2796.6	1	1	-1
503	5	779.29	1	1	-1
503	5	1837.2	1	1	-1
503	5	1847.3	1	1	-1
503	5	1260.5	1	1	-1
503	5	2763.8	1	1	-1
503	5	815.55	1	1	-1
503	5	753.61	1	1	-1
503	5	1073.2	1	1	-1
503	5	728.29	1	1	-1
503	5	880.23	1	1	-1
503	5	680.13	1	1	-1
503	5	813.14	1	1	-1
503	5	1369	1	1	-1
503	5	2044.6	1	1	-1
503	5	2528	1	1	-1
503	5	689.89	1	1	-1
503	5	805.33	1	1	-1
503	5	1986.5	1	1	-1
503	5	1306.1	1	1	-1
503	5	3093	1	1	-1
503	5	716.51	1	1	-1
503	5	1219.8	0	1	-1
503	5	873.75	1	1	-1
503	5	669.38	1	1	-1
503	5	1242.4	1	1	-1
503	5	915.06	1	1	-1
503	5	612.5	1	1	-1
503	5	1269.1	1	1	-1
503	5	814.43	1	1	-1
503	5	753.9	1	1	-1
503	5	732.71	1	1	-1
503	5	957.31	1	1	-1
503	5	1333.3	1	1	-1
503	5	726.02	1	1	-1
503	5	1588.1	1	1	-1
503	5	2072.6	1	1	-1
503	5	1444.2	1	1	-1
503	5	833.24	1	1	-1
503	5	648.34	1	1	-1
503	5	718.54	1	1	-1
503	5	599.28	1	1	-1
503	5	676.3	1	1	-1
503	5	654.14	1	1	-1
503	5	634.27	1	1	-1
503	5	622.47	1	1	-1
503	5	762.85	1	1	-1
503	5	595.97	1	1	-1
503	5	600.91	1	1	-1
503	5	704.36	1	1	-1
503	5	780.1	1	1	-1
503	5	707.93	1	1	-1
503	5	752.3	1	1	-1
503	5	584.11	1	1	-1
503	5	609.4	1	1	-1
503	5	563.12	1	1	-1
503	5	1560.4	1	1	-1
503	5	856.12	1	1	-1
503	5	930.06	1	1	-1
503	5	1363.3	1	1	-1
503	5	662.62	1	1	-1
503	5	711.72	1	1	-1
503	5	589.01	1	1	-1
503	5	943.79	1	1	-1
503	5	653.51	1	1	-1
503	5	1409.4	1	1	-1
503	5	695.23	1	1	-1
503	5	620.7	1	1	-1
503	5	1020.1	1	1	-1
503	5	648.37	1	1	-1
503	5	686.42	1	1	-1
503	5	1766.6	1	1	-1
503	5	605.13	1	1	-1
503	5	618.95	1	1	-1
503	5	478.56	1	1	-1
503	5	540.59	1	1	-1
503	5	567.62	1	1	-1
503	5	584.3	1	1	-1
503	5	855.04	1	1	-1
503	5	590.34	1	1	-1
503	5	531.32	1	1	-1
503	5	611.91	1	1	-1
503	5	625.95	1	1	-1
503	5	1252	1	1	-1
503	5	960.72	1	1	-1
503	5	1289.5	1	1	-1
503	5	614.26	1	1	-1
503	5	824.31	1	1	-1
503	5	698.22	1	1	-1
503	5	751.21	1	1	-1
503	5	622.65	1	1	-1
503	5	625.08	1	1	-1
503	5	573.8	1	1	-1
503	5	630.64	1	1	-1
503	5	1050	1	1	-1
503	5	716.41	1	1	-1
503	5	569.84	1	1	-1
503	5	622.26	1	1	-1
503	5	623.66	1	1	-1
503	5	557.11	1	1	-1
503	5	626.72	1	1	-1
503	5	560.06	1	1	-1
503	5	837.24	1	1	-1
503	5	630.92	1	1	-1
503	5	687.83	1	1	-1
503	5	1059	1	1	-1
503	5	784.41	1	1	-1
503	5	608.73	1	1	-1
503	5	602.44	1	1	-1
503	5	1320.9	1	1	-1
503	5	994.03	1	1	-1
503	5	629.47	1	1	-1
503	5	686.97	1	1	-1
503	5	632.19	1	1	-1
503	5	627.46	1	1	-1
503	5	617.02	1	1	-1
503	5	594.01	1	1	-1
503	5	576.85	1	1	-1
503	5	703.87	1	1	-1
503	5	653.77	1	1	-1
503	5	666.98	1	1	-1
503	5	563.59	1	1	-1
503	5	573.28	1	1	-1
503	5	572.27	1	1	-1
503	5	580.23	1	1	-1
503	5	614.35	1	1	-1
503	5	685.14	1	1	-1
503	5	579.98	1	1	-1
503	5	690.31	1	1	-1
503	5	607.93	1	1	-1
503	5	613.6	1	1	-1
503	5	673.13	1	1	-1
503	5	570.53	1	1	-1
503	5	557.88	1	1	-1
503	5	599.83	1	1	-1
503	5	681.93	1	1	-1
503	5	569.49	1	1	-1
503	5	597.7	1	1	-1
503	5	613	1	1	-1
503	5	608.85	1	1	-1
503	5	667.42	1	1	-1
503	5	1100.2	1	1	-1
503	5	1081.9	1	1	-1
503	5	541.68	1	1	-1
503	5	793	1	1	-1
503	5	535.93	1	1	-1
503	5	520.14	1	1	-1
503	5	970.63	1	1	-1
503	5	803.88	1	1	-1
503	5	972.74	1	1	-1
503	5	883.58	1	1	-1
503	5	608.22	1	1	-1
503	5	625.14	1	1	-1
503	5	868.18	1	1	-1
503	5	719.92	1	1	-1
503	5	651.27	1	1	-1
503	5	639.39	1	1	-1
503	5	712.32	1	1	-1
503	5	1031.2	1	1	-1
503	5	691.77	1	1	-1
503	5	680.79	1	1	-1
503	5	668.01	1	1	-1
503	5	629.66	1	1	-1
503	5	578.68	1	1	-1
503	5	776.77	1	1	-1
503	5	653.66	1	1	-1
503	5	490.43	1	1	-1
503	5	537.29	1	1	-1
503	5	544.17	1	1	-1
503	5	980.04	1	1	-1
503	5	629.21	1	1	-1
503	5	742.55	1	1	-1
503	5	1011.9	1	1	-1
503	5	583.44	1	1	-1
503	5	559.75	1	1	-1
503	5	575.78	1	1	-1
503	5	564.09	1	1	-1
503	5	928.77	1	1	-1
503	5	588.56	1	1	-1
503	5	549.9	1	1	-1
503	5	543.29	1	1	-1
503	5	685.93	1	1	-1
503	5	683.51	1	1	-1
503	5	582.49	1	1	-1
503	5	816.39	1	1	-1
503	5	620.34	1	1	-1
503	5	582.29	1	1	-1
503	5	602.69	1	1	-1
503	5	574.87	1	1	-1
503	5	612.74	1	1	-1
503	5	747.19	1	1	-1
503	5	635.79	1	1	-1
503	5	654.62	1	1	-1
503	5	680.06	1	1	-1
503	5	500.02	1	1	-1
503	5	571.96	1	1	-1
503	5	546.53	1	1	-1
503	5	1023.5	1	1	-1
503	5	555.47	1	1	-1
503	5	528.82	1	1	-1
503	5	515.36	1	1	-1
503	5	538.02	1	1	-1
503	5	532.57	1	1	-1
503	5	930.81	1	1	-1
503	5	534.04	1	1	-1
503	5	823.46	1	1	-1
503	5	463.8	1	1	-1
503	5	598.03	1	1	-1
503	5	572.8	1	1	-1
503	5	625.75	1	1	-1
503	5	554.13	1	1	-1
503	5	479.5	1	1	-1
503	5	645.73	1	1	-1
503	5	541.04	1	1	-1
503	5	576.55	1	1	-1
503	5	505.28	1	1	-1
503	5	515.23	1	1	-1
503	5	540.58	1	1	-1
503	5	552.92	1	1	-1
503	5	559.02	1	1	-1
503	5	513.13	1	1	-1
503	5	711.4	1	1	-1
503	5	549.85	1	1	-1
503	5	747.67	1	1	-1
503	5	551.17	1	1	-1
503	5	557.96	1	1	-1
503	5	570.01	1	1	-1
503	5	780.6	1	1	-1
503	5	677.01	1	1	-1
503	5	571.11	1	1	-1
503	5	1474.1	1	1	-1
503	5	606.68	1	1	-1
503	5	579.28	1	1	-1
503	5	719.73	1	1	-1
503	5	632.58	1	1	-1
503	5	666.8	1	1	-1
503	5	626.1	1	1	-1
503	5	546.1	1	1	-1
503	5	542.21	1	1	-1
503	5	578.37	1	1	-1
503	5	678.99	1	1	-1
503	5	702.34	1	1	-1
503	5	618.86	1	1	-1
503	5	761.24	1	1	-1
503	5	601.12	1	1	-1
503	5	971.47	1	1	-1
503	5	801.48	1	1	-1
503	5	1305.2	1	1	-1
503	5	1074.4	1	1	-1
503	5	595.89	1	1	-1
503	5	653.74	1	1	-1
503	5	595.56	1	1	-1
503	5	600.18	1	1	-1
503	5	735.48	1	1	-1
503	5	600.81	1	1	-1
503	5	657.35	1	1	-1
503	5	2337.2	1	1	-1
503	5	597.92	1	1	-1
503	5	613.67	1	1	-1
503	5	1168.6	1	1	-1
503	5	2161.1	1	1	-1
503	5	594.11	1	1	-1
503	5	839.04	1	1	-1
503	5	701.9	1	1	-1
503	5	655.2	1	1	-1
503	5	614.72	1	1	-1
503	5	937.58	1	1	-1
503	5	979.44	1	1	-1
503	5	951.81	1	1	-1
503	5	678.26	1	1	-1
503	5	2828.1	0	1	-1
503	5	600.15	1	1	-1
503	5	636.11	1	1	-1
503	5	613.45	1	1	-1
503	5	569.99	1	1	-1
503	5	645.21	1	1	-1
503	5	721.82	1	1	-1
503	5	1750.8	1	1	-1
503	5	1226.1	1	1	-1
503	5	623.54	1	1	-1
503	5	721.95	1	1	-1
503	5	2512.5	1	1	-1
503	5	641.9	1	1	-1
503	5	534.7	1	1	-1
503	5	1032.8	1	1	-1
503	5	586.77	1	1	-1
503	5	1106.4	1	1	-1
503	5	968.2	1	1	-1
503	5	730.67	1	1	-1
503	5	1086	1	1	-1
503	5	1035.1	1	1	-1
503	5	626.95	1	1	-1
503	5	877.92	1	1	-1
503	5	993.08	1	1	-1
503	5	603.48	1	1	-1
503	5	676.15	1	1	-1
503	5	559.64	1	1	-1
503	5	756.51	1	1	-1
503	5	989.57	1	1	-1
503	5	628.92	1	1	-1
503	5	1088.7	1	1	-1
503	5	1029.6	1	1	-1
503	5	666.43	1	1	-1
503	5	1463.5	1	1	-1
503	5	685.58	1	1	-1
503	5	674.4	1	1	-1
503	5	783.26	1	1	-1
503	5	631.25	1	1	-1
503	5	785.15	1	1	-1
503	5	706.15	1	1	-1
503	5	585.18	1	1	-1
503	5	541.81	1	1	-1
503	5	628.28	1	1	-1
503	5	674.88	1	1	-1
503	5	1452.3	1	1	-1
503	5	1079.4	1	1	-1
503	5	808.19	1	1	-1
503	5	745.48	1	1	-1
503	5	881.04	1	1	-1
503	5	662.76	1	1	-1
503	5	1256	1	1	-1
503	5	1299.3	1	1	-1
503	5	1108	1	1	-1
503	5	759.02	1	1	-1
503	5	603.59	1	1	-1
503	5	634.26	1	1	-1
503	5	637.76	1	1	-1
503	5	574.44	1	1	-1
503	5	489.24	1	1	-1
503	5	589.22	1	1	-1
503	5	681.66	1	1	-1
503	5	643.86	1	1	-1
503	5	750.66	1	1	-1
503	5	627.82	1	1	-1
503	5	645.26	1	1	-1
503	5	628.7	1	1	-1
503	5	585.08	1	1	-1
503	5	527	1	1	-1
503	5	560.66	1	1	-1
503	5	619.31	1	1	-1
503	5	593.61	1	1	-1
503	5	540.4	1	1	-1
503	5	669.85	1	1	-1
503	5	617.08	1	1	-1
503	5	524.55	1	1	-1
503	5	579.68	1	1	-1
503	5	626.11	1	1	-1
503	5	746.83	0	-1	2
503	5	591.86	0	-1	2
503	5	812.25	0	-1	2
503	5	1716.2	0	-1	2
503	5	1218.9	1	-1	2
503	5	765.71	0	-1	2
503	5	4108.7	1	-1	2
503	5	1214	0	-1	2
503	5	2940.3	1	-1	2
503	5	912.7	0	-1	2
503	5	733.88	0	-1	2
503	5	785.12	0	-1	2
503	5	589.62	0	-1	2
503	5	596.88	0	-1	2
503	5	1305.8	0	-1	2
503	5	3018.1	1	-1	2
503	5	755.95	0	-1	2
503	5	952.92	0	-1	2
503	5	1378.5	1	-1	2
503	5	1197.9	0	-1	2
503	5	621.53	0	-1	2
503	5	927.59	1	-1	2
503	5	1738.7	1	-1	2
503	5	649.36	0	-1	2
503	5	613.3	0	-1	2
503	5	1519.3	0	-1	2
503	5	1446.8	0	-1	2
503	5	2827.9	0	-1	2
503	5	791.51	0	-1	2
503	5	696.6	0	-1	2
503	5	1543.2	0	-1	2
503	5	969.89	1	-1	2
503	5	1433.3	0	-1	2
503	5	2211.9	1	-1	2
503	5	2806	1	-1	2
503	5	685.61	0	-1	2
503	5	573.12	0	-1	2
503	5	554.8	0	-1	2
503	5	1300.2	1	-1	2
503	5	630.24	0	-1	2
503	5	2003.3	1	-1	2
503	5	2102	0	-1	2
503	5	3620	1	-1	2
503	5	3463.3	1	-1	2
503	5	870.57	0	-1	2
503	5	631.61	0	-1	2
503	5	764.24	0	-1	2
503	5	1001.1	0	-1	2
503	5	682.04	0	-1	2
503	5	3381.7	0	-1	2
503	5	1238.2	0	-1	2
503	5	629.44	0	-1	2
503	5	940.94	0	-1	2
503	5	609.66	0	-1	2
503	5	1282.3	0	-1	2
503	5	506.66	0	-1	2
503	5	832.72	1	-1	2
503	5	619	0	-1	2
503	5	631.83	0	-1	2
503	5	736.81	0	-1	2
503	5	1034.4	0	-1	2
503	5	3721.1	1	-1	2
503	5	1377.2	1	-1	2
503	5	1882.2	1	-1	2
503	5	747.9	0	-1	2
503	5	456.4	0	-1	2
503	5	624.42	0	-1	2
503	5	2381.5	1	-1	2
503	5	1461.5	0	-1	2
503	5	673.41	1	-1	2
503	5	733.08	0	-1	2
503	5	595.54	0	-1	2
503	5	664.35	0	-1	2
503	5	872.09	1	-1	2
503	5	3783.6	1	-1	2
503	5	556.33	0	-1	2
503	5	555.06	0	-1	2
503	5	872.29	0	-1	2
503	5	608.3	0	-1	2
503	5	675.16	0	-1	2
503	5	647.9	0	-1	2
503	5	1317.8	1	-1	2
503	5	684.49	0	-1	2
503	5	1803.7	0	-1	2
503	5	956.26	0	-1	2
503	5	1515.4	0	-1	2
503	5	1257.2	0	-1	2
503	5	398.84	0	-1	2
503	5	623.73	1	-1	2
503	5	933.39	0	-1	2
503	5	525.69	0	-1	2
503	5	540.87	0	-1	2
503	5	1186	0	-1	2
503	5	1292.6	0	-1	2
503	5	2926.3	1	-1	2
503	5	2030.7	1	-1	2
503	5	967.56	0	-1	2
503	5	492.47	0	-1	2
503	5	636.33	0	-1	2
503	5	702.66	0	-1	2
503	5	774.13	0	-1	2
503	5	589.76	0	-1	2
503	5	742.43	1	-1	2
503	5	1152.9	0	-1	2
503	5	681.85	0	-1	2
503	5	634.07	0	-1	2
503	5	594.71	0	-1	2
503	5	862.67	0	-1	2
503	5	1168.5	0	-1	2
503	5	858.03	1	-1	2
503	5	2652.2	1	-1	2
503	5	1908.8	1	-1	2
503	5	797.02	0	-1	2
503	5	720.73	0	-1	2
503	5	557.86	0	-1	2
503	5	1906.3	0	-1	2
503	5	1701.8	0	-1	2
503	5	1319.2	0	-1	2
503	5	722.05	0	-1	2
503	5	577.56	0	-1	2
503	5	628.3	0	-1	2
503	5	966.23	0	-1	2
503	5	582.63	0	-1	2
503	5	687.01	0	-1	2
503	5	558.3	0	-1	2
503	5	583.31	1	-1	2
503	5	592.7	0	-1	2
503	5	586.56	0	-1	2
503	5	802.41	0	-1	2
503	5	565.87	0	-1	2
503	5	700.52	0	-1	2
503	5	1118.9	0	-1	2
503	5	551.33	0	-1	2
503	5	630.72	0	-1	2
503	5	1202.5	0	-1	2
503	5	556.57	0	-1	2
503	5	1453.8	0	-1	2
503	5	2116.9	1	-1	2
503	5	966.09	0	-1	2
503	5	1382.3	0	-1	2
503	5	1358.7	0	-1	2
503	5	638.6	0	-1	2
503	5	642.08	0	-1	2
503	5	546.6	0	-1	2
503	5	549.21	0	-1	2
503	5	620.93	1	-1	2
503	5	3641.7	1	-1	2
503	5	1620.3	0	-1	2
503	5	623.69	0	-1	2
503	5	779.24	0	-1	2
503	5	1112.9	0	-1	2
503	5	901.18	0	-1	2
503	5	781.6	0	-1	2
503	5	1405.3	0	-1	2
503	5	2909.4	0	-1	2
503	5	671.7	0	-1	2
503	5	912.3	0	-1	2
503	5	824.48	0	-1	2
503	5	592.93	0	-1	2
503	5	845.91	0	-1	2
503	5	2083.3	0	-1	2
503	5	1152.2	0	-1	2
503	5	811.45	1	-1	2
503	5	525.27	0	-1	2
503	5	564.31	0	-1	2
503	5	1148.3	0	-1	2
503	5	619.74	0	-1	2
503	5	1950.6	1	-1	2
503	5	638.54	0	-1	2
503	5	600.18	0	-1	2
503	5	502.72	0	-1	2
503	5	622.37	0	-1	2
503	5	935.51	1	-1	2
503	5	938.97	1	-1	2
503	5	686.33	0	-1	2
503	5	1026.8	0	-1	2
503	5	525.78	0	-1	2
503	5	488.49	0	-1	2
503	5	604.32	0	-1	2
503	5	922.54	0	-1	2
503	5	821.36	1	-1	2
503	5	1197	1	-1	2
503	5	544.52	0	-1	2
503	5	631.51	0	-1	2
503	5	685.3	0	-1	2
503	5	471.75	0	-1	2
503	5	590.08	0	-1	2
503	5	1440	0	-1	2
503	5	594.13	0	-1	2
503	5	579.59	0	-1	2
503	5	711.77	0	-1	2
503	5	1107.5	1	-1	2
503	5	551.88	0	-1	2
503	5	1399.8	0	-1	2
503	5	653.46	0	-1	2
503	5	645.54	0	-1	2
503	5	628.43	0	-1	2
503	5	602.71	0	-1	2
503	5	788.62	0	-1	2
503	5	532.27	1	-1	2
503	5	913.59	0	-1	2
503	5	834.73	0	-1	2
503	5	714.17	0	-1	2
503	5	601.58	0	-1	2
503	5	490.14	0	-1	2
503	5	717.44	1	-1	2
503	5	898.41	0	-1	2
503	5	505.08	0	-1	2
503	5	532.19	0	-1	2
503	5	584.23	0	-1	2
503	5	791.06	0	-1	2
503	5	1067.7	0	-1	2
503	5	1049.7	0	-1	2
503	5	1578	0	-1	2
503	5	527.09	0	-1	2
503	5	701.57	0	-1	2
503	5	610.93	0	-1	2
503	5	656.31	1	-1	2
503	5	606.12	1	-1	2
503	5	809.6	0	-1	2
503	5	745.35	0	-1	2
503	5	635.64	1	-1	2
503	5	719.1	0	-1	2
503	5	677.28	0	-1	2
503	5	1239.2	1	-1	2
503	5	2631	1	-1	2
503	5	1062.2	1	-1	2
503	5	545.2	0	-1	2
503	5	674.95	0	-1	2
503	5	1687.8	1	-1	2
503	5	671.05	0	-1	2
503	5	1438.4	1	-1	2
503	5	912.78	1	-1	2
503	5	686.49	0	-1	2
503	5	879.3	0	-1	2
503	5	706.3	0	-1	2
503	5	1108.4	0	-1	2
503	5	1663.4	0	-1	2
503	5	600.91	0	-1	2
503	5	676.5	0	-1	2
503	5	854.22	0	-1	2
503	5	1117.8	0	-1	2
503	5	705.91	0	-1	2
503	5	570.43	0	-1	2
503	5	764.49	0	-1	2
503	5	776.96	0	-1	2
503	5	862.58	1	-1	2
503	5	1099.5	1	-1	2
503	5	1107.5	1	-1	2
503	5	3238.6	0	-1	2
503	5	1283.7	0	-1	2
503	5	654.94	0	-1	2
503	5	4447.2	1	-1	2
503	5	2295.1	0	-1	2
503	5	958.08	0	-1	2
503	5	674.17	0	-1	2
503	5	851.99	0	-1	2
503	5	2112.3	0	-1	2
503	5	599.65	0	-1	2
503	5	819.97	0	-1	2
503	5	628.02	0	-1	2
503	5	1584	1	-1	2
503	5	893.31	0	-1	2
503	5	939.89	0	-1	2
503	5	931.17	0	-1	2
503	5	1448.5	1	-1	2
503	5	954.19	0	-1	2
503	5	861.52	1	-1	2
503	5	1063.4	1	-1	2
503	5	1071.8	1	-1	2
503	5	1567.6	1	-1	2
503	5	619.56	0	-1	2
503	5	809.97	0	-1	2
503	5	759.15	0	-1	2
503	5	846.5	0	-1	2
503	5	864.6	0	-1	2
503	5	1316.3	0	-1	2
503	5	919.17	0	-1	2
503	5	1384	0	-1	2
503	5	709.52	0	-1	2
503	5	594.65	0	-1	2
503	5	540.2	0	-1	2
503	5	691.99	0	-1	2
503	5	796.98	0	-1	2
503	5	864.06	0	-1	2
503	5	617.6	0	-1	2
503	5	906.86	0	-1	2
503	5	1999.8	0	-1	2
503	5	1371.9	0	-1	2
503	5	774.79	0	-1	2
503	5	1068.3	1	-1	2
503	5	4161	1	-1	2
503	5	1195.2	0	-1	2
503	5	582.03	0	-1	2
503	5	827.76	0	-1	2
503	5	651.76	0	-1	2
503	5	670.33	0	-1	2
503	5	2427.7	0	-1	2
503	5	1020.4	1	-1	2
503	5	1153.7	0	-1	2
503	5	1171	0	-1	2
503	5	1566.1	0	-1	2
503	5	4460.9	1	-1	2
503	5	629.04	0	-1	2
503	5	718.63	0	-1	2
503	5	1049	0	-1	2
503	5	1065.8	0	-1	2
503	5	1735.2	0	-1	2
503	5	1608.7	0	-1	2
503	5	629.34	0	-1	2
503	5	1176	0	-1	2
503	5	1244.5	0	-1	2
503	5	1449.4	1	-1	2
503	5	1554.6	0	-1	2
503	5	956.55	0	-1	2
503	5	1224.6	0	-1	2
503	5	2203.2	0	-1	2
503	5	549.43	0	-1	2
503	5	865.15	0	-1	2
503	5	2215.6	0	-1	2
503	5	4241.3	0	-1	2
503	5	849.84	0	-1	2
503	5	1145.8	1	-1	2
503	5	1034.1	0	-1	2
503	5	1740.4	1	-1	2
503	5	615.82	0	-1	2
503	5	954.41	0	-1	2
503	5	1122.4	1	-1	2
503	5	2132	1	-1	2
503	5	3266.5	1	-1	2
503	5	3071.8	1	-1	2
503	5	2482.3	1	-1	2
503	5	596.13	0	-1	2
503	5	629.95	0	-1	2
503	5	678.24	0	-1	2
503	5	644.61	0	-1	2
503	5	701.16	0	-1	2
503	5	553.86	0	-1	2
503	5	608.72	0	-1	2
503	5	529.47	0	-1	2
503	5	624.55	0	-1	2
503	5	1451	0	-1	2
503	5	618.27	0	-1	2
503	5	1496.6	1	-1	2
503	5	672.59	0	-1	2
503	5	653.02	0	-1	2
503	5	1107.7	0	-1	2
503	5	917.94	0	-1	2
503	5	1721.4	0	-1	2
503	5	1598.5	0	-1	2
503	5	753.42	0	-1	2
503	5	1903.6	1	-1	2
503	5	1381.2	1	-1	2
503	5	1434.1	1	-1	2
503	5	636.87	0	-1	2
503	5	596.91	0	-1	2
503	5	657.35	1	-1	2
503	5	780.23	1	-1	1
503	5	1470.8	0	-1	1
503	5	858.91	1	-1	1
503	5	843.35	0	-1	1
503	5	834.81	1	-1	1
503	5	1059.8	1	-1	1
503	5	682.96	0	-1	1
503	5	2498.9	1	-1	1
503	5	2454.8	1	-1	1
503	5	1217.1	1	-1	1
503	5	2717.8	0	-1	1
503	5	673.24	1	-1	1
503	5	1461.7	0	-1	1
503	5	1456.9	0	-1	1
503	5	748.27	1	-1	1
503	5	663.13	1	-1	1
503	5	1866	1	-1	1
503	5	1994.1	0	-1	1
503	5	1170.7	0	-1	1
503	5	753.76	1	-1	1
503	5	1099.8	1	-1	1
503	5	1380.7	1	-1	1
503	5	1472.3	1	-1	1
503	5	737.26	0	-1	1
503	5	3056	1	-1	1
503	5	776.53	0	-1	1
503	5	3294.4	1	-1	1
503	5	2383.5	1	-1	1
503	5	1171.1	1	-1	1
503	5	1095.3	1	-1	1
503	5	1150.2	1	-1	1
503	5	1570.1	1	-1	1
503	5	1105.2	1	-1	1
503	5	762.8	0	-1	1
503	5	1040.7	0	-1	1
503	5	1625.5	0	-1	1
503	5	1269	1	-1	1
503	5	1951.4	1	-1	1
503	5	2211.9	0	-1	1
503	5	848.95	1	-1	1
503	5	1120.9	1	-1	1
503	5	645.86	1	-1	1
503	5	1479.8	1	-1	1
503	5	1918.9	0	-1	1
503	5	823.29	1	-1	1
503	5	1542.1	1	-1	1
503	5	922.52	0	-1	1
503	5	1652.3	1	-1	1
503	5	1807.7	1	-1	1
503	5	1136.5	1	-1	1
503	5	1464	1	-1	1
503	5	694.97	1	-1	1
503	5	838.94	0	-1	1
503	5	766.84	1	-1	1
503	5	1474.5	1	-1	1
503	5	2159	1	-1	1
503	5	933.45	0	-1	1
503	5	687.13	1	-1	1
503	5	801.43	1	-1	1
503	5	615.91	0	-1	1
503	5	1101.7	1	-1	1
503	5	1025.3	1	-1	1
503	5	548.51	1	-1	1
503	5	1442.6	1	-1	1
503	5	1210	1	-1	1
503	5	592.75	0	-1	1
503	5	998.56	1	-1	1
503	5	718.33	0	-1	1
503	5	1125.9	1	-1	1
503	5	757.96	1	-1	1
503	5	853.28	1	-1	1
503	5	801.94	1	-1	1
503	5	851.63	1	-1	1
503	5	787.56	1	-1	1
503	5	2670.8	1	-1	1
503	5	1667.1	1	-1	1
503	5	3019.9	1	-1	1
503	5	1134.7	1	-1	1
503	5	1223.8	1	-1	1
503	5	654.75	1	-1	1
503	5	1284.6	1	-1	1
503	5	1355.8	1	-1	1
503	5	2495.6	1	-1	1
503	5	918.81	1	-1	1
503	5	641.13	1	-1	1
503	5	485	0	-1	1
503	5	638.12	1	-1	1
503	5	552.13	1	-1	1
503	5	808.01	0	-1	1
503	5	657.07	1	-1	1
503	5	747.06	1	-1	1
503	5	553.18	0	-1	1
503	5	3807.2	1	-1	1
503	5	672.38	1	-1	1
503	5	1147.7	1	-1	1
503	5	2146.3	1	-1	1
503	5	645.42	1	-1	1
503	5	1658.5	1	-1	1
503	5	1219.4	1	-1	1
503	5	2847.2	0	-1	1
503	5	2302.8	1	-1	1
503	5	738	0	-1	1
503	5	710.11	1	-1	1
503	5	896.19	0	-1	1
503	5	1115.6	1	-1	1
503	5	636.54	1	-1	1
503	5	580.57	1	-1	1
503	5	1148.1	1	-1	1
503	5	676.95	1	-1	1
503	5	1312.3	1	-1	1
503	5	804.66	1	-1	1
503	5	1618.8	0	-1	1
503	5	603.56	1	-1	1
503	5	1505.8	1	-1	1
503	5	2219.4	0	-1	1
503	5	672.96	1	-1	1
503	5	938.86	1	-1	1
503	5	977.84	1	-1	1
503	5	670.32	0	-1	1
503	5	1329.1	1	-1	1
503	5	1065.6	1	-1	1
503	5	649.29	1	-1	1
503	5	685.83	1	-1	1
503	5	746.96	1	-1	1
503	5	1409.3	1	-1	1
503	5	977.17	1	-1	1
503	5	679.27	1	-1	1
503	5	640.1	1	-1	1
503	5	1215.3	1	-1	1
503	5	2147.4	1	-1	1
503	5	661.89	1	-1	1
503	5	1800.3	1	-1	1
503	5	974.14	0	-1	1
503	5	572.87	1	-1	1
503	5	1378.9	1	-1	1
503	5	1338.5	0	-1	1
503	5	1044.2	0	-1	1
503	5	670.37	1	-1	1
503	5	1439.2	1	-1	1
503	5	683.63	1	-1	1
503	5	848.46	1	-1	1
503	5	1506.9	1	-1	1
503	5	1030.5	1	-1	1
503	5	2999.1	1	-1	1
503	5	2347.1	1	-1	1
503	5	3029	1	-1	1
503	5	1642.1	1	-1	1
503	5	854.5	1	-1	1
503	5	3638.4	1	-1	1
503	5	1621.4	1	-1	1
503	5	1178.1	1	-1	1
503	5	981.04	1	-1	1
503	5	2232.6	1	-1	1
503	5	618.18	1	-1	1
503	5	703.91	1	-1	1
503	5	579.19	1	-1	1
503	5	951.68	1	-1	1
503	5	756.91	0	-1	1
503	5	1030	0	-1	1
503	5	601.99	1	-1	1
503	5	621.23	1	-1	1
503	5	1046.5	0	-1	1
503	5	1529.8	1	-1	1
503	5	802.49	1	-1	1
503	5	1503.5	0	-1	1
503	5	2049.2	0	-1	1
503	5	653.06	1	-1	1
503	5	1851.2	1	-1	1
503	5	1450.1	1	-1	1
503	5	1798.4	1	-1	1
503	5	802.54	1	-1	1
503	5	1622.5	1	-1	1
503	5	572.63	1	-1	1
503	5	648.3	1	-1	1
503	5	535.96	1	-1	1
503	5	588.06	1	-1	1
503	5	771.34	0	-1	1
503	5	610.32	1	-1	1
503	5	1907.8	1	-1	1
503	5	717.55	1	-1	1
503	5	1757.7	0	-1	1
503	5	726.57	1	-1	1
503	5	832.74	1	-1	1
503	5	788.51	0	-1	1
503	5	670.03	0	-1	1
503	5	1724.8	1	-1	1
503	5	1382.4	0	-1	1
503	5	1170	1	-1	1
503	5	710.36	0	-1	1
503	5	621.18	0	-1	1
503	5	651.82	1	-1	1
503	5	999.85	1	-1	1
503	5	818.7	0	-1	1
503	5	662.07	0	-1	1
503	5	636.62	0	-1	1
503	5	581.48	1	-1	1
503	5	816.59	0	-1	1
503	5	1077.8	1	-1	1
503	5	1015	1	-1	1
503	5	645.26	1	-1	1
503	5	666.94	1	-1	1
503	5	686.08	1	-1	1
503	5	666.06	0	-1	1
503	5	507.11	1	-1	1
503	5	518.59	1	-1	1
503	5	1749.6	0	-1	1
503	5	865.39	1	-1	1
503	5	663.65	1	-1	1
503	5	522.73	1	-1	1
503	5	547.6	1	-1	1
503	5	545.35	1	-1	1
503	5	561.28	1	-1	1
503	5	526.85	1	-1	1
503	5	543.2	1	-1	1
503	5	517.3	1	-1	1
503	5	1043.5	1	-1	1
503	5	716.55	1	-1	1
503	5	499.63	1	-1	1
503	5	594.26	1	-1	1
503	5	635.17	1	-1	1
503	5	596.16	1	-1	1
503	5	546.67	1	-1	1
503	5	602.56	1	-1	1
503	5	635.94	1	-1	1
503	5	712.75	1	-1	1
503	5	1274.9	1	-1	1
503	5	1098.2	1	-1	1
503	5	785.5	1	-1	1
503	5	745.91	1	-1	1
503	5	656.28	1	-1	1
503	5	542.42	1	-1	1
503	5	976.8	1	-1	1
503	5	518.41	1	-1	1
503	5	545.98	1	-1	1
503	5	698.67	0	-1	1
503	5	863.64	1	-1	1
503	5	558.7	1	-1	1
503	5	664.93	1	-1	1
503	5	614.2	1	-1	1
503	5	932.07	1	-1	1
503	5	612.73	1	-1	1
503	5	1006.2	1	-1	1
503	5	718.87	1	-1	1
503	5	601.57	1	-1	1
503	5	1087.2	1	-1	1
503	5	604.34	1	-1	1
503	5	1364.8	1	-1	1
503	5	737.37	0	-1	1
503	5	590.5	0	-1	1
503	5	2646.9	0	-1	1
503	5	660.98	1	-1	1
503	5	651.89	1	-1	1
503	5	597.39	1	-1	1
503	5	1192.2	1	-1	1
503	5	611.74	1	-1	1
503	5	1605.1	1	-1	1
503	5	685.29	1	-1	1
503	5	627.94	1	-1	1
503	5	743.08	1	-1	1
503	5	979.18	1	-1	1
503	5	719.81	1	-1	1
503	5	837.84	1	-1	1
503	5	683.85	1	-1	1
503	5	1699.1	1	-1	1
503	5	950.42	1	-1	1
503	5	669.48	1	-1	1
503	5	1148.1	1	-1	1
503	5	2707.3	1	-1	1
503	5	1251.5	1	-1	1
503	5	792.27	1	-1	1
503	5	1381.3	1	-1	1
503	5	809.9	1	-1	1
503	5	588.64	1	-1	1
503	5	615.19	1	-1	1
503	5	687.99	0	-1	1
503	5	500.33	0	-1	1
503	5	1135.2	0	-1	1
503	5	837.72	0	-1	1
503	5	1121.4	1	-1	1
503	5	1144.1	0	-1	1
503	5	598.36	0	-1	1
503	5	2004.5	1	-1	1
503	5	1443.4	0	-1	1
503	5	928.59	1	-1	1
503	5	1359.4	0	-1	1
503	5	720.73	1	-1	1
503	5	2084.6	1	-1	1
503	5	1025	1	-1	1
503	5	680.21	1	-1	1
503	5	784.53	1	-1	1
503	5	712.39	1	-1	1
503	5	596.94	1	-1	1
503	5	998.52	1	-1	1
503	5	1179.6	0	-1	1
503	5	1418	1	-1	1
503	5	1523.4	1	-1	1
503	5	1663.9	1	-1	1
503	5	1721.3	1	-1	1
503	5	1051.3	1	-1	1
503	5	594.77	1	-1	1
503	5	1538.1	0	-1	1
503	5	3080.4	1	-1	1
503	5	676.64	1	-1	1
503	5	555.02	0	-1	1
503	5	1305.6	1	-1	1
503	5	767.68	1	-1	1
503	5	661.93	1	-1	1
503	5	1033.1	1	-1	1
503	5	793.4	0	-1	1
503	5	1020.1	1	-1	1
503	5	624.27	0	-1	1
503	5	887.97	0	-1	1
503	5	845.21	1	-1	1
503	5	1038.5	1	-1	1
503	5	799.9	1	-1	1
503	5	1213.3	0	-1	1
503	5	4239.7	1	-1	1
503	5	1790.7	0	-1	1
503	5	2881.1	1	-1	1
503	5	1039.2	0	-1	1
503	5	832.6	1	-1	1
503	5	1219	0	-1	1
503	5	897.5	0	-1	1
503	5	1409.4	1	-1	1
503	5	878.39	1	-1	1
503	5	2466	1	-1	1
503	5	988.94	1	-1	1
503	5	1042	1	-1	1
503	5	831.55	1	-1	1
503	5	815.23	1	-1	1
503	5	814.88	1	-1	1
503	5	2040.6	1	-1	1
503	5	1607.2	1	-1	1
503	5	779.55	1	-1	1
503	5	831.72	1	-1	1
503	5	763.09	1	-1	1
503	5	1115.4	1	-1	1
503	5	1433.5	1	-1	1
503	5	2362.5	1	-1	1
503	5	747.65	1	-1	1
503	5	1213.3	0	-1	1
503	5	648.71	1	-1	1
503	5	1035	1	-1	1
503	5	937.6	1	-1	1
503	5	3369	1	-1	1
503	5	1294.7	1	-1	1
503	5	607.96	1	-1	1
503	5	985.2	1	-1	1
503	5	1031.9	1	-1	1
503	5	866.09	1	-1	1
503	5	568.46	1	-1	1
503	5	1443	1	-1	1
503	5	1040.8	1	-1	1
503	5	829.82	1	-1	1
503	5	592.87	1	-1	1
503	5	613.86	1	-1	1
503	5	690.85	0	-1	1
503	5	555.36	1	-1	-1
503	5	684.82	1	-1	-1
503	5	2724.2	1	-1	-1
503	5	1778.1	1	-1	-1
503	5	783.23	1	-1	-1
503	5	608.21	1	-1	-1
503	5	1285.1	1	-1	-1
503	5	1306.6	1	-1	-1
503	5	782.67	1	-1	-1
503	5	939.85	1	-1	-1
503	5	1232.3	1	-1	-1
503	5	633.27	1	-1	-1
503	5	637.43	1	-1	-1
503	5	988.63	1	-1	-1
503	5	845.8	1	-1	-1
503	5	983.98	1	-1	-1
503	5	720.98	1	-1	-1
503	5	775.92	1	-1	-1
503	5	1775.1	1	-1	-1
503	5	633.19	1	-1	-1
503	5	767.08	1	-1	-1
503	5	663.81	1	-1	-1
503	5	854.23	1	-1	-1
503	5	1207.5	1	-1	-1
503	5	888.41	1	-1	-1
503	5	651.75	1	-1	-1
503	5	655.27	1	-1	-1
503	5	855.26	1	-1	-1
503	5	798.13	1	-1	-1
503	5	785.69	1	-1	-1
503	5	1037	1	-1	-1
503	5	703.15	1	-1	-1
503	5	613.47	1	-1	-1
503	5	995.18	1	-1	-1
503	5	789.29	1	-1	-1
503	5	622.23	1	-1	-1
503	5	583.85	1	-1	-1
503	5	969.88	1	-1	-1
503	5	1047.4	1	-1	-1
503	5	743.85	1	-1	-1
503	5	645.87	1	-1	-1
503	5	747.96	1	-1	-1
503	5	763.45	1	-1	-1
503	5	770.77	1	-1	-1
503	5	725.96	1	-1	-1
503	5	951.32	1	-1	-1
503	5	1856.3	1	-1	-1
503	5	869.6	1	-1	-1
503	5	655.99	1	-1	-1
503	5	785.5	1	-1	-1
503	5	553.13	1	-1	-1
503	5	1175.7	1	-1	-1
503	5	621.98	1	-1	-1
503	5	765.11	1	-1	-1
503	5	688.44	1	-1	-1
503	5	573.31	1	-1	-1
503	5	744.32	1	-1	-1
503	5	605.96	1	-1	-1
503	5	833.58	1	-1	-1
503	5	713.34	1	-1	-1
503	5	586.61	1	-1	-1
503	5	602.6	1	-1	-1
503	5	850.44	1	-1	-1
503	5	638.66	1	-1	-1
503	5	648.85	1	-1	-1
503	5	584.35	1	-1	-1
503	5	639.03	1	-1	-1
503	5	643.29	1	-1	-1
503	5	546.07	1	-1	-1
503	5	577.39	1	-1	-1
503	5	625.99	1	-1	-1
503	5	606.31	1	-1	-1
503	5	617.12	1	-1	-1
503	5	664.17	1	-1	-1
503	5	659.83	1	-1	-1
503	5	1588.4	1	-1	-1
503	5	843.54	1	-1	-1
503	5	702.18	1	-1	-1
503	5	634.27	1	-1	-1
503	5	577.94	1	-1	-1
503	5	651.45	1	-1	-1
503	5	729.81	1	-1	-1
503	5	523.14	1	-1	-1
503	5	501.69	1	-1	-1
503	5	587.45	1	-1	-1
503	5	694.52	1	-1	-1
503	5	613.22	1	-1	-1
503	5	594.46	1	-1	-1
503	5	640.48	1	-1	-1
503	5	678.47	1	-1	-1
503	5	614.51	1	-1	-1
503	5	655.86	1	-1	-1
503	5	612.82	1	-1	-1
503	5	594.3	1	-1	-1
503	5	590.57	1	-1	-1
503	5	667.8	1	-1	-1
503	5	599.31	1	-1	-1
503	5	610.2	1	-1	-1
503	5	860.65	1	-1	-1
503	5	593.32	1	-1	-1
503	5	862.35	1	-1	-1
503	5	578.23	1	-1	-1
503	5	606.72	1	-1	-1
503	5	612.01	1	-1	-1
503	5	780.75	1	-1	-1
503	5	698.71	1	-1	-1
503	5	588.03	1	-1	-1
503	5	588.02	1	-1	-1
503	5	627.24	1	-1	-1
503	5	641.63	1	-1	-1
503	5	702.96	1	-1	-1
503	5	556.84	1	-1	-1
503	5	591.21	1	-1	-1
503	5	637.98	1	-1	-1
503	5	725.6	1	-1	-1
503	5	601.63	1	-1	-1
503	5	618.84	1	-1	-1
503	5	659.46	1	-1	-1
503	5	661.56	1	-1	-1
503	5	621.61	1	-1	-1
503	5	758.74	1	-1	-1
503	5	759	1	-1	-1
503	5	657.01	1	-1	-1
503	5	724.18	1	-1	-1
503	5	623.54	1	-1	-1
503	5	592.28	1	-1	-1
503	5	576.35	1	-1	-1
503	5	687.42	1	-1	-1
503	5	644.11	1	-1	-1
503	5	598.51	1	-1	-1
503	5	560.45	1	-1	-1
503	5	620.98	1	-1	-1
503	5	562.5	1	-1	-1
503	5	664.14	1	-1	-1
503	5	573.4	1	-1	-1
503	5	601.87	1	-1	-1
503	5	550.27	1	-1	-1
503	5	561.02	1	-1	-1
503	5	590.73	1	-1	-1
503	5	629.18	1	-1	-1
503	5	532.21	1	-1	-1
503	5	535.68	1	-1	-1
503	5	600.39	1	-1	-1
503	5	1072.8	1	-1	-1
503	5	648.99	1	-1	-1
503	5	645.88	1	-1	-1
503	5	642.74	1	-1	-1
503	5	531.51	1	-1	-1
503	5	545.48	1	-1	-1
503	5	763.59	1	-1	-1
503	5	614.06	1	-1	-1
503	5	784.04	1	-1	-1
503	5	590.74	1	-1	-1
503	5	651.59	1	-1	-1
503	5	559.34	1	-1	-1
503	5	552.84	1	-1	-1
503	5	589.43	1	-1	-1
503	5	522.06	1	-1	-1
503	5	659.27	1	-1	-1
503	5	657.16	1	-1	-1
503	5	693.59	1	-1	-1
503	5	606.09	1	-1	-1
503	5	565.97	1	-1	-1
503	5	693.63	1	-1	-1
503	5	917.31	1	-1	-1
503	5	594.17	1	-1	-1
503	5	602.71	1	-1	-1
503	5	606.12	1	-1	-1
503	5	514.2	1	-1	-1
503	5	568.92	1	-1	-1
503	5	880.6	1	-1	-1
503	5	553.1	1	-1	-1
503	5	586.77	1	-1	-1
503	5	536.35	1	-1	-1
503	5	584.93	1	-1	-1
503	5	528.58	1	-1	-1
503	5	654.19	1	-1	-1
503	5	565.85	1	-1	-1
503	5	592.92	1	-1	-1
503	5	566.53	1	-1	-1
503	5	644.57	1	-1	-1
503	5	575.8	1	-1	-1
503	5	624.4	1	-1	-1
503	5	545.04	1	-1	-1
503	5	566.25	1	-1	-1
503	5	666.43	1	-1	-1
503	5	581.03	1	-1	-1
503	5	640.62	1	-1	-1
503	5	549.36	1	-1	-1
503	5	568.32	1	-1	-1
503	5	639.04	1	-1	-1
503	5	595.1	1	-1	-1
503	5	562.58	1	-1	-1
503	5	518.37	1	-1	-1
503	5	992.39	1	-1	-1
503	5	574.91	1	-1	-1
503	5	631.19	1	-1	-1
503	5	562.87	1	-1	-1
503	5	574.45	1	-1	-1
503	5	823.28	1	-1	-1
503	5	565.39	1	-1	-1
503	5	728.33	1	-1	-1
503	5	656.48	1	-1	-1
503	5	1144.7	1	-1	-1
503	5	550.49	1	-1	-1
503	5	531.82	1	-1	-1
503	5	596.71	1	-1	-1
503	5	525.28	1	-1	-1
503	5	534.28	1	-1	-1
503	5	513.46	1	-1	-1
503	5	520.97	1	-1	-1
503	5	489.95	1	-1	-1
503	5	574.45	1	-1	-1
503	5	536.86	1	-1	-1
503	5	514.77	1	-1	-1
503	5	578.26	1	-1	-1
503	5	1909.7	1	-1	-1
503	5	480.17	1	-1	-1
503	5	562.56	1	-1	-1
503	5	578.18	1	-1	-1
503	5	1067.3	1	-1	-1
503	5	582.78	1	-1	-1
503	5	662.41	1	-1	-1
503	5	1175.6	1	-1	-1
503	5	572.97	1	-1	-1
503	5	535.61	1	-1	-1
503	5	620.77	1	-1	-1
503	5	561.01	1	-1	-1
503	5	553.98	1	-1	-1
503	5	493.06	1	-1	-1
503	5	588.23	1	-1	-1
503	5	582.62	1	-1	-1
503	5	498.73	1	-1	-1
503	5	589.02	1	-1	-1
503	5	567.74	1	-1	-1
503	5	783.12	1	-1	-1
503	5	594.87	1	-1	-1
503	5	850.37	1	-1	-1
503	5	652.32	1	-1	-1
503	5	563.67	1	-1	-1
503	5	706.72	1	-1	-1
503	5	723.04	1	-1	-1
503	5	552.05	1	-1	-1
503	5	561.61	1	-1	-1
503	5	819.3	1	-1	-1
503	5	756.41	1	-1	-1
503	5	678.63	1	-1	-1
503	5	767.94	1	-1	-1
503	5	560.78	1	-1	-1
503	5	597.66	1	-1	-1
503	5	743.96	1	-1	-1
503	5	599.54	1	-1	-1
503	5	691.93	1	-1	-1
503	5	606.24	1	-1	-1
503	5	536.66	1	-1	-1
503	5	638.77	1	-1	-1
503	5	908.71	1	-1	-1
503	5	656.01	1	-1	-1
503	5	890.97	1	-1	-1
503	5	717.46	1	-1	-1
503	5	651.33	1	-1	-1
503	5	735.35	1	-1	-1
503	5	833.08	1	-1	-1
503	5	584.91	1	-1	-1
503	5	612.56	1	-1	-1
503	5	810.93	1	-1	-1
503	5	570.89	1	-1	-1
503	5	1081.8	1	-1	-1
503	5	609.51	1	-1	-1
503	5	637.61	1	-1	-1
503	5	614.23	1	-1	-1
503	5	649.96	1	-1	-1
503	5	586.09	1	-1	-1
503	5	616.61	1	-1	-1
503	5	625.18	1	-1	-1
503	5	593.65	1	-1	-1
503	5	647.79	1	-1	-1
503	5	928.87	1	-1	-1
503	5	559.75	1	-1	-1
503	5	561.31	1	-1	-1
503	5	723.46	1	-1	-1
503	5	626.55	1	-1	-1
503	5	599.03	1	-1	-1
503	5	546.58	1	-1	-1
503	5	781.31	1	-1	-1
503	5	696.49	1	-1	-1
503	5	711.9	1	-1	-1
503	5	1297.4	1	-1	-1
503	5	651.15	1	-1	-1
503	5	590.06	1	-1	-1
503	5	701.75	1	-1	-1
503	5	889.56	1	-1	-1
503	5	569.75	1	-1	-1
503	5	656.21	1	-1	-1
503	5	1426.5	1	-1	-1
503	5	655.28	1	-1	-1
503	5	652.18	1	-1	-1
503	5	781.67	1	-1	-1
503	5	638	1	-1	-1
503	5	777.86	1	-1	-1
503	5	627.34	1	-1	-1
503	5	664.6	1	-1	-1
503	5	597.82	1	-1	-1
503	5	1063.7	1	-1	-1
503	5	564.05	1	-1	-1
503	5	585.43	1	-1	-1
503	5	629.35	1	-1	-1
503	5	701.1	1	-1	-1
503	5	611.45	1	-1	-1
503	5	692.95	1	-1	-1
503	5	643.66	1	-1	-1
503	5	679.08	1	-1	-1
503	5	676.7	1	-1	-1
503	5	651.11	1	-1	-1
503	5	870.88	1	-1	-1
503	5	666.16	1	-1	-1
503	5	589.33	1	-1	-1
503	5	597.17	1	-1	-1
503	5	590.43	1	-1	-1
503	5	752.78	1	-1	-1
503	5	700.39	1	-1	-1
503	5	609.22	1	-1	-1
503	5	589.71	1	-1	-1
503	5	844.33	1	-1	-1
503	5	681.74	1	-1	-1
503	5	627.84	1	-1	-1
503	5	636.14	1	-1	-1
503	5	877.41	1	-1	-1
503	5	680.2	1	-1	-1
503	5	669.05	1	-1	-1
503	5	591.85	1	-1	-1
503	5	785.91	1	-1	-1
503	5	696.69	1	-1	-1
503	5	606.4	1	-1	-1
503	5	610.58	1	-1	-1
503	5	606	1	-1	-1
503	5	506.34	1	-1	-1
503	5	507.45	1	-1	-1
503	5	764.32	1	-1	-1
503	5	627.5	1	-1	-1
503	5	661.61	1	-1	-1
503	5	608.5	1	-1	-1
503	5	693	1	-1	-1
503	5	609.7	1	-1	-1
503	5	554.59	1	-1	-1
503	5	592.9	1	-1	-1
503	5	532.47	1	-1	-1
503	5	510.4	1	-1	-1
503	5	561.57	1	-1	-1
503	5	555.54	1	-1	-1
503	5	538.34	1	-1	-1
503	5	595.18	1	-1	-1
503	5	659.89	1	-1	-1
503	5	573.1	1	-1	-1
503	5	616.12	1	-1	-1
503	5	553.84	1	-1	-1
