602	6	1296.4	1	2	2
602	6	1430	1	2	2
602	6	841.38	1	2	2
602	6	1234.4	1	2	2
602	6	1139.6	1	2	2
602	6	1039.1	1	2	2
602	6	1492.2	1	2	2
602	6	1671.8	1	2	2
602	6	1520.2	1	2	2
602	6	1165.2	1	2	2
602	6	992.72	1	2	2
602	6	1329.2	1	2	2
602	6	1008.2	1	2	2
602	6	1233.1	1	2	2
602	6	1461.2	1	2	2
602	6	1172.4	1	2	2
602	6	952.59	1	2	2
602	6	1017	1	2	2
602	6	1052.4	1	2	2
602	6	976.43	1	2	2
602	6	1327.6	1	2	2
602	6	1517	1	2	2
602	6	996.85	1	2	2
602	6	1469.2	1	2	2
602	6	1025.7	1	2	2
602	6	1424.8	1	2	2
602	6	1024.3	1	2	2
602	6	1006.8	1	2	2
602	6	1157.8	1	2	2
602	6	987.32	1	2	2
602	6	896.78	1	2	2
602	6	1119.2	1	2	2
602	6	1138.7	1	2	2
602	6	950.12	1	2	2
602	6	934.42	1	2	2
602	6	985.5	1	2	2
602	6	1241	1	2	2
602	6	889.99	1	2	2
602	6	944.43	1	2	2
602	6	856.88	1	2	2
602	6	1170.7	1	2	2
602	6	1003.5	1	2	2
602	6	850.64	1	2	2
602	6	919.72	1	2	2
602	6	1509.3	1	2	2
602	6	1259.5	1	2	2
602	6	1125.9	1	2	2
602	6	1234	1	2	2
602	6	969.33	1	2	2
602	6	794.88	1	2	2
602	6	949.91	1	2	2
602	6	965.37	1	2	2
602	6	966.67	1	2	2
602	6	824.45	1	2	2
602	6	1161.1	1	2	2
602	6	925.26	1	2	2
602	6	1247	1	2	2
602	6	944.25	1	2	2
602	6	1158.9	1	2	2
602	6	896.79	1	2	2
602	6	771.86	1	2	2
602	6	728.03	1	2	2
602	6	720.88	1	2	2
602	6	867.77	1	2	2
602	6	943.15	1	2	2
602	6	963.6	1	2	2
602	6	839.88	1	2	2
602	6	989.89	1	2	2
602	6	1342.2	1	2	2
602	6	863.23	1	2	2
602	6	801.71	1	2	2
602	6	1138.5	1	2	2
602	6	1326.4	1	2	2
602	6	730.58	1	2	2
602	6	1018.8	1	2	2
602	6	775.95	1	2	2
602	6	605.32	1	2	2
602	6	809.2	1	2	2
602	6	850.85	1	2	2
602	6	770.48	1	2	2
602	6	840.88	1	2	2
602	6	962.82	1	2	2
602	6	1055.6	1	2	2
602	6	907.47	1	2	2
602	6	762.3	1	2	2
602	6	854.97	1	2	2
602	6	855.5	1	2	2
602	6	855.67	1	2	2
602	6	863.91	1	2	2
602	6	908.82	1	2	2
602	6	840.17	1	2	2
602	6	925.39	1	2	2
602	6	938.31	1	2	2
602	6	1342.8	1	2	2
602	6	958.46	1	2	2
602	6	679.46	1	2	2
602	6	1012.9	1	2	2
602	6	803.9	1	2	2
602	6	743.61	1	2	2
602	6	876.93	1	2	2
602	6	936.62	1	2	2
602	6	874.95	1	2	2
602	6	852.68	1	2	2
602	6	989.37	1	2	2
602	6	1202.2	1	2	2
602	6	1001.1	1	2	2
602	6	957.22	1	2	2
602	6	867.06	1	2	2
602	6	879.5	1	2	2
602	6	852.83	1	2	2
602	6	948.11	1	2	2
602	6	781.2	1	2	2
602	6	994.38	1	2	2
602	6	897.91	1	2	2
602	6	1329.8	1	2	2
602	6	830.48	1	2	2
602	6	867.84	1	2	2
602	6	1117.5	1	2	2
602	6	781.64	1	2	2
602	6	863.31	1	2	2
602	6	829.12	1	2	2
602	6	779	1	2	2
602	6	768.99	1	2	2
602	6	888.49	1	2	2
602	6	1320.9	1	2	2
602	6	806.73	1	2	2
602	6	790.62	1	2	2
602	6	1053.7	1	2	2
602	6	916.57	1	2	2
602	6	1302.6	1	2	2
602	6	804.84	1	2	2
602	6	1163.8	1	2	2
602	6	1245.4	1	2	2
602	6	803.82	1	2	2
602	6	960.29	1	2	2
602	6	1212	1	2	2
602	6	1574.9	1	2	2
602	6	772.7	1	2	2
602	6	868.3	1	2	2
602	6	801.48	1	2	2
602	6	1381.1	1	2	2
602	6	772.42	1	2	2
602	6	1108.3	1	2	2
602	6	725.04	1	2	2
602	6	845.59	1	2	2
602	6	919.68	1	2	2
602	6	786.26	1	2	2
602	6	967.83	1	2	2
602	6	888.35	1	2	2
602	6	897.19	1	2	2
602	6	925.47	1	2	2
602	6	853.04	1	2	2
602	6	1087.8	1	2	2
602	6	1163.8	1	2	2
602	6	1208.6	1	2	2
602	6	951.91	1	2	2
602	6	842.37	1	2	2
602	6	1131.1	1	2	2
602	6	1159.5	1	2	2
602	6	872.21	1	2	2
602	6	849.28	1	2	2
602	6	1173.2	1	2	2
602	6	864.14	1	2	2
602	6	784.67	1	2	2
602	6	1002.4	1	2	2
602	6	1136.3	1	2	2
602	6	1396.3	1	2	2
602	6	840.05	1	2	2
602	6	1283.1	1	2	2
602	6	889.18	1	2	2
602	6	1336.3	1	2	2
602	6	752.9	1	2	2
602	6	928.85	1	2	2
602	6	735.5	1	2	2
602	6	1241.8	1	2	2
602	6	807.29	1	2	2
602	6	840.41	1	2	2
602	6	808.6	1	2	2
602	6	939.64	1	2	2
602	6	814.66	1	2	2
602	6	759.49	1	2	2
602	6	950.69	1	2	2
602	6	882.17	1	2	2
602	6	694.4	1	2	2
602	6	948.03	1	2	2
602	6	720.79	1	2	2
602	6	1089.6	1	2	2
602	6	1090.6	1	2	2
602	6	1148.4	1	2	2
602	6	953.02	1	2	2
602	6	861.22	1	2	2
602	6	756.77	1	2	2
602	6	931.05	1	2	2
602	6	648.49	1	2	2
602	6	846.08	1	2	2
602	6	743.32	1	2	2
602	6	772.09	1	2	2
602	6	903.04	1	2	2
602	6	685.69	1	2	2
602	6	929.92	1	2	2
602	6	1143	1	2	2
602	6	778.5	1	2	2
602	6	838.08	1	2	2
602	6	907.03	1	2	2
602	6	953.64	1	2	2
602	6	897.33	1	2	2
602	6	720.5	1	2	2
602	6	844.09	1	2	2
602	6	829.15	1	2	2
602	6	1132.7	1	2	2
602	6	697.82	1	2	2
602	6	667.97	1	2	2
602	6	680.94	1	2	2
602	6	672.96	1	2	2
602	6	1129.1	1	2	2
602	6	1032.1	1	2	2
602	6	705.72	1	2	2
602	6	824.01	1	2	2
602	6	1145.3	1	2	2
602	6	777.74	1	2	2
602	6	830.54	1	2	2
602	6	1032.5	1	2	2
602	6	836.67	1	2	2
602	6	771.54	1	2	2
602	6	705.43	1	2	2
602	6	832.71	1	2	2
602	6	737.14	1	2	2
602	6	837.84	1	2	2
602	6	695.75	1	2	2
602	6	1117.6	1	2	2
602	6	861.73	1	2	2
602	6	851.59	1	2	2
602	6	757.94	1	2	2
602	6	879.52	1	2	2
602	6	746.83	1	2	2
602	6	610.39	1	2	2
602	6	695.02	1	2	2
602	6	767.06	1	2	2
602	6	813.46	1	2	2
602	6	704.5	1	2	2
602	6	704.92	1	2	2
602	6	722.75	1	2	2
602	6	988.73	1	2	2
602	6	831.08	1	2	2
602	6	748.04	1	2	2
602	6	1016.8	1	2	2
602	6	716.42	1	2	2
602	6	891.89	1	2	2
602	6	671.06	1	2	2
602	6	843.64	1	2	2
602	6	854.48	1	2	2
602	6	644.55	1	2	2
602	6	659.23	1	2	2
602	6	695.2	1	2	2
602	6	682.6	1	2	2
602	6	809.85	1	2	2
602	6	857.1	1	2	2
602	6	922.96	1	2	2
602	6	760.91	1	2	2
602	6	959.5	1	2	2
602	6	708.09	1	2	2
602	6	722.88	1	2	2
602	6	1012.7	1	2	2
602	6	615.08	1	2	2
602	6	771.49	1	2	2
602	6	1389.4	1	2	2
602	6	837.98	1	2	2
602	6	771.72	1	2	2
602	6	942.29	1	2	2
602	6	681.37	1	2	2
602	6	809.4	1	2	2
602	6	855.07	1	2	2
602	6	867.05	1	2	2
602	6	817.65	1	2	2
602	6	900.62	1	2	2
602	6	847.4	1	2	2
602	6	683.42	1	2	2
602	6	785.14	1	2	2
602	6	1252.7	1	2	2
602	6	858.08	1	2	2
602	6	1015.7	1	2	2
602	6	792.61	1	2	2
602	6	1198.4	1	2	2
602	6	796.31	1	2	2
602	6	886.28	1	2	2
602	6	900.2	1	2	2
602	6	969.6	1	2	2
602	6	691.93	1	2	2
602	6	823.33	1	2	2
602	6	822.66	1	2	2
602	6	814.91	1	2	2
602	6	756.18	1	2	2
602	6	1025.5	1	2	2
602	6	685.73	1	2	2
602	6	683.06	1	2	2
602	6	1389.1	1	2	2
602	6	1073	1	2	2
602	6	815.03	1	2	2
602	6	1499.8	1	2	2
602	6	881.13	1	2	2
602	6	803.84	1	2	2
602	6	712.06	1	2	2
602	6	1152.7	1	2	2
602	6	745.96	1	2	2
602	6	1047.4	1	2	2
602	6	885.1	1	2	2
602	6	728.19	1	2	2
602	6	647.61	1	2	2
602	6	648.9	1	2	2
602	6	669.5	1	2	2
602	6	951.98	1	2	2
602	6	615.67	1	2	2
602	6	645.1	1	2	2
602	6	950.28	1	2	2
602	6	843.67	1	2	2
602	6	858.24	1	2	2
602	6	717.88	1	2	2
602	6	751.35	1	2	2
602	6	712.52	1	2	2
602	6	688.68	1	2	2
602	6	701.25	1	2	2
602	6	1115.3	1	2	2
602	6	1011.3	1	2	2
602	6	932.53	1	2	2
602	6	672.87	1	2	2
602	6	689.53	1	2	2
602	6	766.64	1	2	2
602	6	753.4	1	2	2
602	6	713.23	1	2	2
602	6	1103	1	2	2
602	6	841.35	1	2	2
602	6	725.74	1	2	2
602	6	741.63	1	2	2
602	6	1051.3	1	2	2
602	6	795.57	1	2	2
602	6	1096.7	1	2	2
602	6	677.15	1	2	2
602	6	810.49	1	2	2
602	6	693.01	1	2	2
602	6	814.53	1	2	2
602	6	651.94	1	2	2
602	6	682.4	1	2	2
602	6	694.82	1	2	2
602	6	1164	1	2	2
602	6	837.67	1	2	2
602	6	645.04	1	2	2
602	6	545.6	1	2	2
602	6	1094.4	1	2	2
602	6	998.88	1	2	2
602	6	684.22	1	2	2
602	6	1604.2	1	2	1
602	6	1417.1	1	2	1
602	6	1416.9	1	2	1
602	6	1398.1	1	2	1
602	6	1403.1	1	2	1
602	6	1553.9	1	2	1
602	6	1289.7	1	2	1
602	6	1106.8	1	2	1
602	6	996.58	1	2	1
602	6	1355.3	1	2	1
602	6	907.19	1	2	1
602	6	972.4	1	2	1
602	6	919.64	1	2	1
602	6	1050.1	1	2	1
602	6	1704.8	1	2	1
602	6	1184.8	1	2	1
602	6	1908.3	1	2	1
602	6	1422.2	1	2	1
602	6	1319.7	1	2	1
602	6	1344.1	1	2	1
602	6	1299.5	1	2	1
602	6	1280.8	1	2	1
602	6	1688.7	1	2	1
602	6	1457.6	1	2	1
602	6	1210.2	1	2	1
602	6	1274.5	1	2	1
602	6	1582.5	1	2	1
602	6	1284.3	1	2	1
602	6	1632.3	1	2	1
602	6	1254.8	1	2	1
602	6	1096.3	1	2	1
602	6	1149.9	1	2	1
602	6	1138.5	1	2	1
602	6	1066.1	1	2	1
602	6	1233.9	1	2	1
602	6	1019.2	1	2	1
602	6	1254.5	0	2	1
602	6	920.44	1	2	1
602	6	1086.5	1	2	1
602	6	1039.4	1	2	1
602	6	973.75	1	2	1
602	6	1353.4	1	2	1
602	6	1006.3	1	2	1
602	6	977.59	1	2	1
602	6	1077	1	2	1
602	6	2046.6	1	2	1
602	6	863.28	1	2	1
602	6	974.21	1	2	1
602	6	808.61	1	2	1
602	6	919.27	1	2	1
602	6	920.61	1	2	1
602	6	1351.2	1	2	1
602	6	978.98	1	2	1
602	6	704.98	1	2	1
602	6	933.59	1	2	1
602	6	1421.2	1	2	1
602	6	890.07	1	2	1
602	6	1248.3	1	2	1
602	6	1213	1	2	1
602	6	1175.1	1	2	1
602	6	1176.1	1	2	1
602	6	1069.3	1	2	1
602	6	992.52	1	2	1
602	6	849.58	1	2	1
602	6	980.99	1	2	1
602	6	1146.1	1	2	1
602	6	1129.3	1	2	1
602	6	868.86	1	2	1
602	6	1182.2	1	2	1
602	6	983.76	1	2	1
602	6	1312.9	1	2	1
602	6	1434.5	1	2	1
602	6	1167.2	1	2	1
602	6	761.23	1	2	1
602	6	1106.5	1	2	1
602	6	818.41	1	2	1
602	6	893.61	1	2	1
602	6	914.58	1	2	1
602	6	1277.1	1	2	1
602	6	945.02	1	2	1
602	6	1327.2	1	2	1
602	6	970.19	1	2	1
602	6	787.91	1	2	1
602	6	971.65	1	2	1
602	6	821.28	1	2	1
602	6	866.68	1	2	1
602	6	902.79	1	2	1
602	6	878.55	1	2	1
602	6	957.17	1	2	1
602	6	1013.3	1	2	1
602	6	782.91	1	2	1
602	6	751.57	1	2	1
602	6	989.53	1	2	1
602	6	823.92	1	2	1
602	6	857.44	1	2	1
602	6	967.51	1	2	1
602	6	1074.9	1	2	1
602	6	1028.2	1	2	1
602	6	913.76	1	2	1
602	6	1288.4	1	2	1
602	6	1395.4	1	2	1
602	6	1247.7	1	2	1
602	6	1127.2	1	2	1
602	6	1178.2	1	2	1
602	6	1038.8	1	2	1
602	6	966.99	1	2	1
602	6	1777.8	1	2	1
602	6	990.89	1	2	1
602	6	815.3	1	2	1
602	6	1239.9	1	2	1
602	6	1523.9	1	2	1
602	6	1312.6	1	2	1
602	6	1157.3	1	2	1
602	6	1285.2	1	2	1
602	6	780.14	1	2	1
602	6	992.87	1	2	1
602	6	1132.8	1	2	1
602	6	1105.7	1	2	1
602	6	1083.4	1	2	1
602	6	1134.4	1	2	1
602	6	885.81	1	2	1
602	6	792.49	1	2	1
602	6	848.43	1	2	1
602	6	1175.1	1	2	1
602	6	1184	1	2	1
602	6	1347	1	2	1
602	6	1256.1	1	2	1
602	6	1330.6	1	2	1
602	6	1063	1	2	1
602	6	969.89	1	2	1
602	6	790.45	1	2	1
602	6	1111.6	1	2	1
602	6	1149.5	1	2	1
602	6	813.76	1	2	1
602	6	1217.8	1	2	1
602	6	929.01	1	2	1
602	6	842.11	1	2	1
602	6	1027.6	1	2	1
602	6	1020.5	1	2	1
602	6	998.66	1	2	1
602	6	887.59	1	2	1
602	6	930.54	1	2	1
602	6	832.4	1	2	1
602	6	971.89	1	2	1
602	6	1298.3	1	2	1
602	6	917.6	1	2	1
602	6	981.71	1	2	1
602	6	915.24	1	2	1
602	6	961.8	1	2	1
602	6	947.68	1	2	1
602	6	1236.7	1	2	1
602	6	931.97	1	2	1
602	6	1124.4	1	2	1
602	6	842.59	1	2	1
602	6	1309.7	1	2	1
602	6	1233.5	1	2	1
602	6	987.4	1	2	1
602	6	983.93	1	2	1
602	6	2002.5	1	2	1
602	6	946.72	1	2	1
602	6	903.39	1	2	1
602	6	1251.8	1	2	1
602	6	985.87	1	2	1
602	6	987.85	1	2	1
602	6	1451.4	1	2	1
602	6	1494.2	1	2	1
602	6	868.13	1	2	1
602	6	847.14	1	2	1
602	6	1397.5	1	2	1
602	6	753.32	1	2	1
602	6	1208.9	1	2	1
602	6	987.66	1	2	1
602	6	802.75	1	2	1
602	6	766.38	1	2	1
602	6	1122.4	1	2	1
602	6	762.48	1	2	1
602	6	1077.8	1	2	1
602	6	1066	1	2	1
602	6	808.99	1	2	1
602	6	1021	1	2	1
602	6	874.89	1	2	1
602	6	770.55	1	2	1
602	6	959.83	1	2	1
602	6	728.33	1	2	1
602	6	856.1	1	2	1
602	6	853.91	1	2	1
602	6	865.24	1	2	1
602	6	723.88	1	2	1
602	6	981.92	1	2	1
602	6	836.47	1	2	1
602	6	972.64	1	2	1
602	6	942.7	1	2	1
602	6	911.01	1	2	1
602	6	943.56	1	2	1
602	6	774.61	1	2	1
602	6	1313	1	2	1
602	6	795.76	1	2	1
602	6	1085.7	1	2	1
602	6	960.33	1	2	1
602	6	1373.4	1	2	1
602	6	901.48	1	2	1
602	6	792.91	1	2	1
602	6	820.65	1	2	1
602	6	908.42	1	2	1
602	6	760.4	1	2	1
602	6	846.92	1	2	1
602	6	1241.9	1	2	1
602	6	1042.1	1	2	1
602	6	762.82	1	2	1
602	6	816	1	2	1
602	6	1013.2	1	2	1
602	6	795.4	1	2	1
602	6	851.37	1	2	1
602	6	900.68	1	2	1
602	6	852.64	1	2	1
602	6	993.74	1	2	1
602	6	788.4	1	2	1
602	6	929.57	1	2	1
602	6	916.62	1	2	1
602	6	978.77	1	2	1
602	6	987.07	1	2	1
602	6	992.01	1	2	1
602	6	1352.9	1	2	1
602	6	774.95	1	2	1
602	6	1183.3	1	2	1
602	6	801.8	1	2	1
602	6	864.66	1	2	1
602	6	825.37	1	2	1
602	6	1020.6	1	2	1
602	6	1028.2	1	2	1
602	6	1117.5	1	2	1
602	6	784.23	1	2	1
602	6	763.39	1	2	1
602	6	1072.1	1	2	1
602	6	1186.8	1	2	1
602	6	904.1	1	2	1
602	6	947.78	1	2	1
602	6	676.58	1	2	1
602	6	860.91	1	2	1
602	6	820.56	1	2	1
602	6	790.22	1	2	1
602	6	1182.7	1	2	1
602	6	866.02	1	2	1
602	6	693.52	1	2	1
602	6	778.38	1	2	1
602	6	675.66	1	2	1
602	6	875.62	1	2	1
602	6	698.9	1	2	1
602	6	761.88	1	2	1
602	6	1235.3	1	2	1
602	6	822.77	1	2	1
602	6	727.11	1	2	1
602	6	758.66	1	2	1
602	6	657.72	1	2	1
602	6	770.05	1	2	1
602	6	810.7	1	2	1
602	6	1071.1	1	2	1
602	6	685.64	1	2	1
602	6	921.15	1	2	1
602	6	1024.4	1	2	1
602	6	891.54	1	2	1
602	6	789.66	1	2	1
602	6	1214.1	1	2	1
602	6	709.94	1	2	1
602	6	907.23	1	2	1
602	6	738.51	1	2	1
602	6	982.01	1	2	1
602	6	920.68	1	2	1
602	6	841.67	1	2	1
602	6	844.25	1	2	1
602	6	1492.9	1	2	1
602	6	875.48	1	2	1
602	6	784.18	1	2	1
602	6	794.24	1	2	1
602	6	706.74	1	2	1
602	6	1000.4	1	2	1
602	6	1184.2	1	2	1
602	6	936.74	1	2	1
602	6	684.44	1	2	1
602	6	870.52	1	2	1
602	6	745.22	1	2	1
602	6	1275.8	1	2	1
602	6	846.54	1	2	1
602	6	824.56	1	2	1
602	6	839.51	1	2	1
602	6	808.61	1	2	1
602	6	899.53	1	2	1
602	6	1345	1	2	1
602	6	1000	1	2	1
602	6	1033.3	1	2	1
602	6	1228.7	1	2	1
602	6	1036.8	1	2	1
602	6	805.86	1	2	1
602	6	787.76	1	2	1
602	6	1076.4	1	2	1
602	6	942.34	1	2	1
602	6	916.81	1	2	1
602	6	807.17	1	2	1
602	6	835.32	1	2	1
602	6	1058.2	1	2	1
602	6	966.54	1	2	1
602	6	907.16	1	2	1
602	6	1252	1	2	1
602	6	790.91	1	2	1
602	6	887.49	1	2	1
602	6	777.04	1	2	1
602	6	995.69	1	2	1
602	6	1123.5	1	2	1
602	6	1291.1	1	2	1
602	6	1184.4	1	2	1
602	6	1128	1	2	1
602	6	904.79	1	2	1
602	6	868.43	1	2	1
602	6	1127.4	1	2	1
602	6	1499.1	1	2	1
602	6	799.88	1	2	1
602	6	986.29	1	2	1
602	6	975.39	1	2	1
602	6	1252.3	1	2	1
602	6	1080	1	2	1
602	6	886.58	1	2	1
602	6	1119.7	1	2	1
602	6	1118.7	1	2	1
602	6	687.72	1	2	1
602	6	1139.9	1	2	1
602	6	809.95	1	2	1
602	6	739.5	1	2	1
602	6	957.09	1	2	1
602	6	691.07	1	2	1
602	6	920.74	1	2	1
602	6	928.03	1	2	1
602	6	913.38	1	2	1
602	6	846	1	2	1
602	6	863.26	1	2	1
602	6	801.14	1	2	1
602	6	781.71	1	2	1
602	6	861.03	1	2	1
602	6	796.23	1	2	1
602	6	826	1	2	1
602	6	935.52	1	2	1
602	6	829.31	1	2	1
602	6	778.22	1	2	1
602	6	805.54	1	2	1
602	6	867.96	1	2	1
602	6	853.71	1	2	1
602	6	719.77	1	2	1
602	6	796.91	1	2	1
602	6	635.85	1	2	1
602	6	614.83	1	2	1
602	6	732.66	1	2	1
602	6	1439.6	1	1	2
602	6	1850.9	1	1	2
602	6	2003.3	1	1	2
602	6	1505.2	1	1	2
602	6	1444.2	1	1	2
602	6	1506.8	1	1	2
602	6	1496	1	1	2
602	6	1048.7	1	1	2
602	6	1399.9	1	1	2
602	6	1334.8	1	1	2
602	6	1194.5	1	1	2
602	6	939.07	1	1	2
602	6	1174.8	1	1	2
602	6	1014	1	1	2
602	6	1086.3	1	1	2
602	6	1196.1	1	1	2
602	6	975.8	1	1	2
602	6	1255.9	1	1	2
602	6	1224.6	1	1	2
602	6	1423.5	1	1	2
602	6	1406.1	1	1	2
602	6	1138.7	1	1	2
602	6	1817.5	1	1	2
602	6	1343.6	1	1	2
602	6	1415.8	1	1	2
602	6	1064.9	1	1	2
602	6	1111.8	1	1	2
602	6	966.23	1	1	2
602	6	1015.4	1	1	2
602	6	910.15	1	1	2
602	6	1074.6	1	1	2
602	6	907.95	1	1	2
602	6	1260.7	1	1	2
602	6	1631	1	1	2
602	6	1543.1	1	1	2
602	6	888.01	1	1	2
602	6	1832	1	1	2
602	6	1251.5	1	1	2
602	6	1040.3	1	1	2
602	6	1085.4	1	1	2
602	6	1097.2	1	1	2
602	6	1167.9	1	1	2
602	6	1219.1	1	1	2
602	6	1177.7	1	1	2
602	6	966.84	1	1	2
602	6	1343.6	1	1	2
602	6	1264.6	1	1	2
602	6	1013.5	1	1	2
602	6	881.56	1	1	2
602	6	836.11	1	1	2
602	6	1162.1	1	1	2
602	6	1173.8	1	1	2
602	6	1246.1	1	1	2
602	6	1084.8	1	1	2
602	6	1408.9	1	1	2
602	6	952.41	1	1	2
602	6	935.67	1	1	2
602	6	1434.1	1	1	2
602	6	1412.7	1	1	2
602	6	951.01	1	1	2
602	6	957.39	1	1	2
602	6	954.21	1	1	2
602	6	1131	1	1	2
602	6	908.47	1	1	2
602	6	872.83	1	1	2
602	6	941.28	1	1	2
602	6	1310.3	1	1	2
602	6	904.19	1	1	2
602	6	1323.5	1	1	2
602	6	1046.9	1	1	2
602	6	835.01	1	1	2
602	6	1066.9	1	1	2
602	6	1336	1	1	2
602	6	873.38	1	1	2
602	6	969.58	1	1	2
602	6	846.96	1	1	2
602	6	749.77	1	1	2
602	6	1292.3	1	1	2
602	6	733.12	1	1	2
602	6	1195.5	1	1	2
602	6	1298.5	1	1	2
602	6	1152.3	1	1	2
602	6	1034.1	1	1	2
602	6	844.19	1	1	2
602	6	987.33	1	1	2
602	6	800.91	1	1	2
602	6	1047	1	1	2
602	6	1002.6	1	1	2
602	6	833.93	1	1	2
602	6	874.08	1	1	2
602	6	1317.1	1	1	2
602	6	1006.3	1	1	2
602	6	1068.8	1	1	2
602	6	1096.4	1	1	2
602	6	993.34	1	1	2
602	6	1088.7	1	1	2
602	6	770.86	1	1	2
602	6	921.53	1	1	2
602	6	1241.7	1	1	2
602	6	1094.3	1	1	2
602	6	1009	1	1	2
602	6	1160.2	1	1	2
602	6	1001.4	1	1	2
602	6	1161.9	1	1	2
602	6	854.5	1	1	2
602	6	859.55	1	1	2
602	6	1034.4	1	1	2
602	6	1202.7	1	1	2
602	6	942.89	1	1	2
602	6	1379.3	1	1	2
602	6	1058.3	1	1	2
602	6	1039	1	1	2
602	6	645.95	1	1	2
602	6	1297.1	1	1	2
602	6	1252	1	1	2
602	6	885.95	1	1	2
602	6	846.73	1	1	2
602	6	921.67	1	1	2
602	6	1160.8	1	1	2
602	6	985.59	1	1	2
602	6	882.04	1	1	2
602	6	1195.6	1	1	2
602	6	1026.2	1	1	2
602	6	1415.3	1	1	2
602	6	1419	1	1	2
602	6	916.32	1	1	2
602	6	1208.8	1	1	2
602	6	955.6	1	1	2
602	6	1212	1	1	2
602	6	1360.2	1	1	2
602	6	1202.8	1	1	2
602	6	863.23	1	1	2
602	6	1461.7	1	1	2
602	6	857.4	1	1	2
602	6	975.57	1	1	2
602	6	974.38	1	1	2
602	6	1177.6	1	1	2
602	6	818.8	1	1	2
602	6	1173.2	1	1	2
602	6	960.71	1	1	2
602	6	979.43	1	1	2
602	6	1472.7	1	1	2
602	6	941.41	1	1	2
602	6	738.41	1	1	2
602	6	852.6	1	1	2
602	6	883.79	1	1	2
602	6	1160.1	1	1	2
602	6	1223.2	1	1	2
602	6	1136.7	1	1	2
602	6	853.05	1	1	2
602	6	1342	1	1	2
602	6	1098.3	1	1	2
602	6	1009.1	1	1	2
602	6	1315.8	1	1	2
602	6	1039.9	1	1	2
602	6	995.01	1	1	2
602	6	1266.8	1	1	2
602	6	1341	1	1	2
602	6	1468.6	1	1	2
602	6	995.92	1	1	2
602	6	996.71	1	1	2
602	6	1243.8	1	1	2
602	6	718.27	1	1	2
602	6	1083	1	1	2
602	6	1155.3	1	1	2
602	6	861.66	1	1	2
602	6	948.38	1	1	2
602	6	790.43	1	1	2
602	6	1190.8	1	1	2
602	6	902.11	1	1	2
602	6	818.6	1	1	2
602	6	778.93	1	1	2
602	6	1363.5	1	1	2
602	6	1145.3	0	1	2
602	6	1000.8	1	1	2
602	6	811.05	1	1	2
602	6	863.85	1	1	2
602	6	858.59	1	1	2
602	6	905.01	1	1	2
602	6	1071	1	1	2
602	6	846.04	1	1	2
602	6	842	1	1	2
602	6	853.96	1	1	2
602	6	1150.8	1	1	2
602	6	1151.2	1	1	2
602	6	1302.5	1	1	2
602	6	792.52	1	1	2
602	6	913.3	1	1	2
602	6	994.85	1	1	2
602	6	939.46	1	1	2
602	6	1086.9	1	1	2
602	6	818.4	1	1	2
602	6	890.53	1	1	2
602	6	1265.5	1	1	2
602	6	1034.4	1	1	2
602	6	905.83	1	1	2
602	6	792.32	1	1	2
602	6	828.82	1	1	2
602	6	957.45	1	1	2
602	6	1128.1	1	1	2
602	6	878.12	1	1	2
602	6	1091	1	1	2
602	6	881.25	1	1	2
602	6	784.01	1	1	2
602	6	1037.3	1	1	2
602	6	730.32	1	1	2
602	6	845.79	1	1	2
602	6	983.14	1	1	2
602	6	867.15	1	1	2
602	6	930.65	1	1	2
602	6	773.98	1	1	2
602	6	823.11	1	1	2
602	6	552.61	1	1	2
602	6	777.83	1	1	2
602	6	605.03	1	1	2
602	6	748.96	1	1	2
602	6	990.96	1	1	2
602	6	923.35	1	1	2
602	6	1575.5	1	1	2
602	6	965.74	1	1	2
602	6	1168	1	1	2
602	6	2081.3	1	1	2
602	6	893.2	1	1	2
602	6	1229.5	1	1	2
602	6	996.26	1	1	2
602	6	1280	1	1	2
602	6	1233.6	1	1	2
602	6	1256.3	1	1	2
602	6	871.62	1	1	2
602	6	959.68	1	1	2
602	6	916.84	1	1	2
602	6	794.52	1	1	2
602	6	802.98	1	1	2
602	6	1156	1	1	2
602	6	1084.5	1	1	2
602	6	795.4	1	1	2
602	6	742.62	1	1	2
602	6	799.51	1	1	2
602	6	791.8	1	1	2
602	6	734.7	1	1	2
602	6	639.91	1	1	2
602	6	841.54	1	1	2
602	6	703.42	1	1	2
602	6	936.53	0	1	2
602	6	813.19	1	1	2
602	6	978.06	1	1	2
602	6	937.57	1	1	2
602	6	1252.9	1	1	2
602	6	1106.6	1	1	2
602	6	718.1	1	1	2
602	6	723.79	1	1	2
602	6	922.65	1	1	2
602	6	677.64	1	1	2
602	6	674.96	1	1	2
602	6	734.68	1	1	2
602	6	613.54	1	1	2
602	6	846.97	1	1	2
602	6	901.78	1	1	2
602	6	765.64	1	1	2
602	6	1209.5	1	1	2
602	6	804.05	1	1	2
602	6	921.59	1	1	2
602	6	892.9	1	1	2
602	6	708.77	1	1	2
602	6	737.51	1	1	2
602	6	1109.3	1	1	2
602	6	889.3	1	1	2
602	6	1159.7	1	1	2
602	6	1178.9	1	1	2
602	6	850.78	1	1	2
602	6	841.96	1	1	2
602	6	882.52	1	1	2
602	6	1192.7	1	1	2
602	6	827.78	1	1	2
602	6	892.31	1	1	2
602	6	897.19	1	1	2
602	6	1151.2	1	1	2
602	6	685	1	1	2
602	6	844.38	1	1	2
602	6	1072.7	1	1	2
602	6	837.91	1	1	2
602	6	758.37	1	1	2
602	6	1053.1	1	1	2
602	6	993.63	1	1	2
602	6	793.32	1	1	2
602	6	784.81	1	1	2
602	6	899.18	1	1	2
602	6	1302.2	1	1	2
602	6	1030.2	1	1	2
602	6	1137	1	1	2
602	6	911.32	1	1	2
602	6	883.8	1	1	2
602	6	993.83	1	1	2
602	6	730.72	1	1	2
602	6	727.68	1	1	2
602	6	634.35	1	1	2
602	6	904.88	1	1	2
602	6	1220.6	1	1	2
602	6	1280.3	1	1	2
602	6	878.06	1	1	2
602	6	900.48	1	1	2
602	6	980.4	1	1	2
602	6	854.28	1	1	2
602	6	868.59	1	1	2
602	6	785.5	1	1	2
602	6	881.84	1	1	2
602	6	932.61	1	1	2
602	6	684.06	1	1	2
602	6	807.04	1	1	2
602	6	803.07	1	1	2
602	6	811.22	1	1	2
602	6	813.09	1	1	2
602	6	922.92	1	1	2
602	6	878.71	1	1	2
602	6	1211.2	1	1	2
602	6	986.16	1	1	2
602	6	900.21	1	1	2
602	6	1184	1	1	2
602	6	824.55	1	1	2
602	6	915.36	1	1	2
602	6	1388.3	1	1	2
602	6	1185	1	1	2
602	6	838.27	1	1	2
602	6	880.74	1	1	2
602	6	936.29	1	1	2
602	6	785.35	1	1	2
602	6	662.05	1	1	2
602	6	1156.4	1	1	2
602	6	870.98	1	1	2
602	6	921.45	1	1	2
602	6	845.75	1	1	2
602	6	1066.7	1	1	2
602	6	746.27	1	1	2
602	6	1277.4	1	1	2
602	6	985.35	1	1	2
602	6	661.76	1	1	2
602	6	925.93	1	1	2
602	6	842	1	1	2
602	6	757.44	1	1	2
602	6	989.74	1	1	2
602	6	1061.8	1	1	2
602	6	1058.1	1	1	2
602	6	1192.4	1	1	2
602	6	913.81	1	1	2
602	6	898.23	1	1	2
602	6	657.75	1	1	2
602	6	1254.9	1	1	2
602	6	987.55	1	1	2
602	6	998.6	1	1	2
602	6	448.11	1	1	2
602	6	1564	0	1	1
602	6	1528.5	1	1	1
602	6	2036.6	1	1	1
602	6	1611.6	1	1	1
602	6	891.45	1	1	1
602	6	1576.3	1	1	1
602	6	1420.8	1	1	1
602	6	1298.8	1	1	1
602	6	1123.6	1	1	1
602	6	1448	1	1	1
602	6	1160.7	1	1	1
602	6	1250.4	1	1	1
602	6	1487.5	1	1	1
602	6	1200.4	1	1	1
602	6	1342.8	0	1	1
602	6	2232.2	0	1	1
602	6	1332.1	1	1	1
602	6	1669.2	1	1	1
602	6	1496.4	0	1	1
602	6	1443.7	0	1	1
602	6	1295.3	1	1	1
602	6	2001.1	1	1	1
602	6	1483.6	0	1	1
602	6	2324.3	0	1	1
602	6	1250.1	1	1	1
602	6	1271.5	1	1	1
602	6	1497.5	1	1	1
602	6	1639	1	1	1
602	6	1464.8	1	1	1
602	6	1429.2	1	1	1
602	6	1256.7	1	1	1
602	6	1499.2	1	1	1
602	6	1220.7	1	1	1
602	6	1035.2	1	1	1
602	6	1682.3	1	1	1
602	6	1164.3	1	1	1
602	6	1039.8	1	1	1
602	6	1214.4	1	1	1
602	6	973.09	1	1	1
602	6	1168.8	1	1	1
602	6	982.51	1	1	1
602	6	1509	1	1	1
602	6	1151	1	1	1
602	6	1183.1	1	1	1
602	6	1214.1	1	1	1
602	6	1372.4	1	1	1
602	6	1259.4	0	1	1
602	6	1215.4	1	1	1
602	6	1022	1	1	1
602	6	1233.6	1	1	1
602	6	960.25	1	1	1
602	6	1193.6	1	1	1
602	6	1185.9	0	1	1
602	6	1247.3	1	1	1
602	6	1019.8	1	1	1
602	6	937.26	1	1	1
602	6	1262.5	1	1	1
602	6	1020.4	1	1	1
602	6	1143	1	1	1
602	6	1201.8	1	1	1
602	6	1123.4	1	1	1
602	6	1178.3	1	1	1
602	6	1203.9	1	1	1
602	6	1158.2	1	1	1
602	6	1002.9	1	1	1
602	6	1362.3	1	1	1
602	6	986.61	1	1	1
602	6	989.53	1	1	1
602	6	978.53	1	1	1
602	6	1373.2	1	1	1
602	6	1273.4	1	1	1
602	6	1228.2	1	1	1
602	6	1070	1	1	1
602	6	851.66	1	1	1
602	6	867.64	1	1	1
602	6	790.02	1	1	1
602	6	973.37	1	1	1
602	6	1173.2	1	1	1
602	6	1554.1	1	1	1
602	6	895	1	1	1
602	6	1193.7	1	1	1
602	6	1042.9	1	1	1
602	6	1100.1	1	1	1
602	6	793.44	1	1	1
602	6	805.34	1	1	1
602	6	1236.2	1	1	1
602	6	1010.2	1	1	1
602	6	1060.1	1	1	1
602	6	834.51	1	1	1
602	6	1200	1	1	1
602	6	885.26	1	1	1
602	6	1119.3	1	1	1
602	6	1329.3	1	1	1
602	6	1026.3	1	1	1
602	6	903.82	1	1	1
602	6	1352.1	1	1	1
602	6	1333.2	0	1	1
602	6	835.68	1	1	1
602	6	801.25	1	1	1
602	6	848.99	1	1	1
602	6	1203.9	1	1	1
602	6	1621.5	1	1	1
602	6	967.42	1	1	1
602	6	1143.3	1	1	1
602	6	1185.7	1	1	1
602	6	1465.4	1	1	1
602	6	1095.3	1	1	1
602	6	906.9	1	1	1
602	6	1752	1	1	1
602	6	1015.6	1	1	1
602	6	1411.9	1	1	1
602	6	1276	1	1	1
602	6	913.23	1	1	1
602	6	856.9	1	1	1
602	6	890.45	1	1	1
602	6	1025.6	1	1	1
602	6	1141.9	1	1	1
602	6	1145.3	1	1	1
602	6	926.75	1	1	1
602	6	1157.6	1	1	1
602	6	888.86	1	1	1
602	6	825.76	1	1	1
602	6	1251	1	1	1
602	6	1264.3	1	1	1
602	6	1297.7	1	1	1
602	6	1018	1	1	1
602	6	1584.1	1	1	1
602	6	1877	1	1	1
602	6	1099.8	1	1	1
602	6	988.53	1	1	1
602	6	1261.5	1	1	1
602	6	965.25	1	1	1
602	6	1106.5	1	1	1
602	6	1471.2	1	1	1
602	6	1070.2	1	1	1
602	6	1363.3	1	1	1
602	6	1215.5	1	1	1
602	6	1055.1	1	1	1
602	6	1313.7	1	1	1
602	6	1305.2	1	1	1
602	6	1199.4	1	1	1
602	6	870.45	1	1	1
602	6	925.36	1	1	1
602	6	921.34	1	1	1
602	6	1321.3	1	1	1
602	6	1203	1	1	1
602	6	903.99	1	1	1
602	6	1724.2	1	1	1
602	6	1343.7	1	1	1
602	6	1212.7	1	1	1
602	6	863.07	1	1	1
602	6	1024.2	1	1	1
602	6	961.25	1	1	1
602	6	1677.8	1	1	1
602	6	1126.3	1	1	1
602	6	1256	1	1	1
602	6	1549.4	1	1	1
602	6	1067.2	1	1	1
602	6	938.06	1	1	1
602	6	1177.9	1	1	1
602	6	1030.7	1	1	1
602	6	1437.6	1	1	1
602	6	1343	1	1	1
602	6	1127.6	1	1	1
602	6	1099.1	1	1	1
602	6	1149.4	1	1	1
602	6	1084.7	1	1	1
602	6	1405.1	1	1	1
602	6	986.43	1	1	1
602	6	959.02	1	1	1
602	6	1524.5	1	1	1
602	6	1342.1	1	1	1
602	6	1184.3	1	1	1
602	6	1424	1	1	1
602	6	1116.4	1	1	1
602	6	1489.8	1	1	1
602	6	1197.7	1	1	1
602	6	1200.9	1	1	1
602	6	1202.3	1	1	1
602	6	1136.7	1	1	1
602	6	918.39	1	1	1
602	6	1034.2	1	1	1
602	6	1146.9	1	1	1
602	6	1390.4	1	1	1
602	6	1060	1	1	1
602	6	1109.8	1	1	1
602	6	733.5	1	1	1
602	6	1191.5	1	1	1
602	6	1474.3	0	1	1
602	6	1023.5	0	1	1
602	6	948.6	1	1	1
602	6	782.58	1	1	1
602	6	1045.8	1	1	1
602	6	1144.9	1	1	1
602	6	1010.6	1	1	1
602	6	958.51	1	1	1
602	6	919.75	1	1	1
602	6	1151.9	1	1	1
602	6	959.91	1	1	1
602	6	881.26	1	1	1
602	6	824.7	1	1	1
602	6	1449.3	1	1	1
602	6	1181.4	1	1	1
602	6	1065.4	1	1	1
602	6	1388.9	1	1	1
602	6	1087.8	1	1	1
602	6	951.71	1	1	1
602	6	1175.3	1	1	1
602	6	1198.5	1	1	1
602	6	845.71	1	1	1
602	6	1032	1	1	1
602	6	1054.3	1	1	1
602	6	1179.2	1	1	1
602	6	776.94	1	1	1
602	6	881.75	1	1	1
602	6	843.05	1	1	1
602	6	1183.9	1	1	1
602	6	960.63	1	1	1
602	6	1332.8	1	1	1
602	6	1217.6	1	1	1
602	6	874.79	1	1	1
602	6	1003	1	1	1
602	6	868.4	1	1	1
602	6	774.1	1	1	1
602	6	833.75	1	1	1
602	6	1319.9	1	1	1
602	6	1210.6	1	1	1
602	6	1177.1	1	1	1
602	6	1459.1	1	1	1
602	6	949.84	1	1	1
602	6	700.18	1	1	1
602	6	823.76	1	1	1
602	6	739.05	1	1	1
602	6	1252.3	1	1	1
602	6	1490.5	1	1	1
602	6	1032.4	1	1	1
602	6	775.14	1	1	1
602	6	846.4	1	1	1
602	6	773.08	1	1	1
602	6	697.04	1	1	1
602	6	1031.8	1	1	1
602	6	1534.3	1	1	1
602	6	867.35	1	1	1
602	6	1404.2	1	1	1
602	6	1504.4	1	1	1
602	6	1331.8	1	1	1
602	6	1260.6	1	1	1
602	6	837.5	1	1	1
602	6	870.71	1	1	1
602	6	941.05	1	1	1
602	6	823.09	1	1	1
602	6	944.4	1	1	1
602	6	1109.1	1	1	1
602	6	1029.5	1	1	1
602	6	972.49	1	1	1
602	6	1172.2	1	1	1
602	6	1208.8	0	1	1
602	6	751.29	1	1	1
602	6	1003.7	1	1	1
602	6	1151.5	1	1	1
602	6	1380	1	1	1
602	6	804.93	1	1	1
602	6	807.76	1	1	1
602	6	849.43	1	1	1
602	6	949.58	1	1	1
602	6	851.16	1	1	1
602	6	853.33	1	1	1
602	6	1089.5	1	1	1
602	6	850.73	1	1	1
602	6	1546.4	1	1	1
602	6	1067	1	1	1
602	6	1182.9	1	1	1
602	6	952.31	1	1	1
602	6	1013.3	1	1	1
602	6	953.59	1	1	1
602	6	723.58	1	1	1
602	6	1124.8	1	1	1
602	6	1038.7	1	1	1
602	6	1281.1	1	1	1
602	6	824.77	1	1	1
602	6	1306.5	1	1	1
602	6	1095.1	1	1	1
602	6	1019.5	1	1	1
602	6	1300.2	1	1	1
602	6	1076	1	1	1
602	6	1199.7	1	1	1
602	6	899.8	1	1	1
602	6	1120.1	1	1	1
602	6	1004.2	1	1	1
602	6	1451.5	1	1	1
602	6	892.77	1	1	1
602	6	1179.9	1	1	1
602	6	816.25	1	1	1
602	6	902.56	1	1	1
602	6	865.96	1	1	1
602	6	763.65	1	1	1
602	6	932.94	1	1	1
602	6	991.5	1	1	1
602	6	891.14	1	1	1
602	6	1406.7	1	1	1
602	6	1514.6	1	1	1
602	6	1197.4	1	1	1
602	6	1372.5	1	1	1
602	6	996.08	1	1	1
602	6	734.4	1	1	1
602	6	1089.5	1	1	1
602	6	969.82	1	1	1
602	6	953.48	1	1	1
602	6	1100.7	1	1	1
602	6	964.11	1	1	1
602	6	801.49	1	1	1
602	6	890.23	1	1	1
602	6	1408.3	1	1	1
602	6	806.37	1	1	1
602	6	1117.9	1	1	1
602	6	823.1	1	1	1
602	6	871.53	1	1	1
602	6	879.98	1	1	1
602	6	794.18	1	1	1
602	6	1103.3	1	1	1
602	6	946.08	1	1	1
602	6	1280.4	0	1	1
602	6	891.19	1	1	1
602	6	1210.4	1	1	1
602	6	813.93	1	1	1
602	6	1047.2	1	1	1
602	6	863.69	1	1	1
602	6	1040.4	1	1	1
602	6	851.67	1	1	1
602	6	1167	1	1	1
602	6	701.32	1	1	1
602	6	796.69	1	1	1
602	6	922.07	1	1	1
602	6	1144.2	1	1	1
602	6	971.41	1	1	1
602	6	906.07	1	1	1
602	6	921.11	1	1	1
602	6	1529.7	1	1	1
602	6	805.3	1	1	1
602	6	1209	1	1	1
602	6	1013	1	1	1
602	6	1459.5	1	1	1
602	6	1293.1	1	1	1
602	6	780.3	1	1	1
602	6	778.22	1	1	1
602	6	799.91	1	1	1
602	6	1082.1	1	1	1
602	6	599.63	1	1	1
602	6	522.06	1	1	1
602	6	526.39	1	1	1
602	6	782.9	1	2	-1
602	6	997.63	1	2	-1
602	6	872.6	1	2	-1
602	6	1010.5	1	2	-1
602	6	717.96	1	2	-1
602	6	761.11	1	2	-1
602	6	996.26	1	2	-1
602	6	713.03	1	2	-1
602	6	682.66	1	2	-1
602	6	705.65	1	2	-1
602	6	949.24	1	2	-1
602	6	575.06	1	2	-1
602	6	662.91	1	2	-1
602	6	1080.2	1	2	-1
602	6	567.53	1	2	-1
602	6	936.72	1	2	-1
602	6	1632.7	0	2	-1
602	6	638.97	1	2	-1
602	6	678.6	1	2	-1
602	6	640.08	1	2	-1
602	6	858.58	1	2	-1
602	6	891.39	1	2	-1
602	6	850.98	1	2	-1
602	6	1029.5	1	2	-1
602	6	681.51	1	2	-1
602	6	748.9	1	2	-1
602	6	697.23	1	2	-1
602	6	717.81	1	2	-1
602	6	665.81	1	2	-1
602	6	956.05	1	2	-1
602	6	1041.8	1	2	-1
602	6	822.76	1	2	-1
602	6	745.8	1	2	-1
602	6	716.67	1	2	-1
602	6	1606.7	1	2	-1
602	6	1018.1	1	2	-1
602	6	735.63	1	2	-1
602	6	875.07	1	2	-1
602	6	652.17	1	2	-1
602	6	716.73	1	2	-1
602	6	617.43	1	2	-1
602	6	817.67	1	2	-1
602	6	1295.4	1	2	-1
602	6	637.62	1	2	-1
602	6	494.82	1	2	-1
602	6	445.99	1	2	-1
602	6	623.68	1	2	-1
602	6	582.34	1	2	-1
602	6	904.72	1	2	-1
602	6	514.31	1	2	-1
602	6	658.98	1	2	-1
602	6	737.87	1	2	-1
602	6	512.93	1	2	-1
602	6	547.55	1	2	-1
602	6	654.73	1	2	-1
602	6	600.69	1	2	-1
602	6	695.48	1	2	-1
602	6	580.03	1	2	-1
602	6	471.33	1	2	-1
602	6	1022.8	1	2	-1
602	6	644.46	1	2	-1
602	6	597.02	1	2	-1
602	6	583.31	1	2	-1
602	6	475.95	1	2	-1
602	6	600.2	1	2	-1
602	6	929.25	1	2	-1
602	6	855.9	1	2	-1
602	6	629.79	1	2	-1
602	6	924.28	1	2	-1
602	6	844.73	1	2	-1
602	6	762.21	1	2	-1
602	6	494.92	1	2	-1
602	6	466.29	1	2	-1
602	6	610.61	1	2	-1
602	6	682.77	1	2	-1
602	6	535.3	1	2	-1
602	6	573.38	1	2	-1
602	6	645.91	1	2	-1
602	6	765.26	1	2	-1
602	6	678.95	1	2	-1
602	6	734.83	1	2	-1
602	6	721.07	1	2	-1
602	6	648.89	1	2	-1
602	6	753.22	1	2	-1
602	6	949.47	1	2	-1
602	6	657.97	1	2	-1
602	6	814.14	1	2	-1
602	6	959.54	1	2	-1
602	6	613.98	1	2	-1
602	6	594.32	1	2	-1
602	6	666.6	1	2	-1
602	6	552.52	1	2	-1
602	6	631.87	1	2	-1
602	6	648.89	1	2	-1
602	6	575.67	1	2	-1
602	6	886.72	1	2	-1
602	6	692.36	1	2	-1
602	6	1464.9	0	2	-1
602	6	566.86	1	2	-1
602	6	637.84	1	2	-1
602	6	588.62	1	2	-1
602	6	1165.6	1	2	-1
602	6	534.38	1	2	-1
602	6	498.35	1	2	-1
602	6	627.3	1	2	-1
602	6	584.45	1	2	-1
602	6	901.06	1	2	-1
602	6	559.29	1	2	-1
602	6	1037.2	1	2	-1
602	6	773.78	1	2	-1
602	6	542.04	1	2	-1
602	6	518.31	1	2	-1
602	6	608.89	1	2	-1
602	6	728.33	1	2	-1
602	6	632.05	1	2	-1
602	6	585.96	1	2	-1
602	6	520.83	1	2	-1
602	6	813.01	1	2	-1
602	6	559.99	1	2	-1
602	6	577.62	1	2	-1
602	6	1362	1	2	-1
602	6	610.34	1	2	-1
602	6	656.83	1	2	-1
602	6	826.56	1	2	-1
602	6	670.05	1	2	-1
602	6	618.94	1	2	-1
602	6	813.38	1	2	-1
602	6	663.67	1	2	-1
602	6	1038.5	1	2	-1
602	6	783.03	1	2	-1
602	6	667.03	1	2	-1
602	6	939.13	1	2	-1
602	6	454.01	1	2	-1
602	6	678.49	1	2	-1
602	6	684.61	1	2	-1
602	6	874	1	2	-1
602	6	642.25	1	2	-1
602	6	675.33	1	2	-1
602	6	721.85	1	2	-1
602	6	1036.3	1	2	-1
602	6	566.02	1	2	-1
602	6	603.19	1	2	-1
602	6	765.85	1	2	-1
602	6	785.07	1	2	-1
602	6	563.3	1	2	-1
602	6	507.1	1	2	-1
602	6	827.02	1	2	-1
602	6	626.42	1	2	-1
602	6	622.78	1	2	-1
602	6	672.54	1	2	-1
602	6	449.56	1	2	-1
602	6	1186.2	0	2	-1
602	6	579.98	1	2	-1
602	6	651.32	1	2	-1
602	6	535.16	1	2	-1
602	6	575.45	1	2	-1
602	6	592.8	1	2	-1
602	6	562.62	1	2	-1
602	6	710.91	1	2	-1
602	6	931.03	1	2	-1
602	6	512.13	1	2	-1
602	6	502.19	1	2	-1
602	6	620.86	1	2	-1
602	6	1589	1	2	-1
602	6	509.34	1	2	-1
602	6	622.02	1	2	-1
602	6	642.08	1	2	-1
602	6	673.62	1	2	-1
602	6	548.17	1	2	-1
602	6	544.38	1	2	-1
602	6	552.49	1	2	-1
602	6	553.19	1	2	-1
602	6	526.69	1	2	-1
602	6	477.54	1	2	-1
602	6	654.78	1	2	-1
602	6	632.16	1	2	-1
602	6	620.71	1	2	-1
602	6	571.54	1	2	-1
602	6	747.76	1	2	-1
602	6	791.36	1	2	-1
602	6	846.62	1	2	-1
602	6	548.08	1	2	-1
602	6	561.67	1	2	-1
602	6	709.74	1	2	-1
602	6	617.72	1	2	-1
602	6	831.13	0	2	-1
602	6	679.77	1	2	-1
602	6	587.25	1	2	-1
602	6	659.16	1	2	-1
602	6	536.22	1	2	-1
602	6	521.77	1	2	-1
602	6	538.7	1	2	-1
602	6	844.07	1	2	-1
602	6	1067	1	2	-1
602	6	603.04	1	2	-1
602	6	654.48	1	2	-1
602	6	522.68	1	2	-1
602	6	557.89	1	2	-1
602	6	592.54	1	2	-1
602	6	661.42	1	2	-1
602	6	1055.6	1	2	-1
602	6	733.25	1	2	-1
602	6	559.66	1	2	-1
602	6	624.13	1	2	-1
602	6	567.49	1	2	-1
602	6	639.65	1	2	-1
602	6	1058.3	1	2	-1
602	6	657.97	1	2	-1
602	6	642.92	1	2	-1
602	6	610.28	1	2	-1
602	6	631.33	1	2	-1
602	6	712.56	1	2	-1
602	6	534.27	1	2	-1
602	6	525.96	1	2	-1
602	6	508.39	1	2	-1
602	6	654.5	1	2	-1
602	6	905.64	1	2	-1
602	6	591.78	1	2	-1
602	6	866.99	1	2	-1
602	6	547.7	1	2	-1
602	6	488.55	1	2	-1
602	6	552.62	1	2	-1
602	6	597.42	1	2	-1
602	6	981.5	1	2	-1
602	6	643.89	1	2	-1
602	6	611.07	1	2	-1
602	6	634.32	1	2	-1
602	6	1201.3	1	2	-1
602	6	500.07	1	2	-1
602	6	643.37	1	2	-1
602	6	795.79	1	2	-1
602	6	557.5	1	2	-1
602	6	531.67	1	2	-1
602	6	568.61	1	2	-1
602	6	534.32	1	2	-1
602	6	554.79	1	2	-1
602	6	548.66	1	2	-1
602	6	624.69	1	2	-1
602	6	516.76	1	2	-1
602	6	490.45	1	2	-1
602	6	558.57	1	2	-1
602	6	669.21	1	2	-1
602	6	517.62	1	2	-1
602	6	769.47	1	2	-1
602	6	466.69	1	2	-1
602	6	521.96	1	2	-1
602	6	552.89	1	2	-1
602	6	852.48	1	2	-1
602	6	925.27	1	2	-1
602	6	543.64	1	2	-1
602	6	581.29	1	2	-1
602	6	451.5	1	2	-1
602	6	624.94	1	2	-1
602	6	503.61	1	2	-1
602	6	633.26	1	2	-1
602	6	506.08	1	2	-1
602	6	520.51	1	2	-1
602	6	513.74	1	2	-1
602	6	510.52	1	2	-1
602	6	505.08	1	2	-1
602	6	771.57	1	2	-1
602	6	578.24	1	2	-1
602	6	513.56	1	2	-1
602	6	720.73	1	2	-1
602	6	484.34	1	2	-1
602	6	797.91	1	2	-1
602	6	520.71	1	2	-1
602	6	986.81	1	2	-1
602	6	570.7	1	2	-1
602	6	559.07	1	2	-1
602	6	973.02	1	2	-1
602	6	526.64	1	2	-1
602	6	549.64	1	2	-1
602	6	1094.5	1	2	-1
602	6	1110.2	0	2	-1
602	6	499.85	1	2	-1
602	6	527.44	1	2	-1
602	6	945.06	1	2	-1
602	6	532.87	1	2	-1
602	6	544.77	1	2	-1
602	6	579.27	1	2	-1
602	6	797.42	1	2	-1
602	6	598.87	1	2	-1
602	6	522.87	1	2	-1
602	6	563.14	1	2	-1
602	6	602.29	1	2	-1
602	6	662.49	1	2	-1
602	6	860.72	1	2	-1
602	6	697.66	1	2	-1
602	6	577.83	1	2	-1
602	6	614.4	1	2	-1
602	6	487.54	1	2	-1
602	6	532.91	1	2	-1
602	6	489.65	1	2	-1
602	6	558.56	1	2	-1
602	6	811.47	1	2	-1
602	6	1166.8	1	2	-1
602	6	584.19	1	2	-1
602	6	540.28	1	2	-1
602	6	562.26	1	2	-1
602	6	589.81	1	2	-1
602	6	1108	1	2	-1
602	6	867.78	1	2	-1
602	6	802.44	1	2	-1
602	6	518.24	1	2	-1
602	6	588.77	1	2	-1
602	6	557.99	1	2	-1
602	6	535.98	1	2	-1
602	6	621.62	1	2	-1
602	6	601.59	1	2	-1
602	6	766.74	1	2	-1
602	6	704.74	1	2	-1
602	6	566.38	1	2	-1
602	6	923.74	1	2	-1
602	6	520.7	1	2	-1
602	6	831.95	1	2	-1
602	6	557.6	1	2	-1
602	6	540.95	1	2	-1
602	6	554.8	1	2	-1
602	6	730.82	1	2	-1
602	6	638.88	1	2	-1
602	6	534.43	1	2	-1
602	6	711.14	1	2	-1
602	6	525.33	1	2	-1
602	6	590.14	1	2	-1
602	6	613.68	1	2	-1
602	6	968.89	1	2	-1
602	6	748.51	1	2	-1
602	6	627.8	1	2	-1
602	6	698.93	1	2	-1
602	6	602.29	1	2	-1
602	6	561.39	1	2	-1
602	6	619.81	1	2	-1
602	6	604.35	1	2	-1
602	6	739.46	1	2	-1
602	6	626.7	1	2	-1
602	6	727.01	1	2	-1
602	6	672.84	1	2	-1
602	6	738.83	1	2	-1
602	6	782.36	1	2	-1
602	6	576.63	1	2	-1
602	6	914.61	1	2	-1
602	6	633.36	1	2	-1
602	6	849.75	1	2	-1
602	6	627.42	1	2	-1
602	6	525.32	1	2	-1
602	6	402.57	1	2	-1
602	6	473.72	1	2	-1
602	6	740.5	1	1	-1
602	6	1505.9	1	1	-1
602	6	1043.9	1	1	-1
602	6	1370.8	1	1	-1
602	6	1040	1	1	-1
602	6	1045.3	1	1	-1
602	6	860.98	1	1	-1
602	6	752.01	1	1	-1
602	6	973.8	1	1	-1
602	6	944.28	1	1	-1
602	6	1198	0	1	-1
602	6	633.29	1	1	-1
602	6	648.18	1	1	-1
602	6	569.75	1	1	-1
602	6	1108.4	1	1	-1
602	6	752.45	1	1	-1
602	6	709.11	1	1	-1
602	6	648.83	1	1	-1
602	6	1756.5	1	1	-1
602	6	738.84	1	1	-1
602	6	775.48	1	1	-1
602	6	814.8	1	1	-1
602	6	704.54	1	1	-1
602	6	681.98	1	1	-1
602	6	827.04	1	1	-1
602	6	762.02	1	1	-1
602	6	638.55	1	1	-1
602	6	731.99	1	1	-1
602	6	885.24	1	1	-1
602	6	749.25	1	1	-1
602	6	605.19	1	1	-1
602	6	798.51	1	1	-1
602	6	865.86	1	1	-1
602	6	808.92	1	1	-1
602	6	610.94	1	1	-1
602	6	535.06	1	1	-1
602	6	602.52	1	1	-1
602	6	677.28	1	1	-1
602	6	709.16	1	1	-1
602	6	618.1	1	1	-1
602	6	618.54	1	1	-1
602	6	674.48	1	1	-1
602	6	885.1	1	1	-1
602	6	653.35	1	1	-1
602	6	637.68	1	1	-1
602	6	752.07	1	1	-1
602	6	589.49	1	1	-1
602	6	453.29	1	1	-1
602	6	401.03	1	1	-1
602	6	823.46	1	1	-1
602	6	1610.3	0	1	-1
602	6	521.13	1	1	-1
602	6	584.38	1	1	-1
602	6	699.51	1	1	-1
602	6	546.43	1	1	-1
602	6	484.38	1	1	-1
602	6	534.3	1	1	-1
602	6	745.21	1	1	-1
602	6	676.47	1	1	-1
602	6	942.74	1	1	-1
602	6	594.5	1	1	-1
602	6	551.63	1	1	-1
602	6	711.12	1	1	-1
602	6	868.05	1	1	-1
602	6	565.69	1	1	-1
602	6	544.38	1	1	-1
602	6	557.22	1	1	-1
602	6	752.66	1	1	-1
602	6	586.75	1	1	-1
602	6	666.41	1	1	-1
602	6	861.63	1	1	-1
602	6	514.08	1	1	-1
602	6	561.55	1	1	-1
602	6	751.25	1	1	-1
602	6	517.82	1	1	-1
602	6	548.29	1	1	-1
602	6	535.38	1	1	-1
602	6	444.13	1	1	-1
602	6	624.73	1	1	-1
602	6	512.51	1	1	-1
602	6	630.92	1	1	-1
602	6	792.65	1	1	-1
602	6	885.68	1	1	-1
602	6	587.34	1	1	-1
602	6	977.77	1	1	-1
602	6	834.95	1	1	-1
602	6	699.18	1	1	-1
602	6	672.05	1	1	-1
602	6	736.5	1	1	-1
602	6	666.84	1	1	-1
602	6	643.25	1	1	-1
602	6	583.66	1	1	-1
602	6	962.64	1	1	-1
602	6	848.06	1	1	-1
602	6	1250.2	1	1	-1
602	6	519.22	1	1	-1
602	6	603.33	1	1	-1
602	6	928.46	1	1	-1
602	6	556.02	1	1	-1
602	6	713.19	1	1	-1
602	6	690.16	1	1	-1
602	6	867.73	1	1	-1
602	6	559.08	1	1	-1
602	6	460.44	1	1	-1
602	6	1130.9	1	1	-1
602	6	635.38	1	1	-1
602	6	594.5	1	1	-1
602	6	626.5	1	1	-1
602	6	879.73	1	1	-1
602	6	598.04	1	1	-1
602	6	1060.4	1	1	-1
602	6	964.8	1	1	-1
602	6	1012.8	1	1	-1
602	6	539.87	1	1	-1
602	6	1605.8	1	1	-1
602	6	780.67	1	1	-1
602	6	769	1	1	-1
602	6	783.04	1	1	-1
602	6	622.5	1	1	-1
602	6	886.94	1	1	-1
602	6	625.1	1	1	-1
602	6	1626.8	1	1	-1
602	6	694.69	1	1	-1
602	6	698.94	1	1	-1
602	6	719.72	1	1	-1
602	6	1004.8	1	1	-1
602	6	653.16	1	1	-1
602	6	780.33	1	1	-1
602	6	762.87	1	1	-1
602	6	894.61	1	1	-1
602	6	605.78	1	1	-1
602	6	560.77	1	1	-1
602	6	654.35	1	1	-1
602	6	652.4	1	1	-1
602	6	622.61	1	1	-1
602	6	850.53	1	1	-1
602	6	1000.6	1	1	-1
602	6	593.44	1	1	-1
602	6	711.32	1	1	-1
602	6	758.2	1	1	-1
602	6	578.14	1	1	-1
602	6	436.81	1	1	-1
602	6	525.92	1	1	-1
602	6	589.2	1	1	-1
602	6	610.55	1	1	-1
602	6	584.56	1	1	-1
602	6	475.21	1	1	-1
602	6	717.89	1	1	-1
602	6	561.83	1	1	-1
602	6	685.35	1	1	-1
602	6	664.1	1	1	-1
602	6	492.92	1	1	-1
602	6	515.93	1	1	-1
602	6	588.61	1	1	-1
602	6	571.98	1	1	-1
602	6	665.7	1	1	-1
602	6	781.25	1	1	-1
602	6	577.57	1	1	-1
602	6	550.58	1	1	-1
602	6	897.17	1	1	-1
602	6	695.68	1	1	-1
602	6	800.77	1	1	-1
602	6	817.08	1	1	-1
602	6	838.32	1	1	-1
602	6	522.5	1	1	-1
602	6	593.62	1	1	-1
602	6	510.95	1	1	-1
602	6	568.84	1	1	-1
602	6	519.37	1	1	-1
602	6	646.95	1	1	-1
602	6	540.69	1	1	-1
602	6	505.13	1	1	-1
602	6	649.99	1	1	-1
602	6	547.91	1	1	-1
602	6	507.87	1	1	-1
602	6	516.57	1	1	-1
602	6	631.06	1	1	-1
602	6	571.01	1	1	-1
602	6	534.88	1	1	-1
602	6	745.25	1	1	-1
602	6	773.59	1	1	-1
602	6	673.87	1	1	-1
602	6	567.99	1	1	-1
602	6	559.33	1	1	-1
602	6	804.93	1	1	-1
602	6	504.87	1	1	-1
602	6	535.02	1	1	-1
602	6	946.7	1	1	-1
602	6	686.1	1	1	-1
602	6	636.17	1	1	-1
602	6	672.49	1	1	-1
602	6	665.63	1	1	-1
602	6	552.35	1	1	-1
602	6	575.02	1	1	-1
602	6	587.01	1	1	-1
602	6	548.69	1	1	-1
602	6	853.81	1	1	-1
602	6	552.42	1	1	-1
602	6	637.39	1	1	-1
602	6	591.6	1	1	-1
602	6	708.77	1	1	-1
602	6	817.96	1	1	-1
602	6	688.11	1	1	-1
602	6	610.15	1	1	-1
602	6	597.83	1	1	-1
602	6	600.02	1	1	-1
602	6	1030.6	1	1	-1
602	6	619.68	1	1	-1
602	6	646.48	1	1	-1
602	6	674.47	1	1	-1
602	6	936.45	1	1	-1
602	6	667.21	1	1	-1
602	6	557.03	1	1	-1
602	6	544.33	1	1	-1
602	6	498.06	1	1	-1
602	6	700.9	1	1	-1
602	6	575.4	1	1	-1
602	6	573.23	1	1	-1
602	6	1006	1	1	-1
602	6	702.65	1	1	-1
602	6	544.27	1	1	-1
602	6	586.74	1	1	-1
602	6	509.22	1	1	-1
602	6	547.73	1	1	-1
602	6	472.48	1	1	-1
602	6	834.62	1	1	-1
602	6	564.7	1	1	-1
602	6	616.32	1	1	-1
602	6	482.44	1	1	-1
602	6	602.15	1	1	-1
602	6	584.05	1	1	-1
602	6	595.05	1	1	-1
602	6	524.04	1	1	-1
602	6	519	1	1	-1
602	6	578.09	1	1	-1
602	6	563.76	1	1	-1
602	6	516.1	1	1	-1
602	6	591.65	1	1	-1
602	6	606.54	1	1	-1
602	6	545.04	1	1	-1
602	6	519.98	1	1	-1
602	6	552	1	1	-1
602	6	882.81	1	1	-1
602	6	527.39	1	1	-1
602	6	518.44	1	1	-1
602	6	604.53	1	1	-1
602	6	545.7	1	1	-1
602	6	507.96	1	1	-1
602	6	555.39	1	1	-1
602	6	652.2	1	1	-1
602	6	554.77	1	1	-1
602	6	470.13	1	1	-1
602	6	491.02	1	1	-1
602	6	480.92	1	1	-1
602	6	690.67	1	1	-1
602	6	486.36	1	1	-1
602	6	615.8	1	1	-1
602	6	654.16	1	1	-1
602	6	609.31	1	1	-1
602	6	828.02	1	1	-1
602	6	491.42	1	1	-1
602	6	667.34	1	1	-1
602	6	504.8	1	1	-1
602	6	460.78	1	1	-1
602	6	795.55	1	1	-1
602	6	491.71	1	1	-1
602	6	568.24	1	1	-1
602	6	554.87	1	1	-1
602	6	558.01	1	1	-1
602	6	528.2	1	1	-1
602	6	481.48	1	1	-1
602	6	545.92	1	1	-1
602	6	609.39	1	1	-1
602	6	942.06	1	1	-1
602	6	602.09	1	1	-1
602	6	515.77	1	1	-1
602	6	726.85	1	1	-1
602	6	578.52	1	1	-1
602	6	622.6	1	1	-1
602	6	641.24	1	1	-1
602	6	600.89	1	1	-1
602	6	798.05	1	1	-1
602	6	571.22	1	1	-1
602	6	668.85	1	1	-1
602	6	800.07	1	1	-1
602	6	571.33	1	1	-1
602	6	515.31	1	1	-1
602	6	581.58	1	1	-1
602	6	678.76	1	1	-1
602	6	560.4	1	1	-1
602	6	599.57	1	1	-1
602	6	560.51	1	1	-1
602	6	784.12	1	1	-1
602	6	574.85	1	1	-1
602	6	579.2	1	1	-1
602	6	784.38	1	1	-1
602	6	902.06	1	1	-1
602	6	590.03	1	1	-1
602	6	756.24	1	1	-1
602	6	615.31	1	1	-1
602	6	625.07	1	1	-1
602	6	468.01	1	1	-1
602	6	574.32	1	1	-1
602	6	556.81	1	1	-1
602	6	573.13	1	1	-1
602	6	538.42	1	1	-1
602	6	489.04	1	1	-1
602	6	534.79	1	1	-1
602	6	514.72	1	1	-1
602	6	547.06	1	1	-1
602	6	593.87	1	1	-1
602	6	500.52	1	1	-1
602	6	596.52	1	1	-1
602	6	791.03	0	1	-1
602	6	833.34	1	1	-1
602	6	606.4	1	1	-1
602	6	839.65	1	1	-1
602	6	523.27	1	1	-1
602	6	693.55	1	1	-1
602	6	559.42	1	1	-1
602	6	615.37	1	1	-1
602	6	607.56	1	1	-1
602	6	561.5	1	1	-1
602	6	571.43	1	1	-1
602	6	877.94	1	1	-1
602	6	539.54	1	1	-1
602	6	474.27	1	1	-1
602	6	558.22	1	1	-1
602	6	663.25	1	1	-1
602	6	699.93	1	1	-1
602	6	584.72	1	1	-1
602	6	686.32	1	1	-1
602	6	801.15	1	1	-1
602	6	641.64	1	1	-1
602	6	543.44	1	1	-1
602	6	607.81	1	1	-1
602	6	634.64	1	1	-1
602	6	541.26	1	1	-1
602	6	506.66	1	1	-1
602	6	554.09	1	1	-1
602	6	500.75	1	1	-1
602	6	515.59	1	1	-1
602	6	541.08	1	1	-1
602	6	593.32	1	1	-1
602	6	1222	1	1	-1
602	6	520.48	1	1	-1
602	6	540.15	1	1	-1
602	6	477.17	1	1	-1
602	6	514.79	1	1	-1
602	6	518.92	1	1	-1
602	6	1414.4	1	-1	2
602	6	1256.4	0	-1	2
602	6	797.55	1	-1	2
602	6	1224.9	1	-1	2
602	6	1201.4	1	-1	2
602	6	1135.6	1	-1	2
602	6	1053.2	1	-1	2
602	6	892.6	1	-1	2
602	6	1317.1	1	-1	2
602	6	984.85	1	-1	2
602	6	1781.5	0	-1	2
602	6	1276.7	1	-1	2
602	6	1887.4	1	-1	2
602	6	1004.9	1	-1	2
602	6	1771.1	0	-1	2
602	6	1109.8	1	-1	2
602	6	1117.4	1	-1	2
602	6	1025.9	1	-1	2
602	6	1180	1	-1	2
602	6	952.38	1	-1	2
602	6	1225.5	1	-1	2
602	6	1619.2	1	-1	2
602	6	2310.8	1	-1	2
602	6	1489.9	0	-1	2
602	6	1532.8	1	-1	2
602	6	1318.7	0	-1	2
602	6	1177.9	0	-1	2
602	6	1426.5	1	-1	2
602	6	1284.5	1	-1	2
602	6	1131.7	0	-1	2
602	6	1769.4	0	-1	2
602	6	1604.4	1	-1	2
602	6	1703.6	1	-1	2
602	6	1305.1	1	-1	2
602	6	1439.1	1	-1	2
602	6	1137.6	1	-1	2
602	6	1094.8	1	-1	2
602	6	1104.1	1	-1	2
602	6	1233.9	1	-1	2
602	6	1151.8	1	-1	2
602	6	1215.6	1	-1	2
602	6	1253.3	0	-1	2
602	6	1336.5	1	-1	2
602	6	1200.7	1	-1	2
602	6	1744.4	0	-1	2
602	6	929.35	1	-1	2
602	6	1387.5	1	-1	2
602	6	1784.8	0	-1	2
602	6	1049.2	1	-1	2
602	6	1195.7	1	-1	2
602	6	1028	1	-1	2
602	6	1207.9	1	-1	2
602	6	1204	1	-1	2
602	6	1209.7	1	-1	2
602	6	1247	1	-1	2
602	6	960.81	1	-1	2
602	6	996.33	1	-1	2
602	6	1339.4	1	-1	2
602	6	1135.9	1	-1	2
602	6	1563.6	1	-1	2
602	6	1136.3	1	-1	2
602	6	1097.6	1	-1	2
602	6	1055.2	1	-1	2
602	6	1331.3	1	-1	2
602	6	956.85	1	-1	2
602	6	1600.2	1	-1	2
602	6	1211	1	-1	2
602	6	1460	1	-1	2
602	6	1877	1	-1	2
602	6	1125.5	1	-1	2
602	6	953.74	1	-1	2
602	6	1092.7	1	-1	2
602	6	972.95	1	-1	2
602	6	866.94	1	-1	2
602	6	1371.4	1	-1	2
602	6	1058.9	1	-1	2
602	6	873.03	1	-1	2
602	6	981.34	1	-1	2
602	6	1018.8	1	-1	2
602	6	1168.2	1	-1	2
602	6	1506	1	-1	2
602	6	957.3	0	-1	2
602	6	1170	1	-1	2
602	6	1018.5	1	-1	2
602	6	965.3	1	-1	2
602	6	1307.6	1	-1	2
602	6	908.44	1	-1	2
602	6	805.23	1	-1	2
602	6	918.74	1	-1	2
602	6	1099.2	1	-1	2
602	6	982.48	1	-1	2
602	6	953.47	1	-1	2
602	6	909.4	1	-1	2
602	6	747.02	1	-1	2
602	6	956.05	1	-1	2
602	6	1515.7	1	-1	2
602	6	1055.3	1	-1	2
602	6	1001.9	1	-1	2
602	6	1079.3	1	-1	2
602	6	1080.2	1	-1	2
602	6	960.26	1	-1	2
602	6	1036.2	1	-1	2
602	6	935.94	1	-1	2
602	6	1083.8	1	-1	2
602	6	892.16	1	-1	2
602	6	930.87	1	-1	2
602	6	935.8	1	-1	2
602	6	1393.1	0	-1	2
602	6	1103.3	1	-1	2
602	6	976.14	1	-1	2
602	6	1374.5	1	-1	2
602	6	1141	1	-1	2
602	6	1133.5	1	-1	2
602	6	1070.6	1	-1	2
602	6	1013.6	1	-1	2
602	6	1219.5	1	-1	2
602	6	975.33	1	-1	2
602	6	827.58	1	-1	2
602	6	1015.8	1	-1	2
602	6	906.8	1	-1	2
602	6	1254.2	1	-1	2
602	6	1412.8	1	-1	2
602	6	1044.4	1	-1	2
602	6	943.88	1	-1	2
602	6	1083.3	1	-1	2
602	6	2133.8	1	-1	2
602	6	1466.5	1	-1	2
602	6	889.37	1	-1	2
602	6	1114.6	1	-1	2
602	6	1123.2	1	-1	2
602	6	911.32	1	-1	2
602	6	885.07	1	-1	2
602	6	1114.1	1	-1	2
602	6	1005.6	1	-1	2
602	6	894.38	1	-1	2
602	6	1060.4	1	-1	2
602	6	1078.1	1	-1	2
602	6	825.23	1	-1	2
602	6	1428.8	1	-1	2
602	6	1518.9	0	-1	2
602	6	861.7	1	-1	2
602	6	1233.8	1	-1	2
602	6	928.87	1	-1	2
602	6	1569.2	1	-1	2
602	6	1070.2	0	-1	2
602	6	859.04	1	-1	2
602	6	904.71	1	-1	2
602	6	1090.1	1	-1	2
602	6	998.65	1	-1	2
602	6	1138.4	1	-1	2
602	6	962.6	1	-1	2
602	6	1357.5	0	-1	2
602	6	944.74	1	-1	2
602	6	1330.7	1	-1	2
602	6	1358.4	1	-1	2
602	6	967.89	1	-1	2
602	6	1054.9	1	-1	2
602	6	1196	1	-1	2
602	6	856.9	1	-1	2
602	6	1169.3	1	-1	2
602	6	1534.3	1	-1	2
602	6	937.98	1	-1	2
602	6	915.82	1	-1	2
602	6	1268.4	1	-1	2
602	6	1298	1	-1	2
602	6	1061.5	1	-1	2
602	6	1328.7	1	-1	2
602	6	789.98	1	-1	2
602	6	1073.2	1	-1	2
602	6	1485.3	1	-1	2
602	6	795.81	1	-1	2
602	6	1065.8	1	-1	2
602	6	1303.2	1	-1	2
602	6	845.52	1	-1	2
602	6	1455	1	-1	2
602	6	927.74	1	-1	2
602	6	1931.1	1	-1	2
602	6	915.83	1	-1	2
602	6	910	1	-1	2
602	6	1544	1	-1	2
602	6	1033.3	1	-1	2
602	6	1242.6	1	-1	2
602	6	1131.9	1	-1	2
602	6	1994.4	1	-1	2
602	6	1000.5	1	-1	2
602	6	1167.7	1	-1	2
602	6	1154.8	1	-1	2
602	6	817.39	1	-1	2
602	6	1195.1	1	-1	2
602	6	901.69	1	-1	2
602	6	1632.1	1	-1	2
602	6	901.98	1	-1	2
602	6	1352.3	1	-1	2
602	6	1168.3	1	-1	2
602	6	995.73	1	-1	2
602	6	1139.1	1	-1	2
602	6	1374.1	1	-1	2
602	6	901.21	1	-1	2
602	6	917.95	1	-1	2
602	6	1211.6	1	-1	2
602	6	1183.2	1	-1	2
602	6	1021.3	1	-1	2
602	6	1035.6	1	-1	2
602	6	1017.9	1	-1	2
602	6	1242.7	0	-1	2
602	6	1250.4	1	-1	2
602	6	1010.5	1	-1	2
602	6	980.14	1	-1	2
602	6	1208.7	1	-1	2
602	6	985.54	1	-1	2
602	6	971.9	1	-1	2
602	6	1078.4	1	-1	2
602	6	1413.6	1	-1	2
602	6	1099.3	1	-1	2
602	6	810.82	1	-1	2
602	6	765.93	1	-1	2
602	6	1103.9	1	-1	2
602	6	979.65	1	-1	2
602	6	898.6	1	-1	2
602	6	1603.7	1	-1	2
602	6	987.18	1	-1	2
602	6	1339.2	1	-1	2
602	6	783.82	1	-1	2
602	6	1404.1	1	-1	2
602	6	1070.2	1	-1	2
602	6	970.31	1	-1	2
602	6	1020.2	1	-1	2
602	6	804.95	1	-1	2
602	6	1520.5	1	-1	2
602	6	1266.9	1	-1	2
602	6	1222.8	1	-1	2
602	6	909.82	1	-1	2
602	6	938.33	1	-1	2
602	6	1038.1	1	-1	2
602	6	1028.2	1	-1	2
602	6	877.14	1	-1	2
602	6	994.27	1	-1	2
602	6	1306.3	1	-1	2
602	6	1340.7	1	-1	2
602	6	1120.6	1	-1	2
602	6	867.83	1	-1	2
602	6	972.36	1	-1	2
602	6	1415	1	-1	2
602	6	1101	1	-1	2
602	6	844.19	1	-1	2
602	6	841.22	1	-1	2
602	6	1082.1	1	-1	2
602	6	827.76	1	-1	2
602	6	914.16	1	-1	2
602	6	915.2	1	-1	2
602	6	1183.1	1	-1	2
602	6	1581.1	1	-1	2
602	6	1147.4	1	-1	2
602	6	1125.1	1	-1	2
602	6	852.39	1	-1	2
602	6	931	1	-1	2
602	6	939.38	1	-1	2
602	6	948.24	1	-1	2
602	6	1379.4	1	-1	2
602	6	982.5	1	-1	2
602	6	855.96	1	-1	2
602	6	1263.7	1	-1	2
602	6	918.41	1	-1	2
602	6	796.66	1	-1	2
602	6	876.97	1	-1	2
602	6	899.56	1	-1	2
602	6	1246	1	-1	2
602	6	769.97	1	-1	2
602	6	736.03	1	-1	2
602	6	883.48	1	-1	2
602	6	1606.7	0	-1	2
602	6	1146.7	1	-1	2
602	6	957.43	1	-1	2
602	6	972.03	1	-1	2
602	6	875.95	1	-1	2
602	6	1384.6	1	-1	2
602	6	878.93	1	-1	2
602	6	847.22	1	-1	2
602	6	826.24	1	-1	2
602	6	928.49	1	-1	2
602	6	874.26	1	-1	2
602	6	1030.1	1	-1	2
602	6	852.35	1	-1	2
602	6	958.44	1	-1	2
602	6	1069.9	1	-1	2
602	6	858.05	1	-1	2
602	6	1025.7	1	-1	2
602	6	1063.2	1	-1	2
602	6	759.02	1	-1	2
602	6	955.66	1	-1	2
602	6	1012.6	1	-1	2
602	6	1086.4	1	-1	2
602	6	926.24	1	-1	2
602	6	947.99	1	-1	2
602	6	1087	1	-1	2
602	6	1094.6	1	-1	2
602	6	1202.2	1	-1	2
602	6	900.53	1	-1	2
602	6	902.57	1	-1	2
602	6	744.19	1	-1	2
602	6	879.87	1	-1	2
602	6	1043.6	1	-1	2
602	6	1076.6	1	-1	2
602	6	954.39	1	-1	2
602	6	852.35	1	-1	2
602	6	1099.5	1	-1	2
602	6	845.68	1	-1	2
602	6	970.52	1	-1	2
602	6	1331.5	1	-1	2
602	6	1001.1	1	-1	2
602	6	1243.5	1	-1	2
602	6	1349.5	1	-1	2
602	6	1005.5	1	-1	2
602	6	850.95	1	-1	2
602	6	857.32	1	-1	2
602	6	859.2	1	-1	2
602	6	1081.7	1	-1	2
602	6	879.16	1	-1	2
602	6	1000.7	1	-1	2
602	6	809.75	1	-1	2
602	6	791.77	1	-1	2
602	6	729.81	1	-1	2
602	6	699.47	1	-1	2
602	6	990.07	1	-1	2
602	6	951.15	1	-1	2
602	6	793.11	1	-1	2
602	6	818.79	1	-1	2
602	6	871.32	1	-1	2
602	6	797.93	1	-1	2
602	6	1081.4	1	-1	2
602	6	1293.4	1	-1	2
602	6	721.01	1	-1	2
602	6	797.39	1	-1	2
602	6	699.33	1	-1	2
602	6	811.89	1	-1	2
602	6	1387.4	1	-1	2
602	6	867.43	1	-1	2
602	6	965.7	1	-1	2
602	6	902.91	1	-1	2
602	6	1189.7	1	-1	2
602	6	1631.3	1	-1	2
602	6	999.47	1	-1	2
602	6	845.87	1	-1	2
602	6	972.71	1	-1	2
602	6	847.96	1	-1	2
602	6	951.04	1	-1	2
602	6	1007.7	1	-1	2
602	6	896.52	1	-1	2
602	6	679.93	1	-1	2
602	6	1263.3	1	-1	2
602	6	1379.2	1	-1	1
602	6	921.31	1	-1	1
602	6	867.44	1	-1	1
602	6	684.62	1	-1	1
602	6	1129.7	1	-1	1
602	6	1154.2	1	-1	1
602	6	893.74	1	-1	1
602	6	1449	1	-1	1
602	6	1030.6	1	-1	1
602	6	1216.8	1	-1	1
602	6	1278.6	1	-1	1
602	6	1027.8	1	-1	1
602	6	917.16	1	-1	1
602	6	1119.4	0	-1	1
602	6	882.34	1	-1	1
602	6	1477.4	1	-1	1
602	6	1171.6	1	-1	1
602	6	1711.1	1	-1	1
602	6	1313.6	1	-1	1
602	6	906.93	1	-1	1
602	6	1487.3	0	-1	1
602	6	1449.4	1	-1	1
602	6	1151.1	1	-1	1
602	6	1711.3	0	-1	1
602	6	1232.7	1	-1	1
602	6	1382.8	1	-1	1
602	6	1186	1	-1	1
602	6	1220.9	1	-1	1
602	6	2017.5	0	-1	1
602	6	1405.6	1	-1	1
602	6	1425.2	1	-1	1
602	6	1968.9	1	-1	1
602	6	2042.6	0	-1	1
602	6	1358.9	1	-1	1
602	6	1553.8	1	-1	1
602	6	1400.7	1	-1	1
602	6	1222.2	1	-1	1
602	6	984.34	1	-1	1
602	6	1275	1	-1	1
602	6	1158.8	1	-1	1
602	6	1227.7	1	-1	1
602	6	1318.2	1	-1	1
602	6	1464.3	1	-1	1
602	6	1269.2	1	-1	1
602	6	1302.3	1	-1	1
602	6	1441.3	1	-1	1
602	6	1330.4	1	-1	1
602	6	1086.8	1	-1	1
602	6	1801.7	1	-1	1
602	6	1019.9	1	-1	1
602	6	1088.3	1	-1	1
602	6	1170.4	1	-1	1
602	6	1722	1	-1	1
602	6	971.74	1	-1	1
602	6	1034.2	1	-1	1
602	6	1140.7	1	-1	1
602	6	1516.3	0	-1	1
602	6	956.23	0	-1	1
602	6	1046.7	1	-1	1
602	6	939.52	1	-1	1
602	6	1214.4	1	-1	1
602	6	1069	1	-1	1
602	6	1314.4	1	-1	1
602	6	1239.6	0	-1	1
602	6	1261.3	1	-1	1
602	6	1101.4	1	-1	1
602	6	1129.8	1	-1	1
602	6	1090	1	-1	1
602	6	1024.4	1	-1	1
602	6	1221.9	1	-1	1
602	6	1157.5	1	-1	1
602	6	971.05	1	-1	1
602	6	1026.8	1	-1	1
602	6	1092.6	1	-1	1
602	6	927.08	1	-1	1
602	6	887.21	0	-1	1
602	6	1045.9	1	-1	1
602	6	1173.3	1	-1	1
602	6	1130.3	0	-1	1
602	6	1328.1	1	-1	1
602	6	1063.5	1	-1	1
602	6	1394.2	1	-1	1
602	6	1386	1	-1	1
602	6	818.61	1	-1	1
602	6	1286.2	1	-1	1
602	6	1735.8	0	-1	1
602	6	864.04	1	-1	1
602	6	1032	1	-1	1
602	6	1083.1	1	-1	1
602	6	1108.4	1	-1	1
602	6	1030.2	0	-1	1
602	6	957.35	1	-1	1
602	6	1148.6	1	-1	1
602	6	1031.9	1	-1	1
602	6	1332.9	1	-1	1
602	6	1689.8	1	-1	1
602	6	931.46	1	-1	1
602	6	1211.1	0	-1	1
602	6	1052.9	1	-1	1
602	6	1643.5	1	-1	1
602	6	1043.8	1	-1	1
602	6	963.33	1	-1	1
602	6	983.65	1	-1	1
602	6	1028.9	1	-1	1
602	6	946.37	1	-1	1
602	6	968.31	1	-1	1
602	6	1054.7	1	-1	1
602	6	1146.1	1	-1	1
602	6	1336.2	0	-1	1
602	6	1118.5	1	-1	1
602	6	1017	1	-1	1
602	6	994.43	1	-1	1
602	6	1355.8	1	-1	1
602	6	2280.1	1	-1	1
602	6	1019.9	1	-1	1
602	6	1061.6	1	-1	1
602	6	1083.1	1	-1	1
602	6	1077.9	1	-1	1
602	6	936.78	1	-1	1
602	6	907.31	1	-1	1
602	6	1222.7	1	-1	1
602	6	1805.6	1	-1	1
602	6	885.81	1	-1	1
602	6	1771	0	-1	1
602	6	1367.1	1	-1	1
602	6	995.94	1	-1	1
602	6	1081.8	1	-1	1
602	6	921.51	1	-1	1
602	6	2220.5	1	-1	1
602	6	968.79	1	-1	1
602	6	1249	1	-1	1
602	6	1702.3	1	-1	1
602	6	1092.8	1	-1	1
602	6	1153.7	1	-1	1
602	6	1523.2	1	-1	1
602	6	1079.1	1	-1	1
602	6	999.52	1	-1	1
602	6	1330	1	-1	1
602	6	1153	1	-1	1
602	6	1984	0	-1	1
602	6	931.21	1	-1	1
602	6	990.12	1	-1	1
602	6	1529.3	1	-1	1
602	6	1195.8	1	-1	1
602	6	1026.5	1	-1	1
602	6	933.29	1	-1	1
602	6	1676.3	1	-1	1
602	6	915.59	1	-1	1
602	6	1055.5	1	-1	1
602	6	840.96	1	-1	1
602	6	1020.8	1	-1	1
602	6	889.82	1	-1	1
602	6	906.67	1	-1	1
602	6	1065.7	1	-1	1
602	6	1181.2	1	-1	1
602	6	1306.7	1	-1	1
602	6	1008.8	1	-1	1
602	6	985.5	1	-1	1
602	6	1060.6	1	-1	1
602	6	1063.4	1	-1	1
602	6	894.33	1	-1	1
602	6	1192.2	1	-1	1
602	6	968.5	1	-1	1
602	6	1002.6	1	-1	1
602	6	1345.3	1	-1	1
602	6	1546.6	1	-1	1
602	6	1130.7	1	-1	1
602	6	954.08	1	-1	1
602	6	925.12	1	-1	1
602	6	948.27	1	-1	1
602	6	1247.2	1	-1	1
602	6	951.59	1	-1	1
602	6	2288.5	1	-1	1
602	6	1006.2	1	-1	1
602	6	1471.7	1	-1	1
602	6	1168.8	1	-1	1
602	6	1402.7	1	-1	1
602	6	1198	1	-1	1
602	6	1123.1	1	-1	1
602	6	1502.9	1	-1	1
602	6	853.05	1	-1	1
602	6	1225.7	1	-1	1
602	6	923.43	1	-1	1
602	6	928.01	1	-1	1
602	6	1514	1	-1	1
602	6	988.28	1	-1	1
602	6	1280.4	1	-1	1
602	6	1496.1	1	-1	1
602	6	972.78	1	-1	1
602	6	1924.6	0	-1	1
602	6	1139.1	1	-1	1
602	6	1172.3	1	-1	1
602	6	982.42	1	-1	1
602	6	935.76	1	-1	1
602	6	1133.8	1	-1	1
602	6	1048.6	1	-1	1
602	6	1070.9	1	-1	1
602	6	860.7	1	-1	1
602	6	1118.1	1	-1	1
602	6	884.93	1	-1	1
602	6	955.32	1	-1	1
602	6	1256.7	1	-1	1
602	6	1052.9	1	-1	1
602	6	916.52	1	-1	1
602	6	1094.1	1	-1	1
602	6	1249.2	1	-1	1
602	6	1213.4	1	-1	1
602	6	1269.4	1	-1	1
602	6	1747.6	1	-1	1
602	6	906.03	1	-1	1
602	6	882.03	1	-1	1
602	6	981.52	1	-1	1
602	6	797.02	1	-1	1
602	6	861.06	1	-1	1
602	6	1280.8	0	-1	1
602	6	1103.6	1	-1	1
602	6	965.85	1	-1	1
602	6	1254.5	1	-1	1
602	6	1920.8	1	-1	1
602	6	869.54	1	-1	1
602	6	1057	1	-1	1
602	6	942.42	1	-1	1
602	6	1481.5	0	-1	1
602	6	1254.3	1	-1	1
602	6	867.33	1	-1	1
602	6	1235.9	1	-1	1
602	6	935.96	1	-1	1
602	6	968.44	1	-1	1
602	6	1518.1	1	-1	1
602	6	1225.1	1	-1	1
602	6	727.47	1	-1	1
602	6	822.55	1	-1	1
602	6	831.79	1	-1	1
602	6	941.35	1	-1	1
602	6	786.04	1	-1	1
602	6	839.02	1	-1	1
602	6	786.34	1	-1	1
602	6	1311.3	1	-1	1
602	6	978.19	1	-1	1
602	6	850.68	1	-1	1
602	6	1037.6	1	-1	1
602	6	1104.7	1	-1	1
602	6	863.36	1	-1	1
602	6	1993.1	1	-1	1
602	6	1213.5	1	-1	1
602	6	834.07	1	-1	1
602	6	902.76	1	-1	1
602	6	992.96	1	-1	1
602	6	1030	1	-1	1
602	6	1761.4	1	-1	1
602	6	1022	1	-1	1
602	6	1277.4	1	-1	1
602	6	1207.5	1	-1	1
602	6	894.17	1	-1	1
602	6	1043.5	1	-1	1
602	6	1052.5	0	-1	1
602	6	1082.9	1	-1	1
602	6	1028.1	1	-1	1
602	6	1201.8	1	-1	1
602	6	1286.1	1	-1	1
602	6	1246.9	1	-1	1
602	6	894.61	1	-1	1
602	6	926.63	1	-1	1
602	6	818.72	1	-1	1
602	6	806.89	1	-1	1
602	6	990.8	1	-1	1
602	6	862.19	1	-1	1
602	6	840.75	1	-1	1
602	6	1184.7	1	-1	1
602	6	755.82	0	-1	1
602	6	1098.1	1	-1	1
602	6	1014.3	1	-1	1
602	6	791.11	1	-1	1
602	6	840.64	1	-1	1
602	6	1315.1	1	-1	1
602	6	948.86	1	-1	1
602	6	868.23	1	-1	1
602	6	890.86	1	-1	1
602	6	1018.3	1	-1	1
602	6	1554	1	-1	1
602	6	836.51	1	-1	1
602	6	1132.5	1	-1	1
602	6	930.19	1	-1	1
602	6	861.53	1	-1	1
602	6	927.03	1	-1	1
602	6	1255.2	1	-1	1
602	6	937.5	1	-1	1
602	6	1012.3	1	-1	1
602	6	880.1	1	-1	1
602	6	869.61	1	-1	1
602	6	933.31	1	-1	1
602	6	880.07	1	-1	1
602	6	890.67	1	-1	1
602	6	1142.3	1	-1	1
602	6	987.64	1	-1	1
602	6	1024.1	1	-1	1
602	6	1293.5	1	-1	1
602	6	874.24	1	-1	1
602	6	770.34	1	-1	1
602	6	885.09	1	-1	1
602	6	998.34	1	-1	1
602	6	967.92	1	-1	1
602	6	1280.5	1	-1	1
602	6	874.27	1	-1	1
602	6	810.92	1	-1	1
602	6	961.83	1	-1	1
602	6	1316.8	1	-1	1
602	6	836.07	1	-1	1
602	6	904.95	1	-1	1
602	6	971.98	1	-1	1
602	6	883.99	1	-1	1
602	6	1176.2	1	-1	1
602	6	1358	1	-1	1
602	6	852.34	1	-1	1
602	6	1137.8	1	-1	1
602	6	1021.4	1	-1	1
602	6	877.53	1	-1	1
602	6	930.19	1	-1	1
602	6	1221.6	1	-1	1
602	6	1020.6	1	-1	1
602	6	909.02	1	-1	1
602	6	747.42	1	-1	1
602	6	1032.2	1	-1	1
602	6	816	1	-1	1
602	6	761.04	1	-1	1
602	6	865.2	1	-1	1
602	6	843.32	1	-1	1
602	6	889.3	1	-1	1
602	6	965.98	1	-1	1
602	6	1107.4	1	-1	1
602	6	697.54	1	-1	1
602	6	910.28	1	-1	1
602	6	869.42	1	-1	1
602	6	912.07	1	-1	1
602	6	894.55	1	-1	1
602	6	880.3	1	-1	1
602	6	753.2	1	-1	1
602	6	759.53	1	-1	1
602	6	735.53	1	-1	1
602	6	951.38	1	-1	1
602	6	1177.3	1	-1	1
602	6	998.39	1	-1	1
602	6	979.46	1	-1	1
602	6	821.98	1	-1	1
602	6	1264.7	1	-1	1
602	6	819.06	1	-1	1
602	6	729.84	1	-1	1
602	6	979.23	0	-1	1
602	6	1390.9	1	-1	1
602	6	1053.7	1	-1	-1
602	6	757.72	1	-1	-1
602	6	706.03	1	-1	-1
602	6	853.82	1	-1	-1
602	6	853.92	1	-1	-1
602	6	973.86	1	-1	-1
602	6	721.31	1	-1	-1
602	6	1215.3	1	-1	-1
602	6	899.24	1	-1	-1
602	6	970.92	1	-1	-1
602	6	719.18	1	-1	-1
602	6	946.42	1	-1	-1
602	6	741.25	1	-1	-1
602	6	626.28	1	-1	-1
602	6	623.93	1	-1	-1
602	6	651.35	1	-1	-1
602	6	617.74	1	-1	-1
602	6	709.67	1	-1	-1
602	6	652.71	1	-1	-1
602	6	654.27	1	-1	-1
602	6	827.29	1	-1	-1
602	6	588.88	1	-1	-1
602	6	764.41	1	-1	-1
602	6	641.35	1	-1	-1
602	6	631.08	1	-1	-1
602	6	689.73	1	-1	-1
602	6	1001.1	1	-1	-1
602	6	802.86	1	-1	-1
602	6	630.35	1	-1	-1
602	6	645.06	1	-1	-1
602	6	908.38	1	-1	-1
602	6	875.18	1	-1	-1
602	6	640.99	1	-1	-1
602	6	629.96	1	-1	-1
602	6	624.06	1	-1	-1
602	6	652.49	1	-1	-1
602	6	572.12	1	-1	-1
602	6	867.63	1	-1	-1
602	6	874.44	1	-1	-1
602	6	785.71	1	-1	-1
602	6	649.01	1	-1	-1
602	6	581.74	1	-1	-1
602	6	644.64	1	-1	-1
602	6	737.34	1	-1	-1
602	6	650.56	1	-1	-1
602	6	656.59	1	-1	-1
602	6	603.26	1	-1	-1
602	6	572.59	1	-1	-1
602	6	610.73	1	-1	-1
602	6	475.48	1	-1	-1
602	6	618.36	1	-1	-1
602	6	636.26	1	-1	-1
602	6	654.01	1	-1	-1
602	6	586.6	1	-1	-1
602	6	595.86	1	-1	-1
602	6	614.3	1	-1	-1
602	6	573.26	1	-1	-1
602	6	626	1	-1	-1
602	6	703.15	1	-1	-1
602	6	982.58	1	-1	-1
602	6	646.2	1	-1	-1
602	6	594.66	1	-1	-1
602	6	576.97	1	-1	-1
602	6	549.64	1	-1	-1
602	6	481.26	1	-1	-1
602	6	665.98	1	-1	-1
602	6	596.76	1	-1	-1
602	6	688.69	1	-1	-1
602	6	635.53	1	-1	-1
602	6	706.23	1	-1	-1
602	6	618.95	1	-1	-1
602	6	606.34	1	-1	-1
602	6	549.01	1	-1	-1
602	6	635.51	1	-1	-1
602	6	584.01	1	-1	-1
602	6	863.31	1	-1	-1
602	6	643.9	1	-1	-1
602	6	762.19	1	-1	-1
602	6	733.83	1	-1	-1
602	6	548.25	1	-1	-1
602	6	729.38	1	-1	-1
602	6	545.87	1	-1	-1
602	6	626.52	1	-1	-1
602	6	581.77	1	-1	-1
602	6	562.14	1	-1	-1
602	6	587.72	1	-1	-1
602	6	564.54	1	-1	-1
602	6	546.46	1	-1	-1
602	6	589.61	1	-1	-1
602	6	614.61	1	-1	-1
602	6	695	1	-1	-1
602	6	634.7	1	-1	-1
602	6	625.25	1	-1	-1
602	6	569.53	1	-1	-1
602	6	541.59	1	-1	-1
602	6	772.86	1	-1	-1
602	6	601.15	1	-1	-1
602	6	578.43	1	-1	-1
602	6	638.79	1	-1	-1
602	6	573.93	1	-1	-1
602	6	537.34	1	-1	-1
602	6	666.4	1	-1	-1
602	6	649.39	1	-1	-1
602	6	542.35	1	-1	-1
602	6	666.64	1	-1	-1
602	6	583.76	1	-1	-1
602	6	1322.3	1	-1	-1
602	6	526.9	1	-1	-1
602	6	557.95	1	-1	-1
602	6	608.29	1	-1	-1
602	6	1232.8	1	-1	-1
602	6	1103.5	1	-1	-1
602	6	523.05	1	-1	-1
602	6	559.09	1	-1	-1
602	6	550.61	1	-1	-1
602	6	700.49	1	-1	-1
602	6	520.28	1	-1	-1
602	6	1416.1	1	-1	-1
602	6	548.15	1	-1	-1
602	6	603.59	1	-1	-1
602	6	695.7	1	-1	-1
602	6	550.04	1	-1	-1
602	6	801.74	1	-1	-1
602	6	643.03	1	-1	-1
602	6	648.02	1	-1	-1
602	6	671.75	1	-1	-1
602	6	1283.4	1	-1	-1
602	6	813.26	1	-1	-1
602	6	822.65	1	-1	-1
602	6	705.73	1	-1	-1
602	6	905.98	1	-1	-1
602	6	650.32	1	-1	-1
602	6	618.61	1	-1	-1
602	6	910.04	1	-1	-1
602	6	800.17	1	-1	-1
602	6	610.85	1	-1	-1
602	6	591.35	1	-1	-1
602	6	803.97	1	-1	-1
602	6	809.52	1	-1	-1
602	6	942.22	1	-1	-1
602	6	734.56	1	-1	-1
602	6	623.59	1	-1	-1
602	6	542.25	1	-1	-1
602	6	508.32	1	-1	-1
602	6	902.55	1	-1	-1
602	6	638.51	1	-1	-1
602	6	846.22	1	-1	-1
602	6	620.33	1	-1	-1
602	6	642.7	1	-1	-1
602	6	630.76	1	-1	-1
602	6	609.7	1	-1	-1
602	6	904.49	1	-1	-1
602	6	572.64	1	-1	-1
602	6	620.07	1	-1	-1
602	6	537.07	1	-1	-1
602	6	605.34	1	-1	-1
602	6	598.34	1	-1	-1
602	6	534.01	1	-1	-1
602	6	929.21	1	-1	-1
602	6	710.18	1	-1	-1
602	6	611.59	1	-1	-1
602	6	538.63	1	-1	-1
602	6	553.98	1	-1	-1
602	6	604.52	1	-1	-1
602	6	488.84	1	-1	-1
602	6	699.02	1	-1	-1
602	6	570.55	1	-1	-1
602	6	849.39	1	-1	-1
602	6	582.07	1	-1	-1
602	6	904.4	1	-1	-1
602	6	597.66	1	-1	-1
602	6	511.17	1	-1	-1
602	6	915.9	1	-1	-1
602	6	857.33	1	-1	-1
602	6	690.48	1	-1	-1
602	6	571.65	1	-1	-1
602	6	585.6	1	-1	-1
602	6	592.32	1	-1	-1
602	6	568.49	1	-1	-1
602	6	548.06	1	-1	-1
602	6	1009.6	1	-1	-1
602	6	1185.8	1	-1	-1
602	6	947.92	1	-1	-1
602	6	895.36	1	-1	-1
602	6	600.91	1	-1	-1
602	6	824.31	1	-1	-1
602	6	499.14	1	-1	-1
602	6	613.39	1	-1	-1
602	6	531.26	1	-1	-1
602	6	655.39	1	-1	-1
602	6	602.77	1	-1	-1
602	6	573.6	1	-1	-1
602	6	504.33	1	-1	-1
602	6	743.23	1	-1	-1
602	6	595.35	1	-1	-1
602	6	690.71	1	-1	-1
602	6	640.41	1	-1	-1
602	6	608.28	1	-1	-1
602	6	653.06	1	-1	-1
602	6	607.84	1	-1	-1
602	6	671.91	1	-1	-1
602	6	890.97	1	-1	-1
602	6	716.99	1	-1	-1
602	6	606.32	1	-1	-1
602	6	663.78	1	-1	-1
602	6	615.92	1	-1	-1
602	6	561.22	1	-1	-1
602	6	533.79	1	-1	-1
602	6	605.83	1	-1	-1
602	6	522.25	1	-1	-1
602	6	598.81	1	-1	-1
602	6	834.82	1	-1	-1
602	6	556.05	1	-1	-1
602	6	575.2	1	-1	-1
602	6	577.96	1	-1	-1
602	6	557.26	1	-1	-1
602	6	508.35	1	-1	-1
602	6	525.59	1	-1	-1
602	6	503.73	1	-1	-1
602	6	677.79	1	-1	-1
602	6	779.02	1	-1	-1
602	6	520.96	1	-1	-1
602	6	554.23	1	-1	-1
602	6	509.55	1	-1	-1
602	6	499.32	1	-1	-1
602	6	529.76	1	-1	-1
602	6	550.95	1	-1	-1
602	6	815.36	1	-1	-1
602	6	898.99	1	-1	-1
602	6	579.85	1	-1	-1
602	6	520.53	1	-1	-1
602	6	519.87	1	-1	-1
602	6	526.55	1	-1	-1
602	6	999.96	1	-1	-1
602	6	496.93	1	-1	-1
602	6	560.77	1	-1	-1
602	6	536.4	1	-1	-1
602	6	518.23	1	-1	-1
602	6	663.14	1	-1	-1
602	6	496.27	1	-1	-1
602	6	549.55	1	-1	-1
602	6	508.51	1	-1	-1
602	6	511.13	1	-1	-1
602	6	777.68	1	-1	-1
602	6	570.57	1	-1	-1
602	6	505.52	1	-1	-1
602	6	607.38	1	-1	-1
602	6	533.95	1	-1	-1
602	6	577.84	1	-1	-1
602	6	845.16	1	-1	-1
602	6	586.03	1	-1	-1
602	6	484.11	1	-1	-1
602	6	533.9	1	-1	-1
602	6	445.77	1	-1	-1
602	6	468.29	1	-1	-1
602	6	516.96	1	-1	-1
602	6	564.24	1	-1	-1
602	6	555.54	1	-1	-1
602	6	635.94	1	-1	-1
602	6	582.27	1	-1	-1
602	6	516.36	1	-1	-1
602	6	803.33	1	-1	-1
602	6	576.62	1	-1	-1
602	6	519.46	1	-1	-1
602	6	482.68	1	-1	-1
602	6	606.43	1	-1	-1
602	6	510.09	1	-1	-1
602	6	823.21	1	-1	-1
602	6	666.91	1	-1	-1
602	6	457.33	1	-1	-1
602	6	508.43	1	-1	-1
602	6	480.18	1	-1	-1
602	6	543.7	1	-1	-1
602	6	525.19	1	-1	-1
602	6	524.64	1	-1	-1
602	6	505.88	1	-1	-1
602	6	592.87	1	-1	-1
602	6	666.62	1	-1	-1
602	6	667.25	1	-1	-1
602	6	500.08	1	-1	-1
602	6	780.99	1	-1	-1
602	6	661.51	1	-1	-1
602	6	1190.2	1	-1	-1
602	6	573.79	1	-1	-1
602	6	583.08	1	-1	-1
602	6	670.17	1	-1	-1
602	6	539.62	1	-1	-1
602	6	604.11	1	-1	-1
602	6	577.91	1	-1	-1
602	6	519.41	1	-1	-1
602	6	519.69	1	-1	-1
602	6	885.47	1	-1	-1
602	6	600.67	1	-1	-1
602	6	536.99	1	-1	-1
602	6	544.4	1	-1	-1
602	6	841.45	1	-1	-1
602	6	558.08	1	-1	-1
602	6	682.85	1	-1	-1
602	6	641.49	1	-1	-1
602	6	505.17	1	-1	-1
602	6	833.88	1	-1	-1
602	6	590.97	1	-1	-1
602	6	494.44	1	-1	-1
602	6	567.05	1	-1	-1
602	6	464.22	1	-1	-1
602	6	492.23	1	-1	-1
602	6	541.22	1	-1	-1
602	6	486.49	1	-1	-1
602	6	661.15	1	-1	-1
602	6	801.71	1	-1	-1
602	6	519.05	1	-1	-1
602	6	466.35	1	-1	-1
602	6	552.97	1	-1	-1
602	6	877.03	1	-1	-1
602	6	800.41	1	-1	-1
602	6	579.7	1	-1	-1
602	6	609.4	1	-1	-1
602	6	561.72	1	-1	-1
602	6	559.73	1	-1	-1
602	6	553.65	1	-1	-1
602	6	530.3	1	-1	-1
602	6	639.25	1	-1	-1
602	6	947.8	1	-1	-1
602	6	696.87	1	-1	-1
602	6	665.72	1	-1	-1
602	6	699.57	1	-1	-1
602	6	617.98	1	-1	-1
602	6	858.33	1	-1	-1
602	6	554.8	1	-1	-1
602	6	705.59	1	-1	-1
602	6	609.72	1	-1	-1
602	6	682.7	1	-1	-1
602	6	561.93	1	-1	-1
602	6	738.78	1	-1	-1
602	6	639.44	1	-1	-1
602	6	606.12	1	-1	-1
602	6	570.58	1	-1	-1
602	6	562.31	1	-1	-1
602	6	619.41	1	-1	-1
602	6	887.64	1	-1	-1
602	6	637.03	1	-1	-1
602	6	623.18	1	-1	-1
602	6	486.65	1	-1	-1
602	6	366.78	1	-1	-1
602	6	649.59	1	-1	-1
602	6	515.81	1	-1	-1
602	6	586.26	1	-1	-1
602	6	547.03	1	-1	-1
602	6	593.69	1	-1	-1
602	6	451.65	1	-1	-1
