501,1,8,1,1,1,1,0,1,1,1,1,1,0.75591
501,1,8,1,1,1,0,1,1,5,1,1,1,0.26755
501,1,8,1,1,0,1,0,0,1,9,1,2,0.67302
501,1,8,1,1,0,0,0,1,7,1,0,1,0.54354
501,1,8,1,1,0,1,1,0,7,5,0,1,0.4167
501,1,8,1,1,1,1,0,1,5,5,1,1,0.45718
501,1,8,1,1,1,0,1,0,9,7,1,1,0.50707
501,1,8,1,1,1,1,1,0,1,1,1,1,0.30967
501,1,8,1,1,0,1,1,0,5,7,0,1,0.33572
501,1,8,1,1,0,1,1,1,1,9,1,2,0.48082
501,1,8,1,1,1,1,1,1,5,5,1,1,0.35325
501,1,8,1,1,1,0,0,0,9,7,1,1,0.21581
501,1,8,1,1,0,1,1,1,1,9,1,2,0.2677
501,1,8,1,1,0,1,1,0,7,5,1,2,0.39882
501,1,8,1,1,1,1,1,1,1,1,1,1,0.43092
501,1,8,1,1,1,0,0,0,9,7,0,2,0.55438
501,1,8,1,1,0,1,0,0,7,5,0,1,0.53418
501,1,8,1,1,1,0,1,1,5,1,0,2,0.33386
501,1,8,1,1,1,1,1,1,1,1,0,2,0.64391
501,1,8,1,1,1,1,0,0,7,7,0,2,0.56233
501,1,8,1,1,1,0,1,0,9,7,1,1,0.35855
501,1,8,1,1,1,1,0,1,5,5,1,1,0.28802
501,1,8,1,1,0,1,0,0,7,5,0,1,0.28165
501,1,8,1,1,0,1,1,0,5,7,0,1,0.47421
501,1,8,1,1,1,1,0,0,7,7,1,1,0.52605
501,1,8,1,1,1,1,0,1,5,5,1,1,0.35527
501,1,8,1,1,1,1,0,1,5,5,1,1,0.11228
501,1,8,1,1,1,1,1,0,1,1,1,1,0.20004
501,1,8,1,1,1,1,0,1,1,1,0,2,0.49582
501,1,8,1,1,0,1,0,0,1,9,1,2,0.58175
501,1,8,1,1,0,0,0,1,7,1,0,1,0.61063
501,1,8,1,1,1,1,1,1,5,5,0,2,0.24988
501,2,6,1,1,0,0,1,0,5,9,0,1,0.45291
501,2,6,1,1,0,0,0,1,9,5,0,1,0.35188
501,2,6,1,1,0,0,0,1,1,7,0,1,0.32063
501,2,6,1,1,1,0,1,0,9,7,1,1,0.2601
501,2,6,1,1,0,0,0,0,7,1,1,2,0.56873
501,2,6,1,1,1,0,0,1,7,9,0,2,0.23334
501,2,6,1,1,1,0,0,1,9,7,1,1,0.42501
501,2,6,1,1,1,0,0,0,9,7,1,1,0.56591
501,2,6,1,1,1,0,1,0,7,9,0,2,0.5957
501,2,6,1,1,0,0,0,0,7,1,0,1,0.39882
501,2,6,1,1,1,1,1,1,5,5,0,2,0.63107
501,2,6,1,1,0,0,0,0,7,1,0,1,0.39481
501,2,6,1,1,0,0,1,1,5,9,0,1,0.15024
501,2,6,1,1,0,0,1,1,1,7,0,1,0.21883
501,2,6,1,1,1,1,1,0,1,1,1,1,0.38045
501,2,6,1,1,1,0,1,0,7,9,1,1,0.29207
501,2,6,1,1,1,0,0,0,9,7,0,2,0.5301
501,2,6,1,1,0,0,0,1,9,5,0,1,0.35212
501,2,6,1,1,0,0,1,1,5,9,1,2,0.35195
501,2,6,1,1,1,1,1,1,5,5,1,1,0.40321
501,2,6,1,1,0,1,0,0,7,5,1,2,0.53936
501,2,6,1,1,1,1,1,0,1,1,1,1,0.3121
501,2,6,1,1,0,0,0,0,7,1,1,2,0.3363
501,2,6,1,1,1,0,0,1,7,9,1,1,0.27108
501,2,6,1,1,0,1,0,0,7,5,1,2,0.26614
501,2,6,1,1,0,0,0,1,1,7,0,1,0.25391
501,2,6,1,1,0,0,1,1,5,9,1,2,0.50887
501,2,6,1,1,0,0,1,1,1,7,1,2,0.33492
501,2,6,1,1,1,0,1,0,9,7,1,1,0.38379
501,2,6,1,1,0,0,1,1,5,9,1,2,0.27585
501,2,6,1,1,0,0,1,0,5,9,1,2,0.18843
501,2,6,1,1,1,0,0,1,9,7,1,1,0.90385
501,3,11,1,0,0,1,1,0,7,5,1,2,0.85275
501,3,11,1,0,0,1,1,1,7,5,1,2,0.21011
501,3,11,1,0,1,0,0,0,1,7,0,2,0.96735
501,3,11,1,0,0,0,1,0,7,9,1,2,0.43055
501,3,11,1,0,1,0,0,0,9,5,0,2,0.91533
501,3,11,1,0,0,0,0,1,5,1,1,2,0.86395
501,3,11,1,0,0,1,1,1,5,7,1,2,0.29988
501,3,11,1,0,0,1,0,1,1,9,1,2,1.2348
501,3,11,1,0,0,0,0,0,9,7,1,2,0.62196
501,3,11,1,0,1,0,0,0,1,7,0,2,0.87598
501,3,11,1,0,0,0,0,1,7,9,1,2,0.5833
501,3,11,1,0,0,0,0,1,5,1,1,2,0.41608
501,3,11,1,0,0,1,1,0,7,5,1,2,1.2322
501,3,11,1,0,1,1,0,0,5,5,0,2,0.82558
501,3,11,1,0,0,0,1,1,7,9,1,2,0.35289
501,3,11,1,0,0,0,0,1,7,9,1,2,0.79337
501,3,11,1,0,1,1,0,1,7,7,0,2,0.49932
501,3,11,1,0,0,1,1,0,7,5,1,2,1.2396
501,3,11,1,0,0,0,1,0,7,9,1,2,0.35185
501,3,11,1,0,1,0,1,0,7,1,1,1,0.34657
501,3,11,1,0,1,0,1,1,1,7,1,1,0.40899
501,3,11,1,0,0,1,0,1,1,9,1,2,0.4731
501,3,11,1,0,0,0,0,0,9,7,1,2,0.40261
501,3,11,1,0,1,0,0,0,9,5,0,2,0.86259
501,3,11,1,0,1,0,1,0,7,1,1,1,0.26191
501,3,11,1,0,0,1,1,0,7,5,1,2,0.32785
501,3,11,1,0,1,1,0,1,7,7,0,2,0.60584
501,3,11,1,0,0,1,1,1,5,7,1,2,0.34381
501,3,11,1,0,1,1,0,0,5,5,0,2,1.0765
501,3,11,1,0,0,0,1,1,7,9,1,2,0.27468
501,3,11,1,0,0,1,1,1,7,5,1,2,0.28608
501,3,11,1,0,1,0,1,1,1,7,1,1,0.29564
501,4,3,1,0,1,1,0,1,9,9,0,2,0.71282
501,4,3,1,0,0,0,1,1,5,1,1,2,0.12476
501,4,3,1,0,1,1,0,1,9,9,0,2,0.45227
501,4,3,1,0,0,1,1,1,7,5,1,2,0.10274
501,4,3,1,0,1,0,1,0,1,7,0,2,0.38389
501,4,3,1,0,0,1,0,1,5,7,1,2,0.68658
501,4,3,1,0,0,0,0,0,5,1,1,2,0.64606
501,4,3,1,0,1,1,1,1,5,5,1,1,0.59384
501,4,3,1,0,0,1,0,1,5,7,1,2,0.87077
501,4,3,1,0,1,1,0,1,5,5,0,2,0.84492
501,4,3,1,0,1,0,0,0,5,9,0,2,0.80433
501,4,3,1,0,1,1,1,0,9,9,1,1,0.70967
501,4,3,1,0,1,1,1,1,5,5,1,1,0.40448
501,4,3,1,0,1,1,1,0,5,5,1,1,0.5974
501,4,3,1,0,1,1,1,0,9,9,1,1,0.22838
501,4,3,1,0,1,0,0,0,5,9,0,2,0.61184
501,4,3,1,0,0,0,1,1,5,1,1,2,0.56989
501,4,3,1,0,0,0,0,1,9,7,1,2,0.70197
501,4,3,1,0,1,1,1,0,5,5,1,1,0.43496
501,4,3,1,0,0,0,0,1,9,7,1,2,0.66962
501,4,3,1,0,1,0,1,1,5,9,1,1,0.79955
501,4,3,1,0,0,0,0,0,5,1,1,2,0.75572
501,4,3,1,0,1,1,0,1,5,5,1,1,0.74582
501,4,3,1,0,0,1,0,0,9,1,1,2,0.74654
501,4,3,1,0,1,0,0,0,5,9,1,1,0.78299
501,4,3,1,0,1,0,1,0,1,7,1,1,0.36412
501,4,3,1,0,1,0,1,1,5,9,1,1,0.17917
501,4,3,1,0,0,1,0,0,9,1,1,2,0.92088
501,4,3,1,0,1,0,0,0,5,9,0,2,0.6695
501,4,3,1,0,0,1,1,1,7,5,1,2,0.25432
501,4,3,1,0,1,0,1,0,1,7,1,1,0.33402
501,4,3,1,0,1,0,1,0,1,7,1,1,0.24879
501,5,5,1,0,0,0,0,0,7,9,0,1,1.0258
501,5,5,1,0,1,1,1,1,7,7,1,1,0.25617
501,5,5,1,0,0,0,1,1,1,5,1,2,0.18831
501,5,5,1,0,0,1,0,1,1,9,1,2,0.75945
501,5,5,1,0,0,1,0,0,1,9,1,2,0.54753
501,5,5,1,0,1,1,1,1,7,7,1,1,0.36426
501,5,5,1,0,1,0,1,0,9,5,0,2,0.43948
501,5,5,1,0,1,0,1,1,1,7,1,1,0.26881
501,5,5,1,0,1,1,0,1,7,7,1,1,0.57033
501,5,5,1,0,1,0,1,0,9,5,0,2,0.35205
501,5,5,1,0,0,0,1,1,1,5,1,2,0.22746
501,5,5,1,0,0,1,0,1,7,5,1,2,0.78845
501,5,5,1,0,1,0,1,0,9,5,1,1,0.40334
501,5,5,1,0,1,1,1,0,7,7,1,1,0.39241
501,5,5,1,0,0,1,0,1,1,9,0,1,0.45179
501,5,5,1,0,1,1,0,1,7,7,1,1,0.52793
501,5,5,1,0,1,1,0,0,9,9,0,2,0.531
501,5,5,1,0,0,1,0,1,7,5,0,1,0.43089
501,5,5,1,0,1,1,0,0,9,9,0,2,0.7708
501,5,5,1,0,1,0,0,0,1,7,1,1,0.32073
501,5,5,1,0,1,1,1,1,7,7,1,1,0.17246
501,5,5,1,0,1,0,0,0,1,7,1,1,0.37988
501,5,5,1,0,1,1,1,1,7,7,1,1,0.43443
501,5,5,1,0,1,0,1,0,9,5,1,1,0.4787
501,5,5,1,0,1,1,1,0,5,5,1,1,0.27393
501,5,5,1,0,1,1,1,0,5,5,1,1,0.18015
501,5,5,1,0,0,1,0,1,7,5,0,1,0.4217
501,5,5,1,0,0,0,0,0,7,9,0,1,0.4738
501,5,5,1,0,0,1,0,1,7,5,1,2,0.89747
501,5,5,1,0,1,0,1,1,1,7,1,1,0.22616
501,5,5,1,0,0,1,0,0,1,9,1,2,0.27692
501,5,5,1,0,1,1,1,0,7,7,1,1,0.196
501,6,1,1,0,0,1,0,1,9,1,1,2,0.52638
501,6,1,1,0,0,1,1,0,1,9,1,2,0.49457
501,6,1,1,0,0,0,1,1,9,7,1,2,0.33646
501,6,1,1,0,0,1,0,1,9,1,1,2,0.58531
501,6,1,1,0,1,0,0,0,7,1,0,2,0.5066
501,6,1,1,0,0,0,1,1,9,7,1,2,0.16155
501,6,1,1,0,0,0,0,1,5,1,1,2,0.21717
501,6,1,1,0,1,1,0,0,1,1,0,2,0.38106
501,6,1,1,0,1,1,0,1,9,9,0,2,0.25374
501,6,1,1,0,0,1,1,0,1,9,1,2,0.50145
501,6,1,1,0,0,1,1,1,1,9,1,2,0.093521
501,6,1,1,0,1,0,1,0,5,9,1,1,0.27008
501,6,1,1,0,0,0,0,0,5,1,1,2,0.29339
501,6,1,1,0,1,0,1,0,5,9,1,1,0.30254
501,6,1,1,0,1,1,0,1,9,9,0,2,0.2583
501,6,1,1,0,0,0,1,0,5,1,1,2,0.37579
501,6,1,1,0,1,0,0,1,7,1,1,1,0.44496
501,6,1,1,0,0,0,0,0,5,1,1,2,0.34606
501,6,1,1,0,0,0,1,1,5,1,1,2,0.47747
501,6,1,1,0,1,0,1,0,5,9,1,1,0.23927
501,6,1,1,0,1,0,1,0,5,9,1,1,0.30524
501,6,1,1,0,0,1,0,0,7,5,1,2,0.57369
501,6,1,1,0,1,0,0,0,7,1,1,1,0.55707
501,6,1,1,0,1,0,0,1,7,1,1,1,0.25034
501,6,1,1,0,0,0,1,1,5,1,1,2,0.31893
501,6,1,1,0,0,0,1,0,5,1,1,2,0.11553
501,6,1,1,0,0,0,0,1,5,1,1,2,0.25731
501,6,1,1,0,0,1,0,0,7,5,1,2,0.28883
501,6,1,1,0,1,1,1,1,1,1,1,1,0.28117
501,6,1,1,0,1,1,0,0,1,1,0,2,0.39926
501,6,1,1,0,0,1,1,1,1,9,1,2,0.18002
501,6,1,1,0,1,1,1,1,1,1,1,1,0.21771
501,7,4,1,1,0,0,1,0,1,7,0,1,0.29809
501,7,4,1,1,0,0,0,0,5,9,0,1,0.60385
501,7,4,1,1,0,0,0,1,5,9,1,2,0.38183
501,7,4,1,1,1,0,0,0,7,9,0,2,0.47392
501,7,4,1,1,1,1,0,1,9,9,1,1,0.22456
501,7,4,1,1,0,1,1,1,5,7,1,2,0.22054
501,7,4,1,1,1,1,1,0,9,9,1,1,0.21878
501,7,4,1,1,1,1,0,1,1,1,1,1,0.44384
501,7,4,1,1,1,1,0,1,9,9,1,1,0.22263
501,7,4,1,1,1,1,1,1,9,9,1,1,0.1257
501,7,4,1,1,1,0,0,1,1,5,1,1,0.25996
501,7,4,1,1,0,1,1,1,5,7,1,2,0.16244
501,7,4,1,1,0,0,0,0,9,5,1,2,0.32567
501,7,4,1,1,1,0,0,1,1,5,0,2,0.2463
501,7,4,1,1,0,1,1,1,1,9,1,2,0.092467
501,7,4,1,1,1,1,0,1,1,1,1,1,0.55147
501,7,4,1,1,0,0,1,0,5,9,1,2,0.40865
501,7,4,1,1,1,1,1,1,9,9,0,2,0.14783
501,7,4,1,1,0,0,1,0,1,7,1,2,0.53652
501,7,4,1,1,1,0,1,1,7,9,1,1,0.19105
501,7,4,1,1,0,0,0,0,5,9,1,2,0.36421
501,7,4,1,1,1,1,0,0,5,5,1,1,0.30669
501,7,4,1,1,1,0,1,0,7,9,1,1,0.24472
501,7,4,1,1,0,0,0,0,9,5,1,2,0.39029
501,7,4,1,1,0,0,0,1,5,9,1,2,0.40564
501,7,4,1,1,1,1,0,0,5,5,1,1,0.35654
501,7,4,1,1,1,1,1,0,9,9,1,1,0.25682
501,7,4,1,1,1,0,1,0,7,9,1,1,0.19725
501,7,4,1,1,0,0,1,0,5,9,1,2,0.20749
501,7,4,1,1,0,1,1,1,1,9,1,2,0.040504
501,7,4,1,1,1,0,0,0,7,9,1,1,0.53009
501,7,4,1,1,1,0,1,1,7,9,0,2,0.18754
501,8,14,1,1,0,1,0,1,7,5,0,1,0.4297
501,8,14,1,1,0,0,1,0,7,1,1,2,0.36324
501,8,14,1,1,0,0,1,1,9,5,1,2,0.18916
501,8,14,1,1,1,0,0,0,5,1,1,1,0.27794
501,8,14,1,1,1,1,0,1,9,9,1,1,0.20788
501,8,14,1,1,0,1,1,1,9,1,1,2,0.26971
501,8,14,1,1,0,0,0,1,5,9,1,2,0.34407
501,8,14,1,1,0,1,0,1,7,5,1,2,0.18961
501,8,14,1,1,0,0,0,0,9,5,1,2,0.24297
501,8,14,1,1,1,0,1,0,5,1,1,1,0.30789
501,8,14,1,1,0,1,1,0,7,5,1,2,0.17043
501,8,14,1,1,1,1,0,1,9,9,1,1,0.2229
501,8,14,1,1,1,0,0,0,5,1,1,1,0.22476
501,8,14,1,1,1,1,1,0,9,9,1,1,0.11329
501,8,14,1,1,0,0,1,0,7,1,1,2,0.16006
501,8,14,1,1,0,0,0,1,5,9,0,1,0.18465
501,8,14,1,1,0,0,0,1,9,5,1,2,0.17207
501,8,14,1,1,1,1,0,0,1,1,1,1,0.23053
501,8,14,1,1,0,0,0,1,9,5,1,2,0.23341
501,8,14,1,1,0,0,0,0,9,5,1,2,0.21811
501,8,14,1,1,1,1,1,0,9,9,1,1,0.16799
501,8,14,1,1,1,1,0,0,1,1,1,1,0.32682
501,8,14,1,1,0,1,1,0,7,5,0,1,0.14145
501,8,14,1,1,1,0,1,0,5,1,1,1,0.16218
501,8,14,1,1,1,0,1,1,5,1,1,1,0.22906
501,8,14,1,1,0,1,0,0,9,1,1,2,0.21268
501,8,14,1,1,1,0,1,1,1,5,1,1,0.13063
501,8,14,1,1,0,0,1,1,9,5,1,2,0.15379
501,8,14,1,1,0,1,0,0,9,1,1,2,0.23593
501,8,14,1,1,1,0,1,1,5,1,1,1,0.099524
501,8,14,1,1,0,1,1,1,9,1,1,2,0.16334
501,8,14,1,1,1,0,1,1,1,5,1,1,0.17125
501,9,10,1,1,0,1,0,1,9,1,1,2,0.177
501,9,10,1,1,1,1,1,0,7,7,1,1,0.16321
501,9,10,1,1,0,0,0,0,1,7,0,1,0.1548
501,9,10,1,1,1,1,1,0,7,7,1,1,0.16969
501,9,10,1,1,0,0,0,0,1,7,1,2,0.22756
501,9,10,1,1,0,1,1,1,7,5,1,2,0.18582
501,9,10,1,1,1,0,0,1,7,9,1,1,0.1482
501,9,10,1,1,0,0,1,0,1,7,0,1,0.20193
501,9,10,1,1,0,0,1,1,9,5,1,2,0.31828
501,9,10,1,1,0,1,1,0,5,7,0,1,0.25703
501,9,10,1,1,0,1,1,1,7,5,1,2,0.10024
501,9,10,1,1,1,1,0,1,7,7,1,1,0.1057
501,9,10,1,1,1,1,0,1,7,7,1,1,0.17778
501,9,10,1,1,0,1,0,1,7,5,1,2,0.13239
501,9,10,1,1,1,1,1,1,7,7,0,2,0.08778
501,9,10,1,1,0,0,1,0,1,7,0,1,0.18153
501,9,10,1,1,1,0,0,0,1,5,1,1,0.19846
501,9,10,1,1,0,1,1,0,5,7,1,2,0.23926
501,9,10,1,1,1,1,1,0,7,7,1,1,0.084813
501,9,10,1,1,0,1,0,1,9,1,1,2,0.24954
501,9,10,1,1,1,0,0,0,1,5,0,2,0.37782
501,9,10,1,1,1,0,0,1,7,9,1,1,0.11172
501,9,10,1,1,1,1,1,1,7,7,1,1,0.045933
501,9,10,1,1,1,0,1,1,7,9,1,1,0.058022
501,9,10,1,1,1,1,0,0,5,5,1,1,0.13841
501,9,10,1,1,0,1,0,1,7,5,1,2,0.20438
501,9,10,1,1,1,0,1,1,7,9,1,1,0.08965
501,9,10,1,1,0,0,0,0,1,7,0,1,0.20462
501,9,10,1,1,0,0,1,1,9,5,1,2,0.12155
501,9,10,1,1,0,0,0,0,1,7,1,2,0.29852
501,9,10,1,1,1,1,1,0,7,7,1,1,0.25848
501,9,10,1,1,1,1,0,0,5,5,1,1,0.24342
501,10,2,1,1,1,0,0,1,1,5,1,1,0.19038
501,10,2,1,1,0,1,0,0,1,9,0,1,0.078022
501,10,2,1,1,1,0,0,0,1,5,1,1,0.10025
501,10,2,1,1,1,0,1,0,1,5,1,1,0.12174
501,10,2,1,1,0,0,1,1,7,1,0,1,0.07488
501,10,2,1,1,0,0,0,0,5,9,1,2,0.31389
501,10,2,1,1,1,0,1,1,1,5,0,2,0.24913
501,10,2,1,1,1,0,0,1,9,7,1,1,0.11542
501,10,2,1,1,0,1,0,1,1,9,0,1,0.11462
501,10,2,1,1,0,1,1,1,5,7,1,2,0.25463
501,10,2,1,1,1,0,1,1,1,5,1,1,0.18067
501,10,2,1,1,1,0,1,0,1,5,1,1,0.095484
501,10,2,1,1,0,1,0,0,5,7,0,1,0.16803
501,10,2,1,1,0,1,0,0,5,7,0,1,0.17264
501,10,2,1,1,1,1,1,0,5,5,1,1,0.146
501,10,2,1,1,0,0,0,0,5,9,0,1,0.13936
501,10,2,1,1,0,1,1,0,9,1,1,2,0.25579
501,10,2,1,1,0,1,0,1,1,9,1,2,0.22033
501,10,2,1,1,1,1,1,0,5,5,1,1,0.22342
501,10,2,1,1,1,0,0,1,1,5,0,2,0.12441
501,10,2,1,1,0,1,0,1,1,9,1,2,0.16501
501,10,2,1,1,0,0,1,1,7,1,1,2,0.12327
501,10,2,1,1,1,0,0,1,9,7,1,1,0.28826
501,10,2,1,1,0,0,1,1,7,1,1,2,0.11734
501,10,2,1,1,1,0,1,0,1,5,1,1,0.13604
501,10,2,1,1,0,1,0,1,1,9,1,2,0.049802
501,10,2,1,1,0,1,1,0,9,1,0,1,0.2406
501,10,2,1,1,0,1,0,0,1,9,1,2,0.2101
501,10,2,1,1,0,1,1,1,5,7,1,2,0.2551
501,10,2,1,1,1,0,0,0,1,5,0,2,0.13888
501,10,2,1,1,0,0,1,1,7,1,1,2,0.12223
501,10,2,1,1,1,0,1,0,1,5,1,1,0.25339
501,11,16,1,1,1,0,1,0,5,1,1,1,0.36109
501,11,16,1,1,1,0,0,1,5,1,1,1,0.10377
501,11,16,1,1,0,1,0,0,5,7,1,2,0.1845
501,11,16,1,1,0,1,1,0,1,9,0,1,0.19645
501,11,16,1,1,0,1,1,1,7,5,1,2,0.12852
501,11,16,1,1,1,1,1,1,9,9,1,1,0.27507
501,11,16,1,1,0,1,0,0,5,7,1,2,0.15943
501,11,16,1,1,1,0,1,0,5,1,0,2,0.39886
501,11,16,1,1,1,1,0,1,7,7,1,1,0.16707
501,11,16,1,1,1,1,0,0,1,1,0,2,0.14316
501,11,16,1,1,0,1,0,1,5,7,0,1,0.15755
501,11,16,1,1,0,1,0,1,5,7,1,2,0.20691
501,11,16,1,1,0,1,1,0,1,9,0,1,0.11712
501,11,16,1,1,1,0,0,0,5,1,1,1,0.21555
501,11,16,1,1,1,1,0,0,9,9,1,1,0.1505
501,11,16,1,1,1,1,0,1,7,7,1,1,0.15496
501,11,16,1,1,1,0,1,1,9,7,1,1,0.092626
501,11,16,1,1,1,0,0,0,5,1,1,1,0.20988
501,11,16,1,1,1,0,1,1,9,7,1,1,0.054004
501,11,16,1,1,0,1,1,1,7,5,1,2,0.12624
501,11,16,1,1,1,1,0,0,9,9,1,1,0.24653
501,11,16,1,1,1,1,1,0,5,5,1,1,0.24128
501,11,16,1,1,0,0,1,0,9,5,1,2,0.15746
501,11,16,1,1,0,1,0,1,9,1,0,1,0.12938
501,11,16,1,1,1,1,0,0,1,1,1,1,0.23306
501,11,16,1,1,1,1,1,0,5,5,1,1,0.1418
501,11,16,1,1,1,1,1,1,9,9,1,1,0.11236
501,11,16,1,1,1,0,0,1,5,1,1,1,0.12295
501,11,16,1,1,1,0,1,1,9,7,1,1,0.27379
501,11,16,1,1,0,1,0,1,9,1,0,1,0.2193
501,11,16,1,1,0,0,1,0,9,5,0,1,0.15754
501,11,16,1,1,1,0,1,1,9,7,1,1,0.026073
501,12,7,1,0,1,1,0,0,5,5,0,2,0.60035
501,12,7,1,0,1,1,1,0,1,1,1,1,0.20915
501,12,7,1,0,0,0,0,1,9,7,1,2,0.39137
501,12,7,1,0,1,1,1,0,1,1,1,1,0.25286
501,12,7,1,0,1,1,1,0,1,1,1,1,0.22035
501,12,7,1,0,0,1,0,1,5,7,1,2,0.85601
501,12,7,1,0,1,0,1,1,9,5,1,1,0.20504
501,12,7,1,0,1,0,0,1,5,9,0,2,0.33229
501,12,7,1,0,1,1,0,0,5,5,0,2,0.57227
501,12,7,1,0,0,0,0,0,1,5,0,1,0.41199
501,12,7,1,0,0,1,0,0,5,7,1,2,0.44479
501,12,7,1,0,0,0,0,1,1,5,1,2,0.21946
501,12,7,1,0,0,0,0,0,1,5,0,1,0.58782
501,12,7,1,0,1,1,1,0,1,1,1,1,0.22147
501,12,7,1,0,1,0,1,1,9,5,1,1,0.15382
501,12,7,1,0,0,0,1,0,1,5,1,2,0.33085
501,12,7,1,0,0,0,1,0,9,7,1,2,0.34895
501,12,7,1,0,1,1,1,1,9,9,1,1,0.40171
501,12,7,1,0,0,1,0,1,5,7,1,2,0.53715
501,12,7,1,0,0,1,1,1,9,1,1,2,0.18631
501,12,7,1,0,0,1,1,1,9,1,1,2,0.25284
501,12,7,1,0,1,1,1,1,9,9,1,1,0.39535
501,12,7,1,0,0,0,1,0,9,7,1,2,0.31135
501,12,7,1,0,1,1,0,0,7,7,0,2,0.2572
501,12,7,1,0,1,0,0,1,5,9,0,2,0.37714
501,12,7,1,0,0,1,0,0,5,7,1,2,0.23277
501,12,7,1,0,1,0,1,1,7,1,0,2,0.41076
501,12,7,1,0,0,0,0,1,1,5,1,2,0.28314
501,12,7,1,0,1,0,1,1,7,1,1,1,0.3941
501,12,7,1,0,1,1,0,0,7,7,0,2,0.49418
501,12,7,1,0,0,0,0,1,9,7,1,2,0.37112
501,12,7,1,0,0,0,1,0,1,5,1,2,0.36957
501,13,13,1,0,1,0,1,0,7,1,1,1,0.28537
501,13,13,1,0,1,1,1,0,9,9,1,1,0.21345
501,13,13,1,0,0,0,0,0,7,9,1,2,0.56652
501,13,13,1,0,1,1,0,1,1,1,1,1,0.50455
501,13,13,1,0,1,1,1,1,5,5,1,1,0.26438
501,13,13,1,0,0,0,1,0,7,9,1,2,0.37168
501,13,13,1,0,0,0,0,0,1,5,0,1,0.69711
501,13,13,1,0,0,0,0,0,1,5,1,2,0.27326
501,13,13,1,0,0,1,0,0,1,9,1,2,0.20055
501,13,13,1,0,0,1,0,0,1,9,0,1,0.59569
501,13,13,1,0,1,1,1,0,7,7,1,1,0.27669
501,13,13,1,0,1,0,0,1,9,5,0,2,0.276
501,13,13,1,0,1,1,1,1,5,5,1,1,0.24864
501,13,13,1,0,1,1,1,0,7,7,1,1,0.30488
501,13,13,1,0,1,0,1,0,7,1,1,1,0.17062
501,13,13,1,0,0,1,1,1,9,1,1,2,0.28692
501,13,13,1,0,1,1,1,1,1,1,1,1,0.16921
501,13,13,1,0,1,0,0,1,9,5,0,2,0.32345
501,13,13,1,0,1,1,1,0,9,9,1,1,0.24773
501,13,13,1,0,1,1,0,1,1,1,1,1,0.4273
501,13,13,1,0,0,0,1,0,7,9,1,2,0.25677
501,13,13,1,0,1,1,0,0,7,7,1,1,0.59419
501,13,13,1,0,1,0,1,1,7,1,1,1,0.11841
501,13,13,1,0,1,1,0,1,5,5,0,2,0.31824
501,13,13,1,0,1,1,0,0,7,7,0,2,0.24021
501,13,13,1,0,1,0,1,1,7,1,1,1,0.14253
501,13,13,1,0,0,1,1,1,9,1,1,2,0.18264
501,13,13,1,0,0,1,0,1,9,1,1,2,0.34725
501,13,13,1,0,1,1,0,1,5,5,0,2,0.19547
501,13,13,1,0,0,0,0,0,7,9,0,1,0.37669
501,13,13,1,0,1,1,1,1,1,1,1,1,0.22642
501,13,13,1,0,0,1,0,1,9,1,1,2,0.24316
501,14,12,1,1,1,0,0,1,5,1,1,1,0.30565
501,14,12,1,1,1,1,1,1,1,1,1,1,0.11716
501,14,12,1,1,1,1,0,0,9,9,1,1,0.329
501,14,12,1,1,0,1,1,0,1,9,1,2,0.085938
501,14,12,1,1,0,1,1,0,9,1,0,1,0.22177
501,14,12,1,1,1,0,0,0,7,9,1,1,0.24172
501,14,12,1,1,0,0,0,1,1,7,1,2,0.37149
501,14,12,1,1,0,0,1,0,7,1,1,2,0.22024
501,14,12,1,1,0,1,1,0,1,9,1,2,0.1232
501,14,12,1,1,1,1,0,0,7,7,0,2,0.1974
501,14,12,1,1,0,0,1,0,9,5,1,2,0.19269
501,14,12,1,1,0,0,1,0,9,5,1,2,0.19071
501,14,12,1,1,0,1,0,1,5,7,1,2,0.060755
501,14,12,1,1,0,0,0,1,7,1,1,2,0.13568
501,14,12,1,1,0,0,0,1,1,7,1,2,0.066376
501,14,12,1,1,0,1,0,1,5,7,1,2,0.060013
501,14,12,1,1,0,1,0,0,9,1,0,1,0.18355
501,14,12,1,1,0,1,0,0,9,1,1,2,0.18314
501,14,12,1,1,0,0,0,1,7,1,1,2,0.10068
501,14,12,1,1,1,1,1,1,7,7,1,1,0.095822
501,14,12,1,1,0,1,1,1,9,1,1,2,0.11192
501,14,12,1,1,1,1,1,1,7,7,1,1,0.079553
501,14,12,1,1,0,0,1,1,1,7,1,2,0.08145
501,14,12,1,1,1,1,0,0,9,9,0,2,0.27122
501,14,12,1,1,0,1,1,0,9,1,0,1,0.19678
501,14,12,1,1,1,1,1,1,1,1,1,1,0.090037
501,14,12,1,1,0,0,1,1,1,7,1,2,0.11816
501,14,12,1,1,1,0,0,0,7,9,1,1,0.28997
501,14,12,1,1,1,1,0,0,7,7,1,1,0.15009
501,14,12,1,1,1,0,0,1,5,1,1,1,0.20623
501,14,12,1,1,0,1,1,1,9,1,1,2,0.13754
501,14,12,1,1,0,0,1,0,7,1,0,1,0.15743
501,15,15,1,0,0,1,0,0,7,5,1,2,0.53633
501,15,15,1,0,1,1,0,0,1,1,0,2,0.40979
501,15,15,1,0,0,0,1,0,1,5,1,2,0.23246
501,15,15,1,0,0,0,1,1,9,7,1,2,0.2358
501,15,15,1,0,0,0,1,0,5,1,1,2,0.1236
501,15,15,1,0,1,1,0,1,1,1,1,1,0.11956
501,15,15,1,0,1,0,0,1,7,1,1,1,0.11227
501,15,15,1,0,0,0,1,0,1,5,1,2,0.2346
501,15,15,1,0,1,0,1,1,9,5,0,2,0.14532
501,15,15,1,0,1,0,0,1,9,5,0,2,0.36622
501,15,15,1,0,1,0,0,1,9,5,0,2,0.29242
501,15,15,1,0,0,0,0,0,9,7,1,2,0.31937
501,15,15,1,0,0,0,0,0,9,7,1,2,0.33166
501,15,15,1,0,0,0,1,0,5,1,0,1,0.23626
501,15,15,1,0,1,1,0,0,9,9,0,2,0.32348
501,15,15,1,0,1,0,0,1,1,7,1,1,0.21753
501,15,15,1,0,0,1,1,0,5,7,1,2,0.22786
501,15,15,1,0,0,0,1,1,7,9,1,2,0.22716
501,15,15,1,0,0,1,1,0,9,1,1,2,0.20513
501,15,15,1,0,1,0,0,1,7,1,1,1,0.15777
501,15,15,1,0,0,1,1,0,5,7,1,2,0.14816
501,15,15,1,0,1,1,0,1,1,1,1,1,0.049397
501,15,15,1,0,1,1,1,1,9,9,0,2,0.10339
501,15,15,1,0,0,0,1,1,7,9,1,2,0.16974
501,15,15,1,0,0,0,1,1,9,7,0,1,0.15785
501,15,15,1,0,1,1,0,0,9,9,0,2,0.35516
501,15,15,1,0,1,0,0,1,1,7,1,1,0.30053
501,15,15,1,0,0,1,1,0,9,1,1,2,0.21062
501,15,15,1,0,1,1,0,0,1,1,1,1,0.21573
501,15,15,1,0,1,1,1,1,9,9,1,1,0.24828
501,15,15,1,0,1,0,1,1,9,5,1,1,0.26117
501,15,15,1,0,0,1,0,0,7,5,0,1,0.24427
501,16,9,1,0,1,0,0,0,7,1,1,1,0.2473
501,16,9,1,0,0,1,0,0,5,7,0,1,0.30022
501,16,9,1,0,0,1,0,0,5,7,1,2,0.32748
501,16,9,1,0,0,0,0,1,7,9,1,2,0.085268
501,16,9,1,0,0,1,1,0,5,7,0,1,0.20974
501,16,9,1,0,0,0,1,1,1,5,1,2,0.18301
501,16,9,1,0,0,0,1,0,9,7,1,2,0.17464
501,16,9,1,0,0,1,1,0,5,7,1,2,0.26576
501,16,9,1,0,1,0,1,1,5,9,1,1,0.15738
501,16,9,1,0,0,1,1,1,1,9,1,2,0.15872
501,16,9,1,0,0,1,1,0,1,9,1,2,0.16758
501,16,9,1,0,0,1,1,0,9,1,1,2,0.15713
501,16,9,1,0,1,0,0,1,1,7,1,1,0.31843
501,16,9,1,0,0,1,1,0,1,9,1,2,0.086275
501,16,9,1,0,0,0,1,1,1,5,1,2,0.11791
501,16,9,1,0,0,0,0,1,1,5,0,1,0.25164
501,16,9,1,0,0,1,0,0,9,1,1,2,0.28636
501,16,9,1,0,1,0,0,0,7,1,1,1,0.2512
501,16,9,1,0,0,0,0,1,7,9,0,1,0.18038
501,16,9,1,0,0,0,1,0,9,7,1,2,0.1272
501,16,9,1,0,0,1,1,1,5,7,1,2,0.15412
501,16,9,1,0,0,1,0,0,9,1,1,2,0.24538
501,16,9,1,0,0,1,1,0,9,1,1,2,0.065547
501,16,9,1,0,0,1,1,1,5,7,1,2,0.070948
501,16,9,1,0,1,0,0,0,9,5,0,2,0.14387
501,16,9,1,0,0,0,0,1,1,5,0,1,0.23444
501,16,9,1,0,1,0,1,1,5,9,1,1,0.1667
501,16,9,1,0,1,0,0,1,1,7,0,2,0.19544
501,16,9,1,0,1,0,0,0,9,5,1,1,0.24616
501,16,9,1,0,1,0,0,1,5,9,1,1,0.20936
501,16,9,1,0,1,0,0,1,5,9,1,1,0.18171
501,16,9,1,0,0,1,1,1,1,9,1,2,0.10786
